tourney_id,tourney_name,surface,draw_size,tourney_level,indoor,tourney_date,match_num,winner_id,winner_seed,winner_entry,winner_name,winner_hand,winner_ht,winner_ioc,winner_age,winner_rank,winner_rank_points,loser_id,loser_seed,loser_entry,loser_name,loser_hand,loser_ht,loser_ioc,loser_age,loser_rank,loser_rank_points,score,best_of,round,minutes,w_ace,w_df,w_svpt,w_1stIn,w_1stWon,w_2ndWon,w_SvGms,w_bpSaved,w_bpFaced,l_ace,l_df,l_svpt,l_1stIn,l_1stWon,l_2ndWon,l_SvGms,l_bpSaved,l_bpFaced
2021-7083,Istanbul,Hard,32,C,,20210124,1,D994,1,,James Duckworth,R,183,AUS,29.01,104,709,GA79,,,Lorenzo Giustino,R,180,ITA,29.374,151,433,7-5 6-1,3,R32,,,,,,,,,,,,,,,,,,,
2021-7083,Istanbul,Hard,32,C,,20210124,2,A829,2,,Radu Albot,R,175,MDA,31.203,85,817,E690,,,Matthew Ebden,R,188,AUS,33.164,319,141,6-4 1-6 6-1,3,R32,,,,,,,,,,,,,,,,,,,
2021-7083,Istanbul,Hard,32,C,,20210124,3,GH92,,,Borna Gojo,R,196,CRO,22.908,223,258,GE33,3,,Daniel Elahi Galan,R,191,COL,24.602,115,619,6-4 3-6 6-2,3,R32,83,5,0,69,51,41,10,11,2,2,4,1,72,43,32,13,10,3,4
2021-7083,Istanbul,Hard,32,C,,20210124,4,U134,4,,Yasutaka Uchiyama,R,183,JPN,28.471,105,701,MI01,,,Hiroki Moriya,R,168,JPN,30.275,241,234,6-3 3-6 6-3,3,R32,,,,,,,,,,,,,,,,,,,
2021-7083,Istanbul,Hard,32,C,,20210124,5,PG94,5,,Marc Polmans,R,188,AUS,23.732,124,546,KI91,,,Koray Kirci,R,185,TUR,22.439,953,13,6-3 6-2,3,R32,,,,,,,,,,,,,,,,,,,
2021-7083,Istanbul,Hard,32,C,,20210124,6,D864,6,,Evgeny Donskoy,R,185,RUS,30.713,122,548,KB54,,,Andrey Kuznetsov,R,183,RUS,29.922,520,63,7-6(4) 6-1,3,R32,,,,,,,,,,,,,,,,,,,
2021-7083,Istanbul,Hard,32,C,,20210124,7,ME89,7,,Illya Marchenko,R,185,UKR,33.38,215,281,F586,,,Thomas Fabbiano,R,173,ITA,31.666,173,379,7-5 6-2,3,R32,,,,,,,,,,,,,,,,,,,
2021-7083,Istanbul,Hard,32,C,,20210124,8,BU54,,,Geoffrey Blancaneaux,R,180,FRA,22.464,286,182,LC12,,,Laurent Lokoli,R,188,FRA,26.27,382,108,4-6 7-6(5) 6-1,3,R32,,,,,,,,,,,,,,,,,,,
2021-7083,Istanbul,Hard,32,C,,20210124,9,GF95,,,Hugo Grenier,R,196,FRA,24.841,242,234,AD04,,,Sarp Agabigun,R,178,TUR,23.619,886,16,6-4 3-6 6-4,3,R32,,,,,,,,,,,,,,,,,,,
2021-7083,Istanbul,Hard,32,C,,20210124,10,HB64,,,Quentin Halys,R,191,FRA,24.246,206,310,TA46,,,Bernard Tomic,R,196,AUS,28.26,228,253,6-0 6-1,3,R32,,,,,,,,,,,,,,,,,,,
2021-7083,Istanbul,Hard,32,C,,20210124,11,HB67,,,Christopher Heyman,L,188,BEL,27.296,406,98,A622,,,Andrea Arnaboldi,L,180,ITA,33.079,272,206,3-6 6-2 6-4,3,R32,,,,,,,,,,,,,,,,,,,
2021-7083,Istanbul,Hard,32,C,,20210124,12,KD87,,,Evgeny Karlovskiy,R,191,RUS,26.467,262,212,TD47,,,Evgenii Tiurnev,R,191,RUS,23.797,419,93,7-5 4-6 6-0,3,R32,,,,,,,,,,,,,,,,,,,
2021-7083,Istanbul,Hard,32,C,,20210124,13,MP20,,,Alexandre Muller,R,183,FRA,23.978,208,305,CF10,,,Nick Chappell,L,178,USA,28.348,408,97,6-4 6-2,3,R32,,,,,,,,,,,,,,,,,,,
2021-7083,Istanbul,Hard,32,C,,20210124,14,SF41,,,Aldin Setkic,R,191,BIH,33.095,491,72,CF25,,,Victor Cornea,L,196,ROU,27.335,919,14,6-4 6-2,3,R32,,,,,,,,,,,,,,,,,,,
2021-7083,Istanbul,Hard,32,C,,20210124,15,T0AP,,,Chun-Hsin Tseng,R,175,TPE,19.463,282,188,MJ01,,,Roberto Marcora,R,193,ITA,31.403,180,359,6-1 2-6 6-4,3,R32,,,,,,,,,,,,,,,,,,,
2021-7083,Istanbul,Hard,32,C,,20210124,16,W857,,,Tung-Lin Wu,R,188,TPE,22.705,250,223,I230,,,Tatsuma Ito,R,180,JPN,32.687,189,342,6-3 6-2,3,R32,,,,,,,,,,,,,,,,,,,
2021-7083,Istanbul,Hard,32,C,,20210124,17,D994,1,,James Duckworth,R,183,AUS,29.01,104,709,MP20,,,Alexandre Muller,R,183,FRA,23.978,208,305,6-3 6-2,3,R16,,,,,,,,,,,,,,,,,,,
2021-7083,Istanbul,Hard,32,C,,20210124,18,SF41,,,Aldin Setkic,R,191,BIH,33.095,491,72,A829,2,,Radu Albot,R,175,MDA,31.203,85,817,4-6 6-3 7-5,3,R16,,,,,,,,,,,,,,,,,,,
2021-7083,Istanbul,Hard,32,C,,20210124,19,U134,4,,Yasutaka Uchiyama,R,183,JPN,28.471,105,701,HB67,,,Christopher Heyman,L,188,BEL,27.296,406,98,3-6 6-3 6-4,3,R16,,,,,,,,,,,,,,,,,,,
2021-7083,Istanbul,Hard,32,C,,20210124,20,W857,,,Tung-Lin Wu,R,188,TPE,22.705,250,223,PG94,5,,Marc Polmans,R,188,AUS,23.732,124,546,6-2 3-6 6-1,3,R16,,,,,,,,,,,,,,,,,,,
2021-7083,Istanbul,Hard,32,C,,20210124,21,GF95,,,Hugo Grenier,R,196,FRA,24.841,242,234,D864,6,,Evgeny Donskoy,R,185,RUS,30.713,122,548,6-4 6-4,3,R16,,,,,,,,,,,,,,,,,,,
2021-7083,Istanbul,Hard,32,C,,20210124,22,HB64,,,Quentin Halys,R,191,FRA,24.246,206,310,ME89,7,,Illya Marchenko,R,185,UKR,33.38,215,281,3-6 6-2 6-2,3,R16,,,,,,,,,,,,,,,,,,,
2021-7083,Istanbul,Hard,32,C,,20210124,23,BU54,,,Geoffrey Blancaneaux,R,180,FRA,22.464,286,182,T0AP,,,Chun-Hsin Tseng,R,175,TPE,19.463,282,188,6-3 7-5,3,R16,,,,,,,,,,,,,,,,,,,
2021-7083,Istanbul,Hard,32,C,,20210124,24,GH92,,,Borna Gojo,R,196,CRO,22.908,223,258,KD87,,,Evgeny Karlovskiy,R,191,RUS,26.467,262,212,6-1 6-7(4) 7-6(5),3,R16,,,,,,,,,,,,,,,,,,,
2021-7083,Istanbul,Hard,32,C,,20210124,25,D994,1,,James Duckworth,R,183,AUS,29.01,104,709,GF95,,,Hugo Grenier,R,196,FRA,24.841,242,234,6-3 6-3,3,QF,,,,,,,,,,,,,,,,,,,
2021-7083,Istanbul,Hard,32,C,,20210124,26,HB64,,,Quentin Halys,R,191,FRA,24.246,206,310,U134,4,,Yasutaka Uchiyama,R,183,JPN,28.471,105,701,7-5 6-2,3,QF,,,,,,,,,,,,,,,,,,,
2021-7083,Istanbul,Hard,32,C,,20210124,27,GH92,,,Borna Gojo,R,196,CRO,22.908,223,258,BU54,,,Geoffrey Blancaneaux,R,180,FRA,22.464,286,182,7-6(6) 6-4,3,QF,,,,,,,,,,,,,,,,,,,
2021-7083,Istanbul,Hard,32,C,,20210124,28,W857,,,Tung-Lin Wu,R,188,TPE,22.705,250,223,SF41,,,Aldin Setkic,R,191,BIH,33.095,491,72,6-3 6-2,3,QF,,,,,,,,,,,,,,,,,,,
2021-7083,Istanbul,Hard,32,C,,20210124,29,D994,1,,James Duckworth,R,183,AUS,29.01,104,709,HB64,,,Quentin Halys,R,191,FRA,24.246,206,310,6-7(9) 6-3 6-4,3,SF,,,,,,,,,,,,,,,,,,,
2021-7083,Istanbul,Hard,32,C,,20210124,30,W857,,,Tung-Lin Wu,R,188,TPE,22.705,250,223,GH92,,,Borna Gojo,R,196,CRO,22.908,223,258,6-4 3-6 6-4,3,SF,,,,,,,,,,,,,,,,,,,
2021-7083,Istanbul,Hard,32,C,,20210124,31,D994,1,,James Duckworth,R,183,AUS,29.01,104,709,W857,,,Tung-Lin Wu,R,188,TPE,22.705,250,223,6-4 6-2,3,F,,,,,,,,,,,,,,,,,,,
2021-9562,Istanbul,Hard,32,C,,20210124,1,MN70,,,Joao Menezes,R,185,BRA,24.104,193,338,GE33,1,,Daniel Elahi Galan,R,191,COL,24.602,115,619,7-6(5) 6-3,3,R32,117,6,7,82,51,38,17,13,1,2,7,2,90,60,41,15,14,4,7
2021-9562,Istanbul,Hard,32,C,,20210124,2,SK47,,,Mohamed Safwat,R,180,EGY,30.349,153,425,SX91,2,,Thiago Seyboth Wild,R,185,BRA,20.876,118,589,6-4 6-1,3,R32,,,,,,,,,,,,,,,,,,,
2021-9562,Istanbul,Hard,32,C,,20210124,3,HA71,3,,Antoine Hoang,R,183,FRA,25.224,121,558,GA36,,,Emilio Gomez,R,185,ECU,29.158,160,402,6-7(3) 6-2 6-4,3,R32,,,,,,,,,,,,,,,,,,,
2021-9562,Istanbul,Hard,32,C,,20210124,4,BF23,4,,Facundo Bagnis,L,183,ARG,30.908,125,543,Z371,,,Zhizhen Zhang,R,193,CHN,24.274,169,389,6-4 6-1,3,R32,,,,,,,,,,,,,,,,,,,
2021-9562,Istanbul,Hard,32,C,,20210124,5,RC91,,,Arthur Rinderknech,R,196,FRA,25.509,178,365,GA94,5,,Prajnesh Gunneswaran,L,188,IND,31.201,128,516,6-4 3-2 RET,3,R32,,,,,,,,,,,,,,,,,,,
2021-9562,Istanbul,Hard,32,C,,20210124,6,M0EJ,6,,Lorenzo Musetti,R,185,ITA,18.897,129,514,PE02,,,Danilo Petrovic,R,203,SRB,29.002,145,458,6-4 7-6(6),3,R32,,,,,,,,,,,,,,,,,,,
2021-9562,Istanbul,Hard,32,C,,20210124,7,KC04,7,,Jozef Kovalik,R,183,SVK,28.222,131,506,CH05,,,Altug Celikbilek,R,183,TUR,24.381,298,167,7-5 2-6 6-4,3,R32,,,,,,,,,,,,,,,,,,,
2021-9562,Istanbul,Hard,32,C,,20210124,8,SC47,8,,Go Soeda,R,178,JPN,36.386,134,490,TE30,,,Alejandro Tabilo,L,188,CHI,23.647,167,389,6-3 6-3,3,R32,,,,,,,,,,,,,,,,,,,
2021-9562,Istanbul,Hard,32,C,,20210124,9,BM95,,,Benjamin Bonzi,R,183,FRA,24.627,164,391,RA51,,,Blaz Rola,L,193,SLO,30.305,154,424,6-4 2-1 RET,3,R32,,,,,,,,,,,,,,,,,,,
2021-9562,Istanbul,Hard,32,C,,20210124,10,GB53,,,Federico Gaio,R,178,ITA,28.89,136,481,CI14,,,Jay Clarke,R,183,GBR,22.497,191,340,6-3 7-5,3,R32,,,,,,,,,,,,,,,,,,,
2021-9562,Istanbul,Hard,32,C,,20210124,11,GA79,,,Lorenzo Giustino,R,180,ITA,29.374,151,433,G983,,,Alessandro Giannessi,L,185,ITA,30.656,162,393,7-5 7-6(5),3,R32,,,,,,,,,,,,,,,,,,,
2021-9562,Istanbul,Hard,32,C,,20210124,12,GJ37,,,Tallon Griekspoor,R,188,NED,24.564,155,423,R685,,,Lukas Rosol,R,193,CZE,35.504,196,334,6-4 7-6(3),3,R32,,,,,,,,,,,,,,,,,,,
2021-9562,Istanbul,Hard,32,C,,20210124,13,HH06,,,Marc-Andrea Huesler,L,196,SUI,24.586,148,447,I165,,,Denis Istomin,R,185,UZB,34.382,183,354,2-6 6-2 6-4,3,R32,,,,,,,,,,,,,,,,,,,
2021-9562,Istanbul,Hard,32,C,,20210124,14,KI48,,,Ergi Kirkin,R,180,TUR,21.993,449,83,L503,,,Paolo Lorenzi,R,183,ITA,39.11,146,457,6-4 6-2,3,R32,,,,,,,,,,,,,,,,,,,
2021-9562,Istanbul,Hard,32,C,,20210124,15,N0AE,,,Brandon Nakashima,R,188,USA,19.477,170,387,I306,,,Cem Ilkel,R,185,TUR,25.429,219,265,3-6 6-4 6-3,3,R32,,,,,,,,,,,,,,,,,,,
2021-9562,Istanbul,Hard,32,C,,20210124,16,TE16,,,Carlos Taberner,R,183,ESP,23.463,143,464,Z419,,,Bernabe Zapata Miralles,R,183,ESP,24.033,150,443,6-4 6-2,3,R32,,,,,,,,,,,,,,,,,,,
2021-9562,Istanbul,Hard,32,C,,20210124,17,HA71,3,,Antoine Hoang,R,183,FRA,25.224,121,558,GA79,,,Lorenzo Giustino,R,180,ITA,29.374,151,433,6-4 6-4,3,R16,,,,,,,,,,,,,,,,,,,
2021-9562,Istanbul,Hard,32,C,,20210124,18,HH06,,,Marc-Andrea Huesler,L,196,SUI,24.586,148,447,BF23,4,,Facundo Bagnis,L,183,ARG,30.908,125,543,7-5 6-2,3,R16,,,,,,,,,,,,,,,,,,,
2021-9562,Istanbul,Hard,32,C,,20210124,19,BM95,,,Benjamin Bonzi,R,183,FRA,24.627,164,391,M0EJ,6,,Lorenzo Musetti,R,185,ITA,18.897,129,514,6-1 6-4,3,R16,,,,,,,,,,,,,,,,,,,
2021-9562,Istanbul,Hard,32,C,,20210124,20,KC04,7,,Jozef Kovalik,R,183,SVK,28.222,131,506,TE16,,,Carlos Taberner,R,183,ESP,23.463,143,464,7-6(4) 6-0,3,R16,,,,,,,,,,,,,,,,,,,
2021-9562,Istanbul,Hard,32,C,,20210124,21,SC47,8,,Go Soeda,R,178,JPN,36.386,134,490,GJ37,,,Tallon Griekspoor,R,188,NED,24.564,155,423,7-5 4-6 7-6(2),3,R16,,,,,,,,,,,,,,,,,,,
2021-9562,Istanbul,Hard,32,C,,20210124,22,KI48,,,Ergi Kirkin,R,180,TUR,21.993,449,83,MN70,,,Joao Menezes,R,185,BRA,24.104,193,338,6-2 7-6(5),3,R16,,,,,,,,,,,,,,,,,,,
2021-9562,Istanbul,Hard,32,C,,20210124,23,RC91,,,Arthur Rinderknech,R,196,FRA,25.509,178,365,N0AE,,,Brandon Nakashima,R,188,USA,19.477,170,387,6-7(7) 6-1 6-4,3,R16,,,,,,,,,,,,,,,,,,,
2021-9562,Istanbul,Hard,32,C,,20210124,24,SK47,,,Mohamed Safwat,R,180,EGY,30.349,153,425,GB53,,,Federico Gaio,R,178,ITA,28.89,136,481,7-6(4) 7-5,3,R16,,,,,,,,,,,,,,,,,,,
2021-9562,Istanbul,Hard,32,C,,20210124,25,BM95,,,Benjamin Bonzi,R,183,FRA,24.627,164,391,HA71,3,,Antoine Hoang,R,183,FRA,25.224,121,558,6-7(5) 6-1 7-5,3,QF,,,,,,,,,,,,,,,,,,,
2021-9562,Istanbul,Hard,32,C,,20210124,26,KC04,7,,Jozef Kovalik,R,183,SVK,28.222,131,506,KI48,,,Ergi Kirkin,R,180,TUR,21.993,449,83,6-7(5) 6-0 7-6(3),3,QF,,,,,,,,,,,,,,,,,,,
2021-9562,Istanbul,Hard,32,C,,20210124,27,SK47,,,Mohamed Safwat,R,180,EGY,30.349,153,425,SC47,8,,Go Soeda,R,178,JPN,36.386,134,490,W/O,3,QF,,,,,,,,,,,,,,,,,,,
2021-9562,Istanbul,Hard,32,C,,20210124,28,RC91,,,Arthur Rinderknech,R,196,FRA,25.509,178,365,HH06,,,Marc-Andrea Huesler,L,196,SUI,24.586,148,447,7-5 6-3,3,QF,,,,,,,,,,,,,,,,,,,
2021-9562,Istanbul,Hard,32,C,,20210124,29,RC91,,,Arthur Rinderknech,R,196,FRA,25.509,178,365,KC04,7,,Jozef Kovalik,R,183,SVK,28.222,131,506,7-5 6-4,3,SF,,,,,,,,,,,,,,,,,,,
2021-9562,Istanbul,Hard,32,C,,20210124,30,BM95,,,Benjamin Bonzi,R,183,FRA,24.627,164,391,SK47,,,Mohamed Safwat,R,180,EGY,30.349,153,425,7-6(1) 6-4,3,SF,,,,,,,,,,,,,,,,,,,
2021-9562,Istanbul,Hard,32,C,,20210124,31,RC91,,,Arthur Rinderknech,R,196,FRA,25.509,178,365,BM95,,,Benjamin Bonzi,R,183,FRA,24.627,164,391,4-6 7-6(1) 7-6(3),3,F,,,,,,,,,,,,,,,,,,,
2021-6239,Quimper 1,Hard,32,C,,20210131,1,HA28,,,Filip Horansky,R,191,SVK,28.066,184,352,PF39,1,,Lucas Pouille,R,185,FRA,26.938,74,880,6-4 5-7 6-4,3,R32,114,1,2,103,67,46,17,16,8,11,8,2,94,52,38,18,16,3,7
2021-6239,Quimper 1,Hard,32,C,,20210131,2,K0AH,2,,Sebastian Korda,R,196,USA,20.575,103,713,LC11,,,Tristan Lamasine,R,183,FRA,27.91,249,224,7-6(3) 4-6 7-6(7),3,R32,152,3,2,113,77,56,19,17,5,9,2,2,116,72,55,21,17,6,9
2021-6239,Quimper 1,Hard,32,C,,20210131,3,BK24,3,,Gregoire Barrere,R,183,FRA,26.957,111,654,G09O,,,Hugo Gaston,L,173,FRA,20.348,164,395,6-3 6-4,3,R32,60,7,0,54,39,28,11,10,0,1,0,5,59,33,23,10,9,1,4
2021-6239,Quimper 1,Hard,32,C,,20210131,4,LB66,,,Constant Lestienne,R,180,FRA,28.693,227,255,KB09,4,,Denis Kudla,R,180,USA,28.457,116,608,6-2 7-6(6),3,R32,93,11,1,67,41,32,14,10,2,3,5,3,74,39,26,15,10,5,8
2021-6239,Quimper 1,Hard,32,C,,20210131,5,GB53,5,,Federico Gaio,R,178,ITA,28.909,136,484,G858,,,Ernests Gulbis,R,191,LAT,32.422,185,351,6-4 7-6(3),3,R32,85,2,3,68,38,31,15,11,2,3,10,5,60,32,26,12,11,0,2
2021-6239,Quimper 1,Hard,32,C,,20210131,6,CG94,,,Enzo Couacaud,R,183,FRA,25.922,211,290,R09X,6,,Jurij Rodionov,L,191,AUT,21.714,148,458,6-3 1-6 6-4,3,R32,99,10,4,72,33,25,18,13,1,5,5,1,71,43,26,17,13,1,5
2021-6239,Quimper 1,Hard,32,C,,20210131,7,Z09D,,,Kacper Zuk,R,183,POL,22.029,267,209,G967,7,,Peter Gojowczyk,R,188,GER,31.548,151,454,6-4 6-3,3,R32,51,8,0,43,30,27,9,9,0,0,9,1,54,24,18,15,10,3,6
2021-6239,Quimper 1,Hard,32,C,,20210131,8,BM95,,,Benjamin Bonzi,R,183,FRA,24.646,146,463,HH06,8,,Marc-Andrea Huesler,L,196,SUI,24.605,142,469,6-3 6-7(2) 7-6(5),3,R32,126,15,5,103,64,57,18,17,2,3,6,5,111,63,46,29,16,5,7
2021-6239,Quimper 1,Hard,32,C,,20210131,9,BK19,,,Mathias Bourgue,R,188,FRA,27.036,214,281,R685,,,Lukas Rosol,R,193,CZE,35.524,196,334,7-6(5) 6-4,3,R32,97,7,0,75,46,37,16,11,1,1,5,4,77,50,35,14,11,6,7
2021-6239,Quimper 1,Hard,32,C,,20210131,10,FC26,,,Evan Furness,R,173,FRA,22.47,423,93,MJ01,,,Roberto Marcora,R,193,ITA,31.422,180,359,6-2 6-1,3,R32,66,3,0,41,24,21,11,8,0,0,1,1,58,41,20,7,7,6,10
2021-6239,Quimper 1,Hard,32,C,,20210131,11,I165,,,Denis Istomin,R,185,UZB,34.401,183,354,L797,,,Lukas Lacko,R,188,SVK,33.246,200,329,6-3 6-7(2) 7-6(4),3,R32,132,5,1,111,79,53,20,17,7,9,6,7,111,63,47,22,16,6,9
2021-6239,Quimper 1,Hard,32,C,,20210131,12,MH16,,,Yannick Maden,R,185,GER,31.261,172,385,F586,,,Thomas Fabbiano,R,173,ITA,31.685,174,379,6-1 5-7 6-1,3,R32,119,1,2,68,41,34,14,13,2,4,2,1,87,55,33,13,13,8,14
2021-6239,Quimper 1,Hard,32,C,,20210131,13,ME89,,,Illya Marchenko,R,185,UKR,33.399,215,281,C0H0,,,Arthur Cazaux,R,183,FRA,18.442,741,26,6-4 7-5,3,R32,86,5,5,61,31,25,18,11,0,1,11,1,57,32,27,9,11,0,3
2021-6239,Quimper 1,Hard,32,C,,20210131,14,MN13,,,Maximilian Marterer,L,188,GER,25.632,209,300,O513,,,Sebastian Ofner,R,191,AUT,24.723,161,409,5-7 6-4 7-6(6),3,R32,145,7,2,70,43,32,16,10,3,3,4,3,70,44,31,11,10,4,6
2021-6239,Quimper 1,Hard,32,C,,20210131,15,N0AE,,,Brandon Nakashima,R,188,USA,19.496,163,397,J620,,,Maxime Janvier,R,196,FRA,24.287,210,299,6-3 6-2,3,R32,62,5,3,53,37,31,7,9,2,2,3,3,51,36,22,6,8,6,9
2021-6239,Quimper 1,Hard,32,C,,20210131,16,RC91,,,Arthur Rinderknech,R,196,FRA,25.528,135,491,C0AZ,,,Antoine Cornut-Chauvinc,R,188,FRA,20.569,446,85,7-5 7-6(4),3,R32,90,11,2,74,53,40,13,12,2,3,4,2,69,39,26,19,12,1,3
2021-6239,Quimper 1,Hard,32,C,,20210131,17,K0AH,2,,Sebastian Korda,R,196,USA,20.575,103,713,BK19,,,Mathias Bourgue,R,188,FRA,27.036,214,281,5-7 7-6(2) 6-4,3,R16,130,12,1,95,63,53,20,17,1,2,8,4,107,72,60,14,17,3,4
2021-6239,Quimper 1,Hard,32,C,,20210131,18,ME89,,,Illya Marchenko,R,185,UKR,33.399,215,281,BK24,3,,Gregoire Barrere,R,183,FRA,26.957,111,654,6-3 6-2,3,R16,74,4,9,58,28,25,14,9,4,5,5,1,53,31,18,10,8,5,9
2021-6239,Quimper 1,Hard,32,C,,20210131,19,N0AE,,,Brandon Nakashima,R,188,USA,19.496,163,397,GB53,5,,Federico Gaio,R,178,ITA,28.909,136,484,6-2 6-1,3,R16,48,6,2,40,29,23,9,8,0,0,0,3,39,24,14,5,7,1,5
2021-6239,Quimper 1,Hard,32,C,,20210131,20,BM95,,,Benjamin Bonzi,R,183,FRA,24.646,146,463,MH16,,,Yannick Maden,R,185,GER,31.261,172,385,4-6 6-2 7-6(5),3,R16,156,5,1,97,65,42,14,15,3,9,3,4,113,69,39,20,15,4,11
2021-6239,Quimper 1,Hard,32,C,,20210131,21,CG94,,,Enzo Couacaud,R,183,FRA,25.922,211,290,FC26,,,Evan Furness,R,173,FRA,22.47,423,93,6-4 6-7(5) 6-3,3,R16,132,9,4,86,49,40,17,15,1,3,2,8,124,79,50,19,16,7,12
2021-6239,Quimper 1,Hard,32,C,,20210131,22,HA28,,,Filip Horansky,R,191,SVK,28.066,184,352,MN13,,,Maximilian Marterer,L,188,GER,25.632,209,300,6-7(6) 7-5 6-4,3,R16,150,5,0,120,76,56,22,17,4,6,4,4,109,55,42,27,17,9,13
2021-6239,Quimper 1,Hard,32,C,,20210131,23,LB66,,,Constant Lestienne,R,180,FRA,28.693,227,255,I165,,,Denis Istomin,R,185,UZB,34.401,183,354,6-4 6-4,3,R16,76,6,2,61,34,29,13,10,4,5,6,0,59,45,32,5,10,4,7
2021-6239,Quimper 1,Hard,32,C,,20210131,24,Z09D,,,Kacper Zuk,R,183,POL,22.029,267,209,RC91,,,Arthur Rinderknech,R,196,FRA,25.528,135,491,7-6(7) 6-2,3,R16,81,12,1,57,37,33,12,10,0,0,6,3,79,56,35,13,10,3,5
2021-6239,Quimper 1,Hard,32,C,,20210131,25,K0AH,2,,Sebastian Korda,R,196,USA,20.575,103,713,CG94,,,Enzo Couacaud,R,183,FRA,25.922,211,290,4-1 RET,3,QF,21,2,0,11,5,4,5,2,0,0,3,1,28,13,9,4,3,6,8
2021-6239,Quimper 1,Hard,32,C,,20210131,26,BM95,,,Benjamin Bonzi,R,183,FRA,24.646,146,463,ME89,,,Illya Marchenko,R,185,UKR,33.399,215,281,6-7(7) 6-4 6-4,3,QF,162,10,1,104,57,42,25,16,2,4,8,8,118,64,46,24,16,7,11
2021-6239,Quimper 1,Hard,32,C,,20210131,27,HA28,,,Filip Horansky,R,191,SVK,28.066,184,352,Z09D,,,Kacper Zuk,R,183,POL,22.029,267,209,6-3 7-5,3,QF,72,2,3,64,34,26,18,11,2,3,5,1,54,30,19,14,10,0,3
2021-6239,Quimper 1,Hard,32,C,,20210131,28,N0AE,,,Brandon Nakashima,R,188,USA,19.496,163,397,LB66,,,Constant Lestienne,R,180,FRA,28.693,227,255,6-4 7-5,3,QF,98,8,0,60,43,33,11,11,0,1,5,4,98,52,37,19,11,13,16
2021-6239,Quimper 1,Hard,32,C,,20210131,29,K0AH,2,,Sebastian Korda,R,196,USA,20.575,103,713,BM95,,,Benjamin Bonzi,R,183,FRA,24.646,146,463,7-6(5) 7-6(1),3,SF,95,10,3,83,52,36,18,12,1,4,5,5,89,61,40,12,12,4,7
2021-6239,Quimper 1,Hard,32,C,,20210131,30,HA28,,,Filip Horansky,R,191,SVK,28.066,184,352,N0AE,,,Brandon Nakashima,R,188,USA,19.496,163,397,7-6(10) 4-6 6-4,3,SF,143,6,3,133,80,47,29,16,6,11,8,0,107,66,45,19,16,3,8
2021-6239,Quimper 1,Hard,32,C,,20210131,31,K0AH,2,,Sebastian Korda,R,196,USA,20.575,103,713,HA28,,,Filip Horansky,R,191,SVK,28.066,184,352,6-1 6-1,3,F,49,9,0,33,27,24,5,7,1,1,0,4,59,40,19,7,7,11,16
2021-9430,Antalya 1,Clay,32,C,,20210131,1,MU94,1,,Jaume Munar,R,183,ESP,23.743,110,671,TE16,,,Carlos Taberner,R,183,ESP,23.483,143,467,6-3 6-4,3,R32,95,3,2,52,24,17,14,10,1,4,0,2,52,27,11,13,9,1,6
2021-9430,Antalya 1,Clay,32,C,,20210131,2,SQ80,,,Akira Santillan,R,180,AUS,23.696,285,182,GE33,2,,Daniel Elahi Galan,R,191,COL,24.621,115,619,6-2 2-6 7-5,3,R32,120,0,2,79,52,34,17,14,2,5,3,2,102,60,31,27,14,8,12
2021-9430,Antalya 1,Clay,32,C,,20210131,3,EA24,,,Tomas Martin Etcheverry,R,196,ARG,21.541,258,216,SX91,3,,Thiago Seyboth Wild,R,185,BRA,20.895,118,589,7-6(5) 6-4,3,R32,164,1,2,94,69,37,14,11,6,10,3,3,98,66,33,17,11,11,16
2021-9430,Antalya 1,Clay,32,C,,20210131,4,K834,,,Blaz Kavcic,R,188,SLO,33.911,266,209,BF23,4,,Facundo Bagnis,L,183,ARG,30.927,126,543,6-3 7-6(4),3,R32,129,0,1,79,56,31,9,11,0,5,0,3,65,36,17,12,10,2,8
2021-9430,Antalya 1,Clay,32,C,,20210131,5,M0EJ,5,,Lorenzo Musetti,R,185,ITA,18.916,129,519,TE30,,,Alejandro Tabilo,L,188,CHI,23.666,169,389,6-2 6-0,3,R32,52,2,2,43,29,22,9,7,1,1,1,0,46,29,14,5,7,4,9
2021-9430,Antalya 1,Clay,32,C,,20210131,6,L503,,,Paolo Lorenzi,R,183,ITA,39.129,150,457,AE14,6,,Daniel Altmaier,R,188,GER,22.387,132,507,6-4 6-2,3,R32,98,3,3,56,30,23,14,9,2,3,2,1,62,37,26,8,9,0,4
2021-9430,Antalya 1,Clay,32,C,,20210131,7,G983,,,Alessandro Giannessi,L,185,ITA,30.675,165,393,KC04,7,,Jozef Kovalik,R,183,SVK,28.241,125,543,6-4 7-5,3,R32,122,4,1,72,52,31,13,11,4,6,0,4,89,59,34,14,11,7,11
2021-9430,Antalya 1,Clay,32,C,,20210131,8,MD56,8,,Leonardo Mayer,R,191,ARG,33.717,137,482,GJ37,,,Tallon Griekspoor,R,188,NED,24.583,155,433,6-2 6-2,3,R32,67,7,2,50,37,27,7,8,1,2,2,3,43,22,12,7,8,2,7
2021-9430,Antalya 1,Clay,32,C,,20210131,9,A0CJ,,,Duje Ajdukovic,R,188,CRO,19.986,321,140,K771,,,Marsel Ilhan,R,191,TUR,33.643,572,51,6-3 6-3,3,R32,73,2,1,59,40,28,14,9,4,4,1,3,62,30,20,15,9,9,12
2021-9430,Antalya 1,Clay,32,C,,20210131,10,CF88,,,Roberto Cid Subervi,R,193,DOM,27.422,228,254,V836,,,Juan Pablo Varillas,R,185,PER,25.322,160,414,6-4 6-3,3,R32,109,1,3,64,47,31,5,10,5,8,0,2,69,41,24,9,9,8,13
2021-9430,Antalya 1,Clay,32,C,,20210131,11,D985,,,Joao Domingues,R,,POR,27.324,179,364,SK47,,,Mohamed Safwat,R,180,EGY,30.368,147,463,4-6 7-5 7-6(7),3,R32,189,1,2,109,79,52,21,17,4,6,8,6,135,70,51,33,17,8,10
2021-9430,Antalya 1,Clay,32,C,,20210131,12,GA36,,,Emilio Gomez,R,185,ECU,29.177,162,402,KI48,,,Ergi Kirkin,R,180,TUR,22.012,383,108,6-4 6-1,3,R32,80,3,0,58,34,21,10,8,5,8,0,4,45,22,9,5,9,0,7
2021-9430,Antalya 1,Clay,32,C,,20210131,13,I306,,,Cem Ilkel,R,185,TUR,25.448,219,265,MN70,,,Joao Menezes,R,185,BRA,24.123,186,350,6-3 6-4,3,R32,79,1,0,59,33,22,16,10,3,5,1,5,53,29,21,8,9,6,10
2021-9430,Antalya 1,Clay,32,C,,20210131,14,KH56,,,Zdenek Kolar,R,183,CZE,24.312,224,257,GA79,,,Lorenzo Giustino,R,180,ITA,29.394,154,436,6-3 3-6 7-5,3,R32,145,1,2,104,67,41,21,15,4,8,7,9,104,66,42,18,15,13,18
2021-9430,Antalya 1,Clay,32,C,,20210131,15,RB56,,,Ramkumar Ramanathan,R,188,IND,26.231,190,345,E873,,,Ernesto Escobedo,R,185,MEX,24.578,199,330,7-6(6) 6-3,3,R32,79,11,2,76,48,37,15,11,3,4,3,0,67,49,35,8,10,5,7
2021-9430,Antalya 1,Clay,32,C,,20210131,16,R419,,,Tommy Robredo,R,180,ESP,38.754,226,255,M0AC,,,Rudolf Molleker,R,188,GER,20.266,218,273,6-3 6-4,3,R32,81,0,1,51,32,27,13,10,0,0,1,3,70,38,25,16,9,5,7
2021-9430,Antalya 1,Clay,32,C,,20210131,17,MU94,1,,Jaume Munar,R,183,ESP,23.743,110,671,KH56,,,Zdenek Kolar,R,183,CZE,24.312,224,257,6-2 6-4,3,R16,100,2,2,64,35,25,13,9,4,6,0,1,67,50,21,9,9,8,13
2021-9430,Antalya 1,Clay,32,C,,20210131,18,M0EJ,5,,Lorenzo Musetti,R,185,ITA,18.916,129,519,RB56,,,Ramkumar Ramanathan,R,188,IND,26.231,190,345,6-0 6-4,3,R16,66,4,3,50,34,27,8,8,6,7,1,2,56,31,18,7,8,8,13
2021-9430,Antalya 1,Clay,32,C,,20210131,19,I306,,,Cem Ilkel,R,185,TUR,25.448,219,265,MD56,8,,Leonardo Mayer,R,191,ARG,33.717,137,482,7-5 6-1,3,R16,100,2,1,67,41,30,16,10,1,1,4,6,59,29,20,11,9,2,5
2021-9430,Antalya 1,Clay,32,C,,20210131,20,A0CJ,,,Duje Ajdukovic,R,188,CRO,19.986,321,140,L503,,,Paolo Lorenzi,R,183,ITA,39.129,150,457,3-6 6-4 7-6(7),3,R16,175,3,1,99,57,39,21,15,4,8,6,3,126,72,49,24,16,7,11
2021-9430,Antalya 1,Clay,32,C,,20210131,21,EA24,,,Tomas Martin Etcheverry,R,196,ARG,21.541,258,216,D985,,,Joao Domingues,R,,POR,27.324,179,364,6-1 6-2,3,R16,74,2,0,44,40,28,2,8,1,2,0,1,51,34,17,5,7,2,7
2021-9430,Antalya 1,Clay,32,C,,20210131,22,G983,,,Alessandro Giannessi,L,185,ITA,30.675,165,393,CF88,,,Roberto Cid Subervi,R,193,DOM,27.422,228,254,6-3 6-2,3,R16,89,2,1,62,44,29,7,9,6,9,1,3,50,34,15,7,8,9,15
2021-9430,Antalya 1,Clay,32,C,,20210131,23,R419,,,Tommy Robredo,R,180,ESP,38.754,226,255,K834,,,Blaz Kavcic,R,188,SLO,33.911,266,209,4-6 6-3 6-1,3,R16,124,1,2,67,42,26,13,13,0,5,0,3,99,79,39,6,13,12,20
2021-9430,Antalya 1,Clay,32,C,,20210131,24,SQ80,,,Akira Santillan,R,180,AUS,23.696,285,182,GA36,,,Emilio Gomez,R,185,ECU,29.177,162,402,6-0 6-1,3,R16,58,2,1,42,30,23,5,7,0,1,0,1,44,31,13,3,6,6,12
2021-9430,Antalya 1,Clay,32,C,,20210131,25,MU94,1,,Jaume Munar,R,183,ESP,23.743,110,671,G983,,,Alessandro Giannessi,L,185,ITA,30.675,165,393,3-6 6-2 6-0,3,QF,132,2,1,79,58,33,13,11,6,9,1,2,80,51,25,12,12,8,15
2021-9430,Antalya 1,Clay,32,C,,20210131,26,M0EJ,5,,Lorenzo Musetti,R,185,ITA,18.916,129,519,SQ80,,,Akira Santillan,R,180,AUS,23.696,285,182,5-7 6-3 6-4,3,QF,139,2,2,105,74,45,10,15,8,14,2,5,101,54,31,17,16,6,14
2021-9430,Antalya 1,Clay,32,C,,20210131,27,I306,,,Cem Ilkel,R,185,TUR,25.448,219,265,EA24,,,Tomas Martin Etcheverry,R,196,ARG,21.541,258,216,6-7(5) 6-4 7-6(4),3,QF,223,6,2,116,52,40,34,17,5,9,2,1,129,93,58,18,17,14,19
2021-9430,Antalya 1,Clay,32,C,,20210131,28,R419,,,Tommy Robredo,R,180,ESP,38.754,226,255,A0CJ,,,Duje Ajdukovic,R,188,CRO,19.986,321,140,6-1 6-4,3,QF,70,0,0,57,37,23,11,9,3,5,2,1,47,27,15,5,8,1,6
2021-9430,Antalya 1,Clay,32,C,,20210131,29,MU94,1,,Jaume Munar,R,183,ESP,23.743,110,671,R419,,,Tommy Robredo,R,180,ESP,38.754,226,255,6-0 6-1,3,SF,64,1,0,37,27,23,4,6,4,4,0,3,44,30,12,3,7,3,9
2021-9430,Antalya 1,Clay,32,C,,20210131,30,M0EJ,5,,Lorenzo Musetti,R,185,ITA,18.916,129,519,I306,,,Cem Ilkel,R,185,TUR,25.448,219,265,6-7(6) 6-1 6-1,3,SF,135,9,3,88,51,33,19,13,0,3,0,5,104,59,31,17,13,6,14
2021-9430,Antalya 1,Clay,32,C,,20210131,31,MU94,1,,Jaume Munar,R,183,ESP,23.743,110,671,M0EJ,5,,Lorenzo Musetti,R,185,ITA,18.916,129,519,6-7(7) 6-2 6-2,3,F,148,0,1,79,58,45,10,14,0,2,2,0,110,75,41,18,14,7,13
2021-9432,Antalya 1,Clay,32,C,,20210131,1,TE16,,,Carlos Taberner,R,183,ESP,23.483,143,467,SH90,1,,Joao Sousa,R,185,POR,31.841,92,782,6-1 6-4,3,R32,90,1,1,61,39,28,10,9,5,7,4,1,56,30,18,9,8,10,15
2021-9432,Antalya 1,Clay,32,C,,20210131,2,MU94,2,,Jaume Munar,R,183,ESP,23.743,110,671,KI48,,,Ergi Kirkin,R,180,TUR,22.012,383,108,6-3 6-3,3,R32,95,1,1,64,52,34,5,9,5,7,0,2,64,36,16,15,9,5,10
2021-9432,Antalya 1,Clay,32,C,,20210131,3,GE33,3,,Daniel Elahi Galan,R,191,COL,24.621,115,619,R419,,,Tommy Robredo,R,180,ESP,38.754,226,255,6-2 5-7 6-0,3,R32,109,2,1,75,50,33,12,13,4,8,0,0,77,53,25,11,13,5,13
2021-9432,Antalya 1,Clay,32,C,,20210131,4,SX91,4,,Thiago Seyboth Wild,R,185,BRA,20.895,118,589,GA79,,,Lorenzo Giustino,R,180,ITA,29.394,154,436,6-4 6-3,3,R32,72,5,5,51,28,27,13,10,0,0,2,3,55,36,24,11,9,3,5
2021-9432,Antalya 1,Clay,32,C,,20210131,5,KC04,5,,Jozef Kovalik,R,183,SVK,28.241,125,543,I306,,,Cem Ilkel,R,185,TUR,25.448,219,265,6-3 6-1,3,R32,81,3,2,59,33,24,11,8,6,8,0,2,50,34,15,5,8,4,10
2021-9432,Antalya 1,Clay,32,C,,20210131,6,BF23,6,,Facundo Bagnis,L,183,ARG,30.927,126,543,K771,,,Marsel Ilhan,R,191,TUR,33.643,572,51,6-3 6-4,3,R32,81,4,1,58,34,29,14,10,2,2,5,0,60,40,26,11,9,3,5
2021-9432,Antalya 1,Clay,32,C,,20210131,7,MD56,,,Leonardo Mayer,R,191,ARG,33.717,137,482,M0EJ,7,,Lorenzo Musetti,R,185,ITA,18.916,129,519,6-4 6-3,3,R32,78,1,1,54,34,25,13,10,1,3,2,0,54,35,19,10,9,2,6
2021-9432,Antalya 1,Clay,32,C,,20210131,8,G983,,,Alessandro Giannessi,L,185,ITA,30.675,165,393,AE14,8,,Daniel Altmaier,R,188,GER,22.387,132,507,7-6(2) 6-2,3,R32,110,2,4,74,45,29,19,10,5,6,2,8,74,27,18,22,10,2,5
2021-9432,Antalya 1,Clay,32,C,,20210131,9,EA24,,,Tomas Martin Etcheverry,R,196,ARG,21.541,258,216,MN70,,,Joao Menezes,R,185,BRA,24.123,186,350,2-6 6-1 6-2,3,R32,115,4,0,77,57,36,10,12,4,7,2,1,69,45,25,9,11,3,8
2021-9432,Antalya 1,Clay,32,C,,20210131,10,GA36,,,Emilio Gomez,R,185,ECU,29.177,162,402,A0CJ,,,Duje Ajdukovic,R,188,CRO,19.986,321,140,3-6 6-2 6-4,3,R32,125,4,3,94,54,35,18,14,10,15,6,1,91,54,32,16,13,10,16
2021-9432,Antalya 1,Clay,32,C,,20210131,11,GJ37,,,Tallon Griekspoor,R,188,NED,24.583,155,433,E873,,,Ernesto Escobedo,R,185,MEX,24.578,199,330,6-3 6-2,3,R32,76,3,2,61,41,28,11,8,5,6,0,2,60,34,20,11,9,6,11
2021-9432,Antalya 1,Clay,32,C,,20210131,12,PG20,,,Dmitry Popko,R,191,KAZ,24.271,167,391,MJ98,,,Facundo Mena,R,183,ARG,28.359,237,243,7-6(4) 6-3,3,R32,104,2,0,68,39,29,16,10,4,5,2,2,78,38,22,21,11,2,5
2021-9432,Antalya 1,Clay,32,C,,20210131,13,RB56,,,Ramkumar Ramanathan,R,188,IND,26.231,190,345,MP83,,,Gian Marco Moroni,R,185,ITA,22.965,230,253,4-6 6-4 7-6(6),3,R32,151,5,9,108,61,43,25,16,7,11,1,7,96,56,39,20,16,2,6
2021-9432,Antalya 1,Clay,32,C,,20210131,14,SK47,,,Mohamed Safwat,R,180,EGY,30.368,147,463,D985,,,Joao Domingues,R,,POR,27.324,179,364,6-1 6-4,3,R32,70,2,1,58,31,24,18,9,3,3,1,1,45,31,16,8,8,1,4
2021-9432,Antalya 1,Clay,32,C,,20210131,15,SQ80,,,Akira Santillan,R,180,AUS,23.696,285,182,L503,,,Paolo Lorenzi,R,183,ITA,39.129,150,457,5-7 6-4 6-2,3,R32,155,6,4,97,55,36,19,15,6,11,4,7,114,72,44,13,15,8,15
2021-9432,Antalya 1,Clay,32,C,,20210131,16,TE30,,,Alejandro Tabilo,L,188,CHI,23.666,169,389,AD04,,,Sarp Agabigun,R,178,TUR,23.639,887,16,7-6(6) 6-1,3,R32,94,7,5,72,48,36,10,10,6,8,1,3,75,44,25,13,9,4,8
2021-9432,Antalya 1,Clay,32,C,,20210131,17,MU94,2,,Jaume Munar,R,183,ESP,23.743,110,671,RB56,,,Ramkumar Ramanathan,R,188,IND,26.231,190,345,6-4 7-5,3,R16,96,0,4,66,51,37,4,11,4,6,4,4,65,32,19,16,11,3,7
2021-9432,Antalya 1,Clay,32,C,,20210131,18,TE30,,,Alejandro Tabilo,L,188,CHI,23.666,169,389,GE33,3,,Daniel Elahi Galan,R,191,COL,24.621,115,619,2-6 6-4 6-4,3,R16,121,1,4,84,48,31,21,14,2,6,3,2,93,59,38,17,14,7,11
2021-9432,Antalya 1,Clay,32,C,,20210131,19,EA24,,,Tomas Martin Etcheverry,R,196,ARG,21.541,258,216,SX91,4,,Thiago Seyboth Wild,R,185,BRA,20.895,118,589,6-2 3-6 6-4,3,R16,177,2,0,97,76,48,14,13,5,6,6,2,98,56,40,20,14,10,13
2021-9432,Antalya 1,Clay,32,C,,20210131,20,KC04,5,,Jozef Kovalik,R,183,SVK,28.241,125,543,GJ37,,,Tallon Griekspoor,R,188,NED,24.583,155,433,6-1 6-2,3,R16,92,3,2,53,30,23,12,8,3,4,3,3,73,45,21,12,7,7,12
2021-9432,Antalya 1,Clay,32,C,,20210131,21,BF23,6,,Facundo Bagnis,L,183,ARG,30.927,126,543,PG20,,,Dmitry Popko,R,191,KAZ,24.271,167,391,6-1 6-2,3,R16,87,3,3,50,24,19,14,8,1,2,2,6,63,29,15,13,7,11,16
2021-9432,Antalya 1,Clay,32,C,,20210131,22,G983,,,Alessandro Giannessi,L,185,ITA,30.675,165,393,SK47,,,Mohamed Safwat,R,180,EGY,30.368,147,463,6-3 6-4,3,R16,75,1,1,58,45,35,8,10,3,3,3,4,61,37,28,8,9,3,5
2021-9432,Antalya 1,Clay,32,C,,20210131,23,MD56,,,Leonardo Mayer,R,191,ARG,33.717,137,482,SQ80,,,Akira Santillan,R,180,AUS,23.696,285,182,7-6(4) 6-2,3,R16,101,3,6,69,43,37,10,10,4,5,1,6,82,52,35,12,10,10,13
2021-9432,Antalya 1,Clay,32,C,,20210131,24,TE16,,,Carlos Taberner,R,183,ESP,23.483,143,467,GA36,,,Emilio Gomez,R,185,ECU,29.177,162,402,6-0 6-7(5) 6-1,3,R16,140,2,5,94,63,43,17,13,5,8,0,6,86,43,25,16,12,9,17
2021-9432,Antalya 1,Clay,32,C,,20210131,25,MU94,2,,Jaume Munar,R,183,ESP,23.743,110,671,KC04,5,,Jozef Kovalik,R,183,SVK,28.241,125,543,7-5 6-7(3) 6-1,3,QF,202,1,6,114,78,54,17,16,4,6,7,4,127,73,44,25,15,18,23
2021-9432,Antalya 1,Clay,32,C,,20210131,26,TE16,,,Carlos Taberner,R,183,ESP,23.483,143,467,BF23,6,,Facundo Bagnis,L,183,ARG,30.927,126,543,6-3 7-6(0),3,QF,116,1,3,64,40,30,17,10,1,1,6,5,80,44,32,14,11,7,9
2021-9432,Antalya 1,Clay,32,C,,20210131,27,EA24,,,Tomas Martin Etcheverry,R,196,ARG,21.541,258,216,MD56,,,Leonardo Mayer,R,191,ARG,33.717,137,482,6-3 6-4,3,QF,94,0,1,49,37,28,6,9,0,1,4,5,67,34,24,13,10,4,8
2021-9432,Antalya 1,Clay,32,C,,20210131,28,G983,,,Alessandro Giannessi,L,185,ITA,30.675,165,393,TE30,,,Alejandro Tabilo,L,188,CHI,23.666,169,389,5-7 7-5 6-1,3,QF,169,4,5,117,76,48,20,15,7,11,3,4,107,67,43,14,16,3,10
2021-9432,Antalya 1,Clay,32,C,,20210131,29,MU94,2,,Jaume Munar,R,183,ESP,23.743,110,671,G983,,,Alessandro Giannessi,L,185,ITA,30.675,165,393,6-0 2-0 RET,3,SF,47,2,2,34,25,17,4,4,3,3,0,2,24,12,5,1,4,3,7
2021-9432,Antalya 1,Clay,32,C,,20210131,30,TE16,,,Carlos Taberner,R,183,ESP,23.483,143,467,EA24,,,Tomas Martin Etcheverry,R,196,ARG,21.541,258,216,7-5 6-2,3,SF,98,1,2,57,41,31,9,10,2,3,1,1,62,48,28,5,10,3,7
2021-9432,Antalya 1,Clay,32,C,,20210131,31,TE16,,,Carlos Taberner,R,183,ESP,23.483,143,467,MU94,2,,Jaume Munar,R,183,ESP,23.743,110,671,6-4 6-1,3,F,105,4,2,64,43,29,11,9,2,3,1,4,50,31,17,9,8,4,8
2021-9454,Quimper 1,Hard,32,C,,20210131,1,F586,,,Thomas Fabbiano,R,173,ITA,31.685,174,379,DH50,1,,Alejandro Davidovich Fokina,R,180,ESP,21.659,54,1078,3-6 1-1 RET,3,R32,53,0,1,36,18,8,12,5,5,7,3,1,34,22,17,6,6,1,2
2021-9454,Quimper 1,Hard,32,C,,20210131,2,PF39,2,,Lucas Pouille,R,185,FRA,26.938,74,880,MH16,,,Yannick Maden,R,185,GER,31.261,172,385,7-5 4-6 6-2,3,R32,119,6,2,95,52,42,18,15,4,7,4,2,90,54,38,15,15,6,11
2021-9454,Quimper 1,Hard,32,C,,20210131,3,MN20,,,Daniel Masur,R,183,GER,26.237,244,228,BK24,4,,Gregoire Barrere,R,183,FRA,26.957,111,654,6-4 7-5,3,R32,73,8,1,66,47,38,11,11,2,2,6,3,64,38,26,13,11,3,5
2021-9454,Quimper 1,Hard,32,C,,20210131,4,Z419,,,Bernabe Zapata Miralles,R,183,ESP,24.052,153,443,KB09,5,,Denis Kudla,R,180,USA,28.457,116,608,6-2 6-3,3,R32,79,5,1,53,32,26,10,9,0,1,3,2,63,35,19,12,8,6,10
2021-9454,Quimper 1,Hard,32,C,,20210131,5,FC26,,,Evan Furness,R,173,FRA,22.47,423,93,HA71,6,,Antoine Hoang,R,183,FRA,25.243,119,575,6-3 6-4,3,R32,86,5,4,61,42,34,11,10,3,3,5,5,64,40,30,8,9,2,4
2021-9454,Quimper 1,Hard,32,C,,20210131,6,RC91,7,,Arthur Rinderknech,R,196,FRA,25.528,135,491,R09X,,,Jurij Rodionov,L,191,AUT,21.714,148,458,6-4 1-6 6-1,3,R32,109,12,1,82,55,40,11,12,4,6,10,3,78,43,31,17,12,7,10
2021-9454,Quimper 1,Hard,32,C,,20210131,7,GB53,8,,Federico Gaio,R,178,ITA,28.909,136,484,G09O,,,Hugo Gaston,L,173,FRA,20.348,164,395,7-6(5) 6-4,3,R32,104,4,3,79,48,34,16,11,4,5,3,5,79,38,27,19,11,7,9
2021-9454,Quimper 1,Hard,32,C,,20210131,8,BM95,,,Benjamin Bonzi,R,183,FRA,24.646,146,463,GH33,,,Manuel Guinard,R,198,FRA,25.213,305,157,6-3 6-3,3,R32,66,3,2,61,38,30,11,9,5,6,6,2,51,31,20,8,9,5,9
2021-9454,Quimper 1,Hard,32,C,,20210131,9,C0H0,,,Arthur Cazaux,R,183,FRA,18.442,741,26,R685,,,Lukas Rosol,R,193,CZE,35.524,196,334,6-1 5-7 4-1 RET,3,R32,93,19,1,72,43,37,15,12,7,8,4,3,78,45,30,14,12,5,9
2021-9454,Quimper 1,Hard,32,C,,20210131,10,G967,,,Peter Gojowczyk,R,188,GER,31.548,151,454,HA28,,,Filip Horansky,R,191,SVK,28.066,184,352,6-2 4-0 RET,3,R32,34,3,3,31,17,15,10,6,1,1,1,2,38,18,11,6,6,3,7
2021-9454,Quimper 1,Hard,32,C,,20210131,11,HH06,,,Marc-Andrea Huesler,L,196,SUI,24.605,142,469,MJ01,,,Roberto Marcora,R,193,ITA,31.422,180,359,6-4 7-5,3,R32,87,9,3,74,44,37,16,11,5,5,8,1,71,44,32,16,11,3,5
2021-9454,Quimper 1,Hard,32,C,,20210131,12,J620,,,Maxime Janvier,R,196,FRA,24.287,210,299,V490,,,Matteo Viola,R,185,ITA,33.572,220,262,7-5 6-2,3,R32,76,3,5,61,34,24,14,10,4,6,1,4,61,34,17,12,10,5,10
2021-9454,Quimper 1,Hard,32,C,,20210131,13,K839,,,Tobias Kamke,R,178,GER,34.7,236,246,I165,,,Denis Istomin,R,185,UZB,34.401,183,354,5-7 6-4 6-4,3,R32,124,2,5,104,61,39,24,16,4,8,12,4,87,54,41,13,16,0,5
2021-9454,Quimper 1,Hard,32,C,,20210131,14,L797,,,Lukas Lacko,R,188,SVK,33.246,200,329,BK19,,,Mathias Bourgue,R,188,FRA,27.036,214,281,6-2 6-2,3,R32,65,3,1,46,21,19,13,8,0,0,3,2,50,29,19,8,8,5,9
2021-9454,Quimper 1,Hard,32,C,,20210131,15,MN13,,,Maximilian Marterer,L,188,GER,25.632,209,300,O513,,,Sebastian Ofner,R,191,AUT,24.723,161,409,6-2 7-6(5),3,R32,87,7,2,70,43,32,16,10,3,3,4,3,70,44,31,11,10,4,6
2021-9454,Quimper 1,Hard,32,C,,20210131,16,N0AE,,,Brandon Nakashima,R,188,USA,19.496,163,397,C0AZ,,,Antoine Cornut-Chauvinc,R,188,FRA,20.569,446,85,6-3 6-3,3,R32,58,3,4,46,29,23,13,9,0,0,7,5,59,34,23,10,9,6,9
2021-9454,Quimper 1,Hard,32,C,,20210131,17,K839,,,Tobias Kamke,R,178,GER,34.7,236,246,PF39,2,,Lucas Pouille,R,185,FRA,26.938,74,880,6-2 6-7(3) 6-2,3,R16,127,4,4,99,55,41,28,14,8,8,9,6,116,55,42,27,14,12,16
2021-9454,Quimper 1,Hard,32,C,,20210131,18,G967,,,Peter Gojowczyk,R,188,GER,31.548,151,454,RC91,7,,Arthur Rinderknech,R,196,FRA,25.528,135,491,7-5 6-7(2) 6-3,3,R16,121,4,8,115,58,45,28,17,8,10,16,3,87,58,43,17,16,3,7
2021-9454,Quimper 1,Hard,32,C,,20210131,19,GB53,8,,Federico Gaio,R,178,ITA,28.909,136,484,HH06,,,Marc-Andrea Huesler,L,196,SUI,24.605,142,469,6-4 3-6 7-6(6),3,R16,131,2,4,94,64,48,10,15,4,8,9,2,105,62,44,21,16,4,8
2021-9454,Quimper 1,Hard,32,C,,20210131,20,J620,,,Maxime Janvier,R,196,FRA,24.287,210,299,MN20,,,Daniel Masur,R,183,GER,26.237,244,228,7-6(6) 6-2,3,R16,85,7,2,60,36,29,15,10,2,3,7,1,75,49,30,14,10,6,9
2021-9454,Quimper 1,Hard,32,C,,20210131,21,L797,,,Lukas Lacko,R,188,SVK,33.246,200,329,C0H0,,,Arthur Cazaux,R,183,FRA,18.442,741,26,W/O,3,R16,0,,,,,,,,,,,,,,,,,,
2021-9454,Quimper 1,Hard,32,C,,20210131,22,MN13,,,Maximilian Marterer,L,188,GER,25.632,209,300,F586,,,Thomas Fabbiano,R,173,ITA,31.685,174,379,6-3 6-2,3,R16,61,1,0,40,24,19,13,8,0,0,1,2,56,28,19,11,9,7,11
2021-9454,Quimper 1,Hard,32,C,,20210131,23,N0AE,,,Brandon Nakashima,R,188,USA,19.496,163,397,FC26,,,Evan Furness,R,173,FRA,22.47,423,93,6-7(2) 6-3 6-1,3,R16,114,6,4,83,54,40,18,14,1,2,3,9,103,57,39,18,14,6,11
2021-9454,Quimper 1,Hard,32,C,,20210131,24,Z419,,,Bernabe Zapata Miralles,R,183,ESP,24.052,153,443,BM95,,,Benjamin Bonzi,R,183,FRA,24.646,146,463,3-6 7-5 6-3,3,R16,99,3,1,86,64,46,15,15,3,4,6,4,81,41,33,25,15,6,8
2021-9454,Quimper 1,Hard,32,C,,20210131,25,L797,,,Lukas Lacko,R,188,SVK,33.246,200,329,GB53,8,,Federico Gaio,R,178,ITA,28.909,136,484,6-3 7-5,3,QF,84,8,0,59,37,34,13,11,2,2,3,1,79,40,24,22,10,6,8
2021-9454,Quimper 1,Hard,32,C,,20210131,26,G967,,,Peter Gojowczyk,R,188,GER,31.548,151,454,J620,,,Maxime Janvier,R,196,FRA,24.287,210,299,6-4 6-2,3,QF,68,8,3,50,29,25,13,9,2,2,6,1,67,42,28,12,9,6,9
2021-9454,Quimper 1,Hard,32,C,,20210131,27,N0AE,,,Brandon Nakashima,R,188,USA,19.496,163,397,MN13,,,Maximilian Marterer,L,188,GER,25.632,209,300,6-7(1) 6-2 6-4,3,QF,116,6,1,82,56,45,15,15,2,3,9,3,94,57,47,12,15,5,9
2021-9454,Quimper 1,Hard,32,C,,20210131,28,Z419,,,Bernabe Zapata Miralles,R,183,ESP,24.052,153,443,K839,,,Tobias Kamke,R,178,GER,34.7,236,246,6-2 6-2,3,QF,80,4,0,56,38,29,11,8,4,4,2,3,78,51,30,10,8,9,13
2021-9454,Quimper 1,Hard,32,C,,20210131,29,N0AE,,,Brandon Nakashima,R,188,USA,19.496,163,397,L797,,,Lukas Lacko,R,188,SVK,33.246,200,329,4-6 7-5 7-5,3,SF,128,10,2,107,69,51,17,17,6,8,10,1,91,50,39,24,17,2,5
2021-9454,Quimper 1,Hard,32,C,,20210131,30,Z419,,,Bernabe Zapata Miralles,R,183,ESP,24.052,153,443,G967,,,Peter Gojowczyk,R,188,GER,31.548,151,454,6-2 6-1,3,SF,56,4,0,48,27,16,16,8,4,5,1,4,53,17,10,12,7,6,11
2021-9454,Quimper 1,Hard,32,C,,20210131,31,N0AE,,,Brandon Nakashima,R,188,USA,19.496,163,397,Z419,,,Bernabe Zapata Miralles,R,183,ESP,24.052,153,443,6-3 6-4,3,F,77,5,0,62,37,26,15,10,5,6,1,2,65,41,25,12,9,6,9
2021-9639,Antalya 1,Clay,32,C,,20210131,1,I306,,,Cem Ilkel,R,185,TUR,25.448,219,265,H09F,,,Yu Hsiou Hsu,R,178,TPE,21.834,497,71,6-3 6-4,3,R32,92,1,3,61,31,19,17,9,5,7,0,1,52,32,16,11,10,2,7
2021-9639,Antalya 1,Clay,32,C,,20210131,2,RB56,2,,Ramkumar Ramanathan,R,188,IND,26.231,190,345,WB25,,,Louis Wessels,R,198,GER,22.431,461,80,6-2 6-3,3,R32,62,2,1,48,21,17,17,8,0,0,3,8,48,24,17,9,9,6,10
2021-9639,Antalya 1,Clay,32,C,,20210131,3,D985,3,,Joao Domingues,R,,POR,27.324,179,364,BI47,,,Riccardo Bonadio,R,180,ITA,27.554,290,177,7-6(4) 4-6 6-1,3,R32,154,1,4,89,55,33,19,15,4,9,0,5,103,68,37,18,14,9,15
2021-9639,Antalya 1,Clay,32,C,,20210131,4,A0CJ,4,,Duje Ajdukovic,R,188,CRO,19.986,321,140,CF10,,,Nick Chappell,L,178,USA,28.367,410,97,6-4 5-7 7-5,3,R32,207,0,2,102,66,39,18,17,4,11,1,10,147,96,54,22,17,20,28
2021-9639,Antalya 1,Clay,32,C,,20210131,5,M0JZ,,,Filip Misolic,R,180,AUT,19.483,987,11,T0AP,5,,Chun-Hsin Tseng,R,175,TPE,19.483,282,188,6-2 5-7 7-6(7),3,R32,178,1,3,115,70,49,22,16,5,9,0,4,120,86,51,19,16,10,15
2021-9639,Antalya 1,Clay,32,C,,20210131,6,BT72,6,,Nuno Borges,R,185,POR,23.948,403,99,KI48,,,Ergi Kirkin,R,180,TUR,22.012,383,108,6-4 6-3,3,R32,76,0,2,63,53,30,5,9,4,7,0,0,63,42,17,11,10,6,12
2021-9639,Antalya 1,Clay,32,C,,20210131,7,BU54,7,,Geoffrey Blancaneaux,R,180,FRA,22.483,286,182,Z246,,,Miljan Zekic,R,185,SRB,32.556,476,76,7-6(2) 6-3,3,R32,116,0,3,73,54,33,10,10,5,8,1,3,75,57,30,7,11,3,8
2021-9639,Antalya 1,Clay,32,C,,20210131,8,S0GD,,,Dalibor Svrcina,R,178,CZE,18.333,847,18,O482,8,,Gonzalo Oliveira,L,185,VEN,25.955,287,182,6-4 RET,3,R32,40,0,1,28,23,14,1,5,3,5,1,2,30,18,8,5,5,1,4
2021-9639,Antalya 1,Clay,32,C,,20210131,9,BV25,,,Javier Barranco Cosano,L,180,ESP,22.207,316,146,RB60,,,Oriol Roca Batalla,R,175,ESP,27.756,327,136,7-6(4) 6-4,3,R32,106,2,2,67,44,31,12,11,3,6,6,5,81,45,28,16,11,3,7
2021-9639,Antalya 1,Clay,32,C,,20210131,10,CN88,,,Tiago Cacao,R,185,PRT,22.924,551,57,MN23,,,Aleksandre Metreveli,R,183,GEO,27.477,599,44,6-3 6-2,3,R32,76,0,0,47,32,21,10,9,3,5,1,8,56,38,19,6,8,4,9
2021-9639,Antalya 1,Clay,32,C,,20210131,11,C0AK,,,Oliver Crawford,R,180,GBR,21.758,620,40,S0GZ,,,Nikolas Sanchez Izquierdo,R,185,ESP,21.884,356,120,6-1 6-3,3,R32,86,2,1,58,39,28,9,8,6,7,0,5,48,28,15,6,8,5,10
2021-9639,Antalya 1,Clay,32,C,,20210131,12,E0AA,,,Yanki Erel,L,178,TUR,20.35,895,16,TD47,,,Evgenii Tiurnev,R,191,RUS,23.817,421,93,7-6(5) 5-7 3-3 RET,3,R32,134,5,2,112,78,49,22,15,7,9,19,3,91,57,47,20,15,1,2
2021-9639,Antalya 1,Clay,32,C,,20210131,13,E830,,,Eduard Esteve Lobato,R,188,ESP,26.371,479,75,LE01,,,Duckhee Lee,R,170,KOR,22.678,281,193,6-2 6-3,3,R32,73,1,1,49,32,20,10,9,2,5,0,3,53,30,15,7,8,6,12
2021-9639,Antalya 1,Clay,32,C,,20210131,14,H0A4,,,Nick Hardt,R,185,DOM,20.364,519,64,DF88,,,Aziz Dougaz,L,188,TUN,23.852,379,109,6-2 6-2,3,R32,64,0,4,47,32,24,7,8,2,3,0,1,42,22,10,7,8,2,7
2021-9639,Antalya 1,Clay,32,C,,20210131,15,J09X,,,Filip Cristian Jianu,R,180,ROU,19.37,396,102,VA27,,,Mick Veldheer,,,,,531,62,6-1 6-4,3,R32,81,0,0,43,32,24,7,8,3,4,0,5,67,46,24,9,9,7,12
2021-9639,Antalya 1,Clay,32,C,,20210131,16,PH78,,,Ryan Peniston,L,180,GBR,25.227,378,109,F840,,,Nerman Fatic,R,191,BIH,26.272,370,113,2-6 6-1 6-3,3,R32,123,2,5,72,51,30,6,12,2,8,4,7,79,51,24,11,12,4,12
2021-9639,Antalya 1,Clay,32,C,,20210131,17,BV25,,,Javier Barranco Cosano,L,180,ESP,22.207,316,146,I306,,,Cem Ilkel,R,185,TUR,25.448,219,265,7-6(3) 6-3,3,R16,106,2,1,72,44,27,19,11,8,10,0,5,68,45,25,12,10,3,6
2021-9639,Antalya 1,Clay,32,C,,20210131,18,RB56,2,,Ramkumar Ramanathan,R,188,IND,26.231,190,345,C0AK,,,Oliver Crawford,R,180,GBR,21.758,620,40,7-5 6-4,3,R16,86,13,6,81,48,40,12,11,11,12,2,4,60,38,27,11,11,3,6
2021-9639,Antalya 1,Clay,32,C,,20210131,19,H0A4,,,Nick Hardt,R,185,DOM,20.364,519,64,D985,3,,Joao Domingues,R,,POR,27.324,179,364,6-4 7-5,3,R16,114,2,6,75,48,35,13,11,2,4,1,2,71,49,30,8,11,3,7
2021-9639,Antalya 1,Clay,32,C,,20210131,20,A0CJ,4,,Duje Ajdukovic,R,188,CRO,19.986,321,140,CN88,,,Tiago Cacao,R,185,PRT,22.924,551,57,6-2 6-1,3,R16,59,1,3,44,27,20,9,7,1,2,0,2,44,26,11,5,8,4,10
2021-9639,Antalya 1,Clay,32,C,,20210131,21,BT72,6,,Nuno Borges,R,185,POR,23.948,403,99,E0AA,,,Yanki Erel,L,178,TUR,20.35,895,16,6-4 6-0,3,R16,72,4,1,53,32,25,11,8,6,7,0,0,51,31,14,9,8,1,6
2021-9639,Antalya 1,Clay,32,C,,20210131,22,J09X,,,Filip Cristian Jianu,R,180,ROU,19.37,396,102,BU54,7,,Geoffrey Blancaneaux,R,180,FRA,22.483,286,182,6-7(5) 6-4 6-0,3,R16,140,0,1,98,76,39,14,14,10,16,1,6,93,77,34,6,14,9,19
2021-9639,Antalya 1,Clay,32,C,,20210131,23,E830,,,Eduard Esteve Lobato,R,188,ESP,26.371,479,75,M0JZ,,,Filip Misolic,R,180,AUT,19.483,987,11,6-2 6-3,3,R16,65,4,1,41,19,15,15,8,0,1,0,3,53,27,15,10,9,1,6
2021-9639,Antalya 1,Clay,32,C,,20210131,24,PH78,,,Ryan Peniston,L,180,GBR,25.227,378,109,S0GD,,,Dalibor Svrcina,R,178,CZE,18.333,847,18,2-6 6-4 6-2,3,R16,132,0,4,76,49,32,12,13,3,8,0,5,82,59,29,12,13,9,15
2021-9639,Antalya 1,Clay,32,C,,20210131,25,E830,,,Eduard Esteve Lobato,R,188,ESP,26.371,479,75,RB56,2,,Ramkumar Ramanathan,R,188,IND,26.231,190,345,6-2 6-0,3,QF,60,3,0,41,33,24,6,7,4,4,2,2,44,24,11,5,7,4,9
2021-9639,Antalya 1,Clay,32,C,,20210131,26,PH78,,,Ryan Peniston,L,180,GBR,25.227,378,109,A0CJ,4,,Duje Ajdukovic,R,188,CRO,19.986,321,140,6-2 5-7 7-6(2),3,QF,163,0,5,109,80,51,14,16,9,14,5,0,105,60,41,17,16,5,11
2021-9639,Antalya 1,Clay,32,C,,20210131,27,BT72,6,,Nuno Borges,R,185,POR,23.948,403,99,H0A4,,,Nick Hardt,R,185,DOM,20.364,519,64,6-2 6-4,3,QF,84,1,1,48,31,22,12,9,0,1,0,3,65,37,23,10,9,6,10
2021-9639,Antalya 1,Clay,32,C,,20210131,28,BV25,,,Javier Barranco Cosano,L,180,ESP,22.207,316,146,J09X,,,Filip Cristian Jianu,R,180,ROU,19.37,396,102,6-1 4-6 6-4,3,QF,140,1,1,81,53,31,15,14,6,11,0,3,97,56,31,17,13,6,13
2021-9639,Antalya 1,Clay,32,C,,20210131,29,BT72,6,,Nuno Borges,R,185,POR,23.948,403,99,E830,,,Eduard Esteve Lobato,R,188,ESP,26.371,479,75,6-3 6-3,3,SF,74,2,0,49,37,29,6,9,1,2,3,1,62,38,23,10,9,4,8
2021-9639,Antalya 1,Clay,32,C,,20210131,30,PH78,,,Ryan Peniston,L,180,GBR,25.227,378,109,BV25,,,Javier Barranco Cosano,L,180,ESP,22.207,316,146,6-4 7-6(2),3,SF,127,0,0,80,50,33,15,11,10,14,2,3,71,39,23,15,11,7,12
2021-9639,Antalya 1,Clay,32,C,,20210131,31,BT72,6,,Nuno Borges,R,185,POR,23.948,403,99,PH78,,,Ryan Peniston,L,180,GBR,25.227,378,109,6-4 6-3,3,F,78,2,0,50,32,27,11,9,3,4,2,6,72,47,29,9,10,4,8
2021-9649,Antalya 1,Clay,32,C,,20210131,1,I306,,,Cem Ilkel,R,185,TUR,25.448,219,265,N561,,,Ivan Nedelko,R,185,RUS,34.724,343,127,6-4 7-5,3,R32,102,0,4,69,40,30,12,11,6,9,1,3,67,37,22,12,11,4,9
2021-9649,Antalya 1,Clay,32,C,,20210131,2,A0CJ,3,,Duje Ajdukovic,R,188,CRO,19.986,321,140,O674,,,Yshai Oliel,L,188,ISR,21.073,419,94,6-4 1-6 6-4,3,R32,130,3,4,91,52,32,17,13,5,10,2,2,81,49,32,17,14,3,8
2021-9649,Antalya 1,Clay,32,C,,20210131,3,PH78,4,,Ryan Peniston,L,180,GBR,25.227,378,109,H09F,,,Yu Hsiou Hsu,R,178,TPE,21.834,497,71,7-6(0) 7-6(0),3,R32,137,1,6,101,70,44,16,12,6,10,2,3,71,46,29,11,12,3,7
2021-9649,Antalya 1,Clay,32,C,,20210131,4,PL64,,,Oleg Prihodko,R,180,UKR,23.329,748,26,BI47,5,,Riccardo Bonadio,R,180,ITA,27.554,290,177,7-6(15) 6-4,3,R32,110,1,3,87,69,51,10,11,5,6,0,2,76,57,40,10,11,1,3
2021-9649,Antalya 1,Clay,32,C,,20210131,5,BV25,6,,Javier Barranco Cosano,L,180,ESP,22.207,316,146,M0JZ,,,Filip Misolic,R,180,AUT,19.483,987,11,6-3 6-3,3,R32,76,0,1,56,35,25,13,9,2,3,4,1,54,35,23,7,9,2,6
2021-9649,Antalya 1,Clay,32,C,,20210131,6,F840,7,,Nerman Fatic,R,191,BIH,26.272,370,113,M0EA,,,Pol Martin Tiffon,R,183,ESP,21.509,510,66,2-6 6-0 6-0,3,R32,63,2,2,56,32,20,15,10,0,3,0,8,61,39,20,5,10,4,11
2021-9649,Antalya 1,Clay,32,C,,20210131,7,TD47,9,,Evgenii Tiurnev,R,191,RUS,23.817,421,93,W09B,,,Damien Wenger,R,173,SUI,20.876,802,22,6-2 6-3,3,R32,69,6,4,53,33,24,7,9,1,3,1,0,41,24,12,8,8,0,5
2021-9649,Antalya 1,Clay,32,C,,20210131,8,CO01,,,Andrey Chepelev,L,178,RUS,22.5,678,33,LG37,,,Grigoriy Lomakin,R,198,KAZ,22.875,829,20,7-5 6-4,3,R32,99,1,1,64,46,36,10,11,4,5,5,4,69,44,32,9,11,4,7
2021-9649,Antalya 1,Clay,32,C,,20210131,9,C0B2,,,Cezar Cretu,R,188,ROU,19.773,834,19,SR81,,,Khumoyun Sultanov,R,180,UZB,22.264,330,133,6-3 6-3,3,R32,91,1,1,64,31,17,19,9,2,5,0,1,56,36,16,7,9,4,10
2021-9649,Antalya 1,Clay,32,C,,20210131,10,FC49,,,Giovanni Fonio,R,183,ITA,22.738,557,55,P0D0,,,Jakub Paul,R,180,SUI,21.864,675,33,6-1 6-0,3,R32,40,3,1,28,19,17,7,6,0,0,0,4,45,25,11,6,7,3,9
2021-9649,Antalya 1,Clay,32,C,,20210131,11,H0A4,,,Nick Hardt,R,185,DOM,20.364,519,64,K0DP,,,Oleksii Krutykh,R,185,UKR,20.895,558,55,7-5 6-3,3,R32,118,3,1,72,41,27,19,11,4,5,0,1,82,53,31,16,10,6,9
2021-9649,Antalya 1,Clay,32,C,,20210131,12,J468,,,Alexandru Jecan,L,180,ROU,32.665,488,73,CF10,,,Nick Chappell,L,178,USA,28.367,410,97,6-2 7-6(2),3,R32,103,3,0,60,44,31,10,10,3,5,1,0,67,37,19,15,10,3,7
2021-9649,Antalya 1,Clay,32,C,,20210131,13,J09X,,,Filip Cristian Jianu,R,180,ROU,19.37,396,102,AD04,,,Sarp Agabigun,R,178,TUR,23.639,887,16,6-0 7-5,3,R32,80,1,0,50,31,19,13,9,1,3,0,4,60,24,11,16,9,8,14
2021-9649,Antalya 1,Clay,32,C,,20210131,14,LI39,,,Alexandar Lazarov,R,191,BUL,23.236,548,58,K771,,,Marsel Ilhan,R,191,TUR,33.643,572,51,6-3 6-3,3,R32,73,4,3,63,42,30,10,9,4,5,1,3,61,27,16,15,9,6,10
2021-9649,Antalya 1,Clay,32,C,,20210131,15,LE01,,,Duckhee Lee,R,170,KOR,22.678,281,193,M0CI,,,Fabian Marozsan,R,193,HUN,21.317,536,61,6-4 6-1,3,R32,64,1,5,56,31,24,13,8,3,4,0,8,61,40,26,4,9,3,8
2021-9649,Antalya 1,Clay,32,C,,20210131,16,O659,,,Vladyslav Orlov,R,188,UKR,25.711,351,123,K0BJ,,,Georgii Kravchenko,R,180,UKR,20.512,547,58,6-4 6-1,3,R32,76,0,0,62,47,29,8,9,1,3,0,1,46,31,14,6,8,0,5
2021-9649,Antalya 1,Clay,32,C,,20210131,17,I306,,,Cem Ilkel,R,185,TUR,25.448,219,265,J09X,,,Filip Cristian Jianu,R,180,ROU,19.37,396,102,6-7(3) 6-4 6-0,3,R16,131,0,4,80,44,31,20,14,3,7,3,2,84,49,25,17,14,4,12
2021-9649,Antalya 1,Clay,32,C,,20210131,18,A0CJ,3,,Duje Ajdukovic,R,188,CRO,19.986,321,140,C0B2,,,Cezar Cretu,R,188,ROU,19.773,834,19,4-6 6-4 6-4,3,R16,136,3,2,98,51,34,25,15,7,11,5,4,90,55,35,19,15,6,11
2021-9649,Antalya 1,Clay,32,C,,20210131,19,FC49,,,Giovanni Fonio,R,183,ITA,22.738,557,55,PH78,4,,Ryan Peniston,L,180,GBR,25.227,378,109,1-6 6-4 6-4,3,R16,122,2,5,86,45,28,19,13,7,13,2,3,81,54,29,13,14,5,11
2021-9649,Antalya 1,Clay,32,C,,20210131,20,H0A4,,,Nick Hardt,R,185,DOM,20.364,519,64,BV25,6,,Javier Barranco Cosano,L,180,ESP,22.207,316,146,5-7 6-0 6-2,3,R16,133,2,4,94,52,37,19,13,9,12,1,1,83,44,24,17,13,4,11
2021-9649,Antalya 1,Clay,32,C,,20210131,21,F840,7,,Nerman Fatic,R,191,BIH,26.272,370,113,O659,,,Vladyslav Orlov,R,188,UKR,25.711,351,123,W/O,3,R16,,,,,,,,,,,,,,,,,,,
2021-9649,Antalya 1,Clay,32,C,,20210131,22,TD47,9,,Evgenii Tiurnev,R,191,RUS,23.817,421,93,J468,,,Alexandru Jecan,L,180,ROU,32.665,488,73,6-3 4-6 6-3,3,R16,129,6,4,93,52,37,19,14,6,9,0,2,93,54,33,19,14,9,14
2021-9649,Antalya 1,Clay,32,C,,20210131,23,LI39,,,Alexandar Lazarov,R,191,BUL,23.236,548,58,CO01,,,Andrey Chepelev,L,178,RUS,22.5,678,33,6-2 6-0,3,R16,66,2,1,45,26,21,9,7,2,3,0,4,50,31,15,5,7,3,9
2021-9649,Antalya 1,Clay,32,C,,20210131,24,PL64,,,Oleg Prihodko,R,180,UKR,23.329,748,26,LE01,,,Duckhee Lee,R,170,KOR,22.678,281,193,6-3 6-3,3,R16,66,3,3,45,31,22,7,9,0,3,2,6,54,34,17,5,9,3,9
2021-9649,Antalya 1,Clay,32,C,,20210131,25,PL64,,,Oleg Prihodko,R,180,UKR,23.329,748,26,I306,,,Cem Ilkel,R,185,TUR,25.448,219,265,6-3 3-6 6-2,3,QF,114,3,2,79,54,38,13,13,2,5,1,2,79,48,28,16,13,1,6
2021-9649,Antalya 1,Clay,32,C,,20210131,26,F840,7,,Nerman Fatic,R,191,BIH,26.272,370,113,A0CJ,3,,Duje Ajdukovic,R,188,CRO,19.986,321,140,6-4 7-5,3,QF,99,2,4,66,39,23,14,11,6,10,0,3,70,36,20,13,11,5,11
2021-9649,Antalya 1,Clay,32,C,,20210131,27,TD47,9,,Evgenii Tiurnev,R,191,RUS,23.817,421,93,LI39,,,Alexandar Lazarov,R,191,BUL,23.236,548,58,6-4 6-7(5) 6-1,3,QF,119,9,3,91,43,32,26,15,3,6,1,3,86,61,37,12,14,5,11
2021-9649,Antalya 1,Clay,32,C,,20210131,28,FC49,,,Giovanni Fonio,R,183,ITA,22.738,557,55,H0A4,,,Nick Hardt,R,185,DOM,20.364,519,64,7-6(0) 6-2,3,QF,97,5,3,69,42,31,14,10,5,7,1,3,63,39,22,12,10,1,5
2021-9649,Antalya 1,Clay,32,C,,20210131,29,TD47,9,,Evgenii Tiurnev,R,191,RUS,23.817,421,93,F840,7,,Nerman Fatic,R,191,BIH,26.272,370,113,6-2 5-7 4-1 RET,3,SF,130,3,7,92,55,37,14,13,9,14,0,5,80,56,29,6,12,6,13
2021-9649,Antalya 1,Clay,32,C,,20210131,30,PL64,,,Oleg Prihodko,R,180,UKR,23.329,748,26,FC49,,,Giovanni Fonio,R,183,ITA,22.738,557,55,1-6 6-1 6-3,3,SF,93,1,2,73,53,33,10,11,0,3,1,7,77,50,29,11,12,4,9
2021-9649,Antalya 1,Clay,32,C,,20210131,31,TD47,9,,Evgenii Tiurnev,R,191,RUS,23.817,421,93,PL64,,,Oleg Prihodko,R,180,UKR,23.329,748,26,3-6 6-4 6-4,3,F,124,3,8,83,42,31,21,14,6,10,0,2,109,85,53,10,15,10,15
2021-398,Cherbourg,Hard,32,C,,20210214,1,KB09,1,,Denis Kudla,R,180,USA,28.496,116,608,SP80,,,Nino Serdarusic,R,191,CRO,24.172,294,172,6-3 6-1,3,R32,54,6,1,40,28,23,10,8,1,1,8,5,49,34,25,1,8,4,8
2021-398,Cherbourg,Hard,32,C,,20210214,2,HA71,2,,Antoine Hoang,R,183,FRA,25.281,119,575,TA29,,,Marco Trungelliti,R,178,ARG,31.039,248,226,6-1 6-0,3,R32,46,1,1,38,29,19,6,7,0,1,0,5,41,19,7,5,6,6,12
2021-398,Cherbourg,Hard,32,C,,20210214,3,RC91,3,,Arthur Rinderknech,R,196,FRA,25.566,138,496,V717,,,Alexey Vatutin,R,178,RUS,28.301,249,225,4-6 6-0 6-3,3,R32,93,17,1,79,62,43,7,13,5,7,2,2,81,54,31,12,12,4,9
2021-398,Cherbourg,Hard,32,C,,20210214,4,R09X,4,,Jurij Rodionov,L,191,AUT,21.752,152,458,D750,,,Kenny De Schepper,L,203,FRA,33.717,653,36,7-5 3-6 6-3,3,R32,115,5,1,88,48,40,24,15,6,7,13,1,87,58,42,15,15,2,4
2021-398,Cherbourg,Hard,32,C,,20210214,5,G967,5,,Peter Gojowczyk,R,188,GER,31.587,143,483,W857,,,Tung-Lin Wu,R,188,TPE,22.762,250,225,6-2 6-4,3,R32,53,4,1,50,25,23,11,9,4,5,3,0,51,43,23,4,9,0,4
2021-398,Cherbourg,Hard,32,C,,20210214,6,MW76,,,Matteo Martineau,R,183,FRA,22.081,422,94,Z419,6,,Bernabe Zapata Miralles,R,183,ESP,24.09,142,484,7-6(12) 6-3,3,R32,87,15,1,71,54,44,9,11,2,3,4,0,67,48,33,10,10,1,3
2021-398,Cherbourg,Hard,32,C,,20210214,7,O513,8,,Sebastian Ofner,R,191,AUT,24.761,163,409,MH16,,,Yannick Maden,R,185,GER,31.299,175,386,6-1 6-3,3,R32,48,8,1,41,27,23,10,8,0,0,2,3,48,31,17,9,8,2,6
2021-398,Cherbourg,Hard,32,C,,20210214,8,BE54,,,Ruben Bemelmans,L,183,BEL,33.087,232,256,DF92,,,Corentin Denolly,L,188,FRA,23.693,335,131,3-6 6-1 6-4,3,R32,80,14,1,69,53,44,8,13,2,3,7,2,71,43,31,14,13,1,4
2021-398,Cherbourg,Hard,32,C,,20210214,9,FC26,,,Evan Furness,R,173,FRA,22.508,377,110,SF36,,,Igor Sijsling,R,191,NED,33.495,288,178,6-2 6-4,3,R32,65,9,2,49,28,26,9,9,0,1,5,1,70,37,20,18,9,7,11
2021-398,Cherbourg,Hard,32,C,,20210214,10,G09O,,,Hugo Gaston,L,173,FRA,20.386,168,395,LB51,,,Julian Lenz,R,188,GER,27.992,251,225,6-1 3-6 6-3,3,R32,84,9,2,74,45,34,16,13,0,2,5,6,72,39,30,13,12,7,11
2021-398,Cherbourg,Hard,32,C,,20210214,11,GG65,,,Michael Geerts,R,178,BEL,26.078,392,105,F0BT,,,Jonas Forejtek,R,183,CZE,19.934,367,115,6-7(2) 6-4 6-2,3,R32,148,5,3,117,84,53,17,15,4,7,11,0,102,75,44,13,15,7,13
2021-398,Cherbourg,Hard,32,C,,20210214,12,I165,,,Denis Istomin,R,185,UZB,34.439,184,356,LI37,,,Nathaniel Lammons,R,180,USA,27.51,595,3,6-3 5-7 6-4,3,R32,96,5,0,91,60,46,17,16,5,7,6,2,81,54,41,12,15,1,4
2021-398,Cherbourg,Hard,32,C,,20210214,13,KI63,,,Lukas Klein,R,193,SVK,22.902,297,167,O482,,,Gonzalo Oliveira,L,185,VEN,25.993,287,182,6-1 6-4,3,R32,62,7,0,49,35,26,11,9,0,0,3,2,56,29,18,12,8,8,11
2021-398,Cherbourg,Hard,32,C,,20210214,14,LB66,,,Constant Lestienne,R,180,FRA,28.731,221,273,D0DW,,,Titouan Droguet,R,191,FRA,19.669,782,23,1-6 6-1 6-2,3,R32,80,7,5,61,32,27,15,11,1,3,5,2,67,41,23,15,11,7,11
2021-398,Cherbourg,Hard,32,C,,20210214,15,R685,,,Lukas Rosol,R,193,CZE,35.562,198,334,MV14,,,Alex Molcan,L,178,SVK,23.206,304,157,1-6 6-3 7-6(6),3,R32,116,8,3,97,63,45,18,14,2,4,9,4,104,67,49,20,14,7,8
2021-398,Cherbourg,Hard,32,C,,20210214,16,Z09D,,,Kacper Zuk,R,183,POL,22.067,245,231,J620,,,Maxime Janvier,R,196,FRA,24.326,208,308,7-6(4) 1-0 RET,3,R32,56,4,0,40,29,20,9,7,0,1,3,2,43,33,22,5,6,0,1
2021-398,Cherbourg,Hard,32,C,,20210214,17,GG65,,,Michael Geerts,R,178,BEL,26.078,392,105,KB09,1,,Denis Kudla,R,180,USA,28.496,116,608,6-1 6-7(5) 6-3,3,R16,132,15,0,97,51,39,28,15,4,4,10,3,80,47,33,19,13,4,7
2021-398,Cherbourg,Hard,32,C,,20210214,18,R685,,,Lukas Rosol,R,193,CZE,35.562,198,334,HA71,2,,Antoine Hoang,R,183,FRA,25.281,119,575,6-3 5-7 7-5,3,R16,126,7,3,103,66,51,19,16,6,7,10,1,98,68,43,22,17,5,8
2021-398,Cherbourg,Hard,32,C,,20210214,19,RC91,3,,Arthur Rinderknech,R,196,FRA,25.566,138,496,FC26,,,Evan Furness,R,173,FRA,22.508,377,110,7-6(5) 6-3,3,R16,89,9,0,64,45,40,11,11,2,2,3,6,79,56,39,12,10,5,6
2021-398,Cherbourg,Hard,32,C,,20210214,20,KI63,,,Lukas Klein,R,193,SVK,22.902,297,167,R09X,4,,Jurij Rodionov,L,191,AUT,21.752,152,458,4-6 6-1 6-3,3,R16,91,11,2,69,44,35,16,13,1,2,4,1,79,54,38,12,13,8,12
2021-398,Cherbourg,Hard,32,C,,20210214,21,G09O,,,Hugo Gaston,L,173,FRA,20.386,168,395,G967,5,,Peter Gojowczyk,R,188,GER,31.587,143,483,4-6 6-3 6-2,3,R16,88,8,7,81,45,31,20,14,1,4,9,2,79,46,32,13,13,6,11
2021-398,Cherbourg,Hard,32,C,,20210214,22,Z09D,,,Kacper Zuk,R,183,POL,22.067,245,231,O513,8,,Sebastian Ofner,R,191,AUT,24.761,163,409,6-3 6-2,3,R16,59,3,1,56,27,23,16,9,4,5,2,4,49,28,13,11,8,3,7
2021-398,Cherbourg,Hard,32,C,,20210214,23,BE54,,,Ruben Bemelmans,L,183,BEL,33.087,232,256,I165,,,Denis Istomin,R,185,UZB,34.439,184,356,6-4 7-6(4),3,R16,85,7,0,72,54,37,12,11,2,3,7,1,72,52,39,8,11,1,3
2021-398,Cherbourg,Hard,32,C,,20210214,24,LB66,,,Constant Lestienne,R,180,FRA,28.731,221,273,MW76,,,Matteo Martineau,R,183,FRA,22.081,422,94,6-3 6-4,3,R16,71,4,1,51,27,25,15,10,0,0,5,1,65,36,22,17,9,0,2
2021-398,Cherbourg,Hard,32,C,,20210214,25,RC91,3,,Arthur Rinderknech,R,196,FRA,25.566,138,496,LB66,,,Constant Lestienne,R,180,FRA,28.731,221,273,7-6(4) 7-6(3),3,QF,122,10,3,91,57,41,16,12,6,9,5,2,77,39,27,21,12,2,5
2021-398,Cherbourg,Hard,32,C,,20210214,26,BE54,,,Ruben Bemelmans,L,183,BEL,33.087,232,256,GG65,,,Michael Geerts,R,178,BEL,26.078,392,105,4-6 6-1 7-6(4),3,QF,109,13,2,83,56,46,19,15,1,2,5,0,79,53,43,14,14,3,5
2021-398,Cherbourg,Hard,32,C,,20210214,27,G09O,,,Hugo Gaston,L,173,FRA,20.386,168,395,KI63,,,Lukas Klein,R,193,SVK,22.902,297,167,6-0 6-3,3,QF,51,2,1,43,25,23,10,8,0,0,1,4,50,31,21,3,7,2,6
2021-398,Cherbourg,Hard,32,C,,20210214,28,R685,,,Lukas Rosol,R,193,CZE,35.562,198,334,Z09D,,,Kacper Zuk,R,183,POL,22.067,245,231,7-6(2) 4-6 7-6(2),3,QF,121,13,4,122,78,60,17,17,7,11,10,1,94,53,39,24,17,2,5
2021-398,Cherbourg,Hard,32,C,,20210214,29,BE54,,,Ruben Bemelmans,L,183,BEL,33.087,232,256,RC91,3,,Arthur Rinderknech,R,196,FRA,25.566,138,496,6-3 3-6 7-5,3,SF,101,11,1,85,61,47,13,15,2,3,7,2,79,50,42,15,15,3,5
2021-398,Cherbourg,Hard,32,C,,20210214,30,R685,,,Lukas Rosol,R,193,CZE,35.562,198,334,G09O,,,Hugo Gaston,L,173,FRA,20.386,168,395,7-5 2-6 6-3,3,SF,104,14,4,80,44,38,15,15,0,3,9,5,107,53,42,23,14,13,16
2021-398,Cherbourg,Hard,32,C,,20210214,31,BE54,,,Ruben Bemelmans,L,183,BEL,33.087,232,256,R685,,,Lukas Rosol,R,193,CZE,35.562,198,334,6-4 6-4,3,F,70,4,4,54,36,33,9,10,4,4,4,3,67,44,28,13,10,3,5
2021-8371,Potchefstroom 1,Hard,32,C,,20210214,1,KC33,,,Dimitar Kuzmanov,R,183,BUL,27.551,278,196,GA94,1,,Prajnesh Gunneswaran,L,188,IND,31.258,131,516,6-3 6-4,3,R32,78,1,3,61,42,29,10,10,7,9,4,1,48,22,15,11,9,3,7
2021-8371,Potchefstroom 1,Hard,32,C,,20210214,2,BM95,2,,Benjamin Bonzi,R,183,FRA,24.684,137,497,BU54,,,Geoffrey Blancaneaux,R,180,FRA,22.522,286,182,6-2 6-4,3,R32,81,5,0,49,32,26,12,9,2,2,5,4,70,34,24,14,9,12,15
2021-8371,Potchefstroom 1,Hard,32,C,,20210214,3,GF95,,,Hugo Grenier,R,196,FRA,24.898,243,234,HH06,3,,Marc-Andrea Huesler,L,196,SUI,24.643,148,473,7-6(5) 7-5,3,R32,123,10,15,108,60,45,22,12,14,15,7,7,77,54,39,11,12,0,2
2021-8371,Potchefstroom 1,Hard,32,C,,20210214,4,BV27,,,Ulises Blanch,R,188,USA,22.894,252,224,CI14,4,,Jay Clarke,R,183,GBR,22.554,193,345,7-6(5) 6-4,3,R32,90,10,4,71,47,37,13,11,4,5,0,3,72,38,29,17,11,5,7
2021-8371,Potchefstroom 1,Hard,32,C,,20210214,5,BI23,,,Liam Broady,L,183,GBR,27.113,191,346,SP24,5,,Brayden Schnur,R,193,CAN,25.618,209,305,6-4 6-3,3,R32,98,4,1,64,37,28,17,10,3,4,5,5,70,44,30,10,9,9,12
2021-8371,Potchefstroom 1,Hard,32,C,,20210214,6,I306,6,,Cem Ilkel,R,185,TUR,25.487,214,289,B0CD,,,Jenson Brooksby,R,193,USA,20.304,315,149,6-3 6-4,3,R32,86,3,4,69,35,27,18,10,3,4,0,4,57,44,26,7,9,4,7
2021-8371,Potchefstroom 1,Hard,32,C,,20210214,7,PB22,7,,Peter Polansky,R,183,CAN,32.668,220,275,GB61,,,Viktor Galovic,R,193,CRO,30.407,285,183,6-2 3-6 7-6(2),3,R32,113,18,4,95,50,36,27,14,4,6,17,3,93,58,44,15,15,6,9
2021-8371,Potchefstroom 1,Hard,32,C,,20210214,8,KD70,,,Pedja Krstin,R,183,SRB,26.45,271,207,CF88,8,,Roberto Cid Subervi,R,193,DOM,27.461,223,266,6-3 7-5,3,R32,105,5,10,70,32,25,18,11,2,4,7,1,58,32,21,11,10,0,4
2021-8371,Potchefstroom 1,Hard,32,C,,20210214,9,BE67,,,Mirza Basic,R,188,BIH,29.596,329,134,KH56,,,Zdenek Kolar,R,183,CZE,24.35,231,257,7-6(4) 7-5,3,R32,115,13,0,76,43,37,15,12,2,4,6,5,85,54,39,14,12,5,8
2021-8371,Potchefstroom 1,Hard,32,C,,20210214,10,BT68,,,Elliot Benchetrit,R,193,MAR,22.371,227,260,PH78,,,Ryan Peniston,L,180,GBR,25.265,380,109,4-6 6-4 6-4,3,R32,124,10,2,92,55,39,16,15,5,10,7,8,95,44,34,19,15,9,15
2021-8371,Potchefstroom 1,Hard,32,C,,20210214,11,CG32,,,Julien Cagnina,R,183,BEL,26.7,941,13,M0FN,,,Khololwam Montsi,R,168,RSA,18.237,1732,1,6-3 6-1,3,R32,78,3,5,52,27,19,14,8,3,5,0,1,65,41,15,12,8,8,14
2021-8371,Potchefstroom 1,Hard,32,C,,20210214,12,CF10,,,Nick Chappell,L,178,USA,28.405,411,97,KI74,,,Nicola Kuhn,R,185,GER,20.906,241,239,6-1 2-6 7-6(3),3,R32,129,5,5,94,61,49,12,14,3,5,0,0,71,42,28,20,13,0,2
2021-8371,Potchefstroom 1,Hard,32,C,,20210214,13,LC11,,,Tristan Lamasine,R,183,FRA,27.948,246,230,HB07,,,Vaughn Hunter,L,,RSA,26.404,1184,6,7-6(1) 1-6 6-1,3,R32,107,5,3,71,36,26,18,13,0,5,1,4,94,60,35,16,13,7,12
2021-8371,Potchefstroom 1,Hard,32,C,,20210214,14,MB53,,,Adrian Menendez-Maceiras,R,183,ESP,35.299,275,204,G681,,,Teymuraz Gabashvili,R,185,GEO,35.732,279,195,6-4 6-4,3,R32,101,3,1,63,33,22,15,10,2,5,3,5,63,39,23,9,10,5,10
2021-8371,Potchefstroom 1,Hard,32,C,,20210214,15,Q941,,,Roberto Quiroz,L,193,ECU,28.977,253,223,A0DX,,,Robbie Arends,R,,RSA,19.222,1653,1,6-2 6-2,3,R32,55,9,2,38,21,19,14,8,0,0,5,3,54,27,17,12,8,3,7
2021-8371,Potchefstroom 1,Hard,32,C,,20210214,16,T0AP,,,Chun-Hsin Tseng,R,175,TPE,19.521,283,188,SQ80,,,Akira Santillan,R,180,AUS,23.734,266,212,6-1 4-6 6-3,3,R32,107,4,2,80,52,41,14,13,3,4,4,4,87,52,31,19,13,3,7
2021-8371,Potchefstroom 1,Hard,32,C,,20210214,17,BM95,2,,Benjamin Bonzi,R,183,FRA,24.684,137,497,Q941,,,Roberto Quiroz,L,193,ECU,28.977,253,223,3-6 6-4 6-3,3,R16,93,7,1,72,40,31,22,14,1,3,6,3,79,53,35,16,14,3,6
2021-8371,Potchefstroom 1,Hard,32,C,,20210214,18,I306,6,,Cem Ilkel,R,185,TUR,25.487,214,289,CG32,,,Julien Cagnina,R,183,BEL,26.7,941,13,6-2 6-3,3,R16,68,3,2,53,29,25,14,9,1,1,4,2,48,20,14,13,8,0,3
2021-8371,Potchefstroom 1,Hard,32,C,,20210214,19,PB22,7,,Peter Polansky,R,183,CAN,32.668,220,275,LC11,,,Tristan Lamasine,R,183,FRA,27.948,246,230,6-4 6-4,3,R16,82,8,2,55,33,26,13,10,0,1,2,5,69,39,25,14,10,6,9
2021-8371,Potchefstroom 1,Hard,32,C,,20210214,20,BE67,,,Mirza Basic,R,188,BIH,29.596,329,134,KD70,,,Pedja Krstin,R,183,SRB,26.45,271,207,4-1 RET,3,R16,21,1,1,9,7,7,1,2,0,0,2,5,20,10,7,2,3,0,2
2021-8371,Potchefstroom 1,Hard,32,C,,20210214,21,BI23,,,Liam Broady,L,183,GBR,27.113,191,346,MB53,,,Adrian Menendez-Maceiras,R,183,ESP,35.299,275,204,6-4 7-6(3),3,R16,116,1,4,71,40,30,19,11,3,4,1,7,74,39,30,15,11,2,4
2021-8371,Potchefstroom 1,Hard,32,C,,20210214,22,CF10,,,Nick Chappell,L,178,USA,28.405,411,97,GF95,,,Hugo Grenier,R,196,FRA,24.898,243,234,6-2 6-4,3,R16,75,2,0,55,36,27,8,9,2,4,1,8,54,30,20,7,9,6,11
2021-8371,Potchefstroom 1,Hard,32,C,,20210214,23,KC33,,,Dimitar Kuzmanov,R,183,BUL,27.551,278,196,BT68,,,Elliot Benchetrit,R,193,MAR,22.371,227,260,6-2 7-5,3,R16,88,7,3,55,35,30,10,10,3,4,5,0,69,43,25,13,10,10,14
2021-8371,Potchefstroom 1,Hard,32,C,,20210214,24,T0AP,,,Chun-Hsin Tseng,R,175,TPE,19.521,283,188,BV27,,,Ulises Blanch,R,188,USA,22.894,252,224,6-7(2) 6-3 2-0 RET,3,R16,106,9,6,73,40,30,18,12,3,5,8,5,81,42,29,17,11,4,8
2021-8371,Potchefstroom 1,Hard,32,C,,20210214,25,BM95,2,,Benjamin Bonzi,R,183,FRA,24.684,137,497,BE67,,,Mirza Basic,R,188,BIH,29.596,329,134,6-3 6-1,3,QF,51,5,2,44,27,24,10,8,2,2,6,0,48,35,22,3,8,4,8
2021-8371,Potchefstroom 1,Hard,32,C,,20210214,26,I306,6,,Cem Ilkel,R,185,TUR,25.487,214,289,KC33,,,Dimitar Kuzmanov,R,183,BUL,27.551,278,196,4-6 6-3 6-2,3,QF,101,8,4,78,49,41,16,14,3,4,4,3,64,39,27,16,13,0,3
2021-8371,Potchefstroom 1,Hard,32,C,,20210214,27,CF10,,,Nick Chappell,L,178,USA,28.405,411,97,PB22,7,,Peter Polansky,R,183,CAN,32.668,220,275,6-4 6-7(3) 6-4,3,QF,159,9,3,108,66,48,23,16,6,8,5,4,103,59,39,25,16,2,6
2021-8371,Potchefstroom 1,Hard,32,C,,20210214,28,BI23,,,Liam Broady,L,183,GBR,27.113,191,346,T0AP,,,Chun-Hsin Tseng,R,175,TPE,19.521,283,188,6-3 6-3,3,QF,77,2,3,60,43,28,10,9,2,3,0,3,48,20,13,13,9,1,5
2021-8371,Potchefstroom 1,Hard,32,C,,20210214,29,BM95,2,,Benjamin Bonzi,R,183,FRA,24.684,137,497,CF10,,,Nick Chappell,L,178,USA,28.405,411,97,6-1 6-2,3,SF,62,4,2,51,33,27,10,8,1,1,2,4,61,36,22,8,7,6,10
2021-8371,Potchefstroom 1,Hard,32,C,,20210214,30,BI23,,,Liam Broady,L,183,GBR,27.113,191,346,I306,6,,Cem Ilkel,R,185,TUR,25.487,214,289,7-6(3) 6-4,3,SF,102,3,2,69,50,36,12,11,0,1,3,6,82,47,34,13,11,5,7
2021-8371,Potchefstroom 1,Hard,32,C,,20210214,31,BM95,2,,Benjamin Bonzi,R,183,FRA,24.684,137,497,BI23,,,Liam Broady,L,183,GBR,27.113,191,346,7-5 6-4,3,F,100,4,0,73,40,27,22,11,4,5,1,1,69,56,38,4,11,6,9
2021-9434,Biella 1,Hard,32,C,,20210214,1,DH50,1,,Alejandro Davidovich Fokina,R,180,ESP,21.697,54,1078,D916,,,Steven Diez,R,175,CAN,29.916,180,365,6-3 6-0,3,R32,66,7,2,49,35,27,9,8,4,4,2,6,50,30,18,6,7,5,9
2021-9434,Biella 1,Hard,32,C,,20210214,2,PG20,,,Dmitry Popko,R,191,KAZ,24.309,170,391,K0AH,2,,Sebastian Korda,R,196,USA,20.613,88,810,6-4 6-3,3,R32,68,4,1,65,43,34,12,10,4,4,8,3,48,31,28,7,9,1,3
2021-9434,Biella 1,Hard,32,C,,20210214,3,KF17,3,,Soonwoo Kwon,R,180,KOR,23.203,97,768,J380,,,Jason Jung,R,180,TPE,31.669,136,500,6-3 6-4,3,R32,82,6,4,60,34,29,15,10,3,3,3,3,63,38,26,13,9,3,5
2021-9434,Biella 1,Hard,32,C,,20210214,4,SA93,4,,Andreas Seppi,R,191,ITA,36.983,108,699,V490,,,Matteo Viola,R,185,ITA,33.61,225,262,6-2 4-6 7-5,3,R32,138,8,8,118,68,42,22,15,12,17,0,3,88,59,38,9,15,8,15
2021-9434,Biella 1,Hard,32,C,,20210214,5,MQ75,5,,Kamil Majchrzak,R,183,POL,25.09,109,690,RA51,,,Blaz Rola,L,193,SLO,30.363,159,424,7-6(5) 6-4,3,R32,104,5,2,80,52,38,16,11,4,4,6,3,65,34,24,21,11,1,2
2021-9434,Biella 1,Hard,32,C,,20210214,6,MH16,,,Yannick Maden,R,185,GER,31.299,175,386,HA71,6,,Antoine Hoang,R,183,FRA,25.281,119,575,6-0 6-2,3,R32,55,1,0,34,19,16,12,7,0,0,4,1,42,28,13,5,7,6,11
2021-9434,Biella 1,Hard,32,C,,20210214,7,M0EJ,7,,Lorenzo Musetti,R,185,ITA,18.954,122,562,N679,,,Stefano Napolitano,R,196,ITA,25.848,280,194,7-5 6-3,3,R32,99,9,3,81,49,31,17,11,7,9,3,0,66,39,23,13,10,3,7
2021-9434,Biella 1,Hard,32,C,,20210214,8,D864,8,,Evgeny Donskoy,R,185,RUS,30.771,123,548,SK47,,,Mohamed Safwat,R,180,EGY,30.407,150,463,6-3 6-4,3,R32,65,5,0,51,22,20,21,10,1,1,4,2,50,24,19,14,9,2,4
2021-9434,Biella 1,Hard,32,C,,20210214,9,F586,,,Thomas Fabbiano,R,173,ITA,31.723,174,386,G983,,,Alessandro Giannessi,L,185,ITA,30.713,160,423,6-1 6-4,3,R32,71,2,1,55,42,31,8,9,5,5,6,1,53,33,20,10,8,3,6
2021-9434,Biella 1,Hard,32,C,,20210214,10,GB53,,,Federico Gaio,R,178,ITA,28.947,140,492,MI01,,,Hiroki Moriya,R,168,JPN,30.333,242,234,6-3 6-1,3,R32,66,5,3,50,29,20,13,8,2,3,1,5,46,26,15,7,8,5,10
2021-9434,Biella 1,Hard,32,C,,20210214,11,G858,,,Ernests Gulbis,R,191,LAT,32.46,187,351,BV24,,,Raul Brancaccio,R,183,ITA,23.784,373,113,4-6 6-3 6-4,3,R32,110,12,3,80,45,37,15,15,1,4,1,3,79,45,31,16,14,2,6
2021-9434,Biella 1,Hard,32,C,,20210214,12,K966,,,Martin Klizan,L,191,SVK,31.598,158,432,Z419,,,Bernabe Zapata Miralles,R,183,ESP,24.09,142,484,7-6(5) 6-4,3,R32,95,6,4,70,33,29,22,11,3,4,4,5,73,47,35,11,11,5,7
2021-9434,Biella 1,Hard,32,C,,20210214,13,L797,,,Lukas Lacko,R,188,SVK,33.284,186,353,K834,,,Blaz Kavcic,R,188,SLO,33.949,257,220,6-3 6-2,3,R32,74,9,4,65,29,28,17,9,7,7,1,7,48,23,17,9,8,1,4
2021-9434,Biella 1,Hard,32,C,,20210214,14,LB66,,,Constant Lestienne,R,180,FRA,28.731,221,273,N0BG,,,Luca Nardi,R,185,ITA,17.528,795,22,5-7 7-6(10) 7-6(0),3,R32,172,5,3,121,62,43,34,18,5,9,6,8,154,96,65,25,18,14,17
2021-9434,Biella 1,Hard,32,C,,20210214,15,ME89,,,Illya Marchenko,R,185,UKR,33.437,212,301,Z0A1,,,Giulio Zeppieri,L,183,ITA,19.19,328,135,7-6(1) 4-6 6-3,3,R32,140,9,4,99,56,46,22,16,5,8,5,4,92,57,38,17,15,2,5
2021-9434,Biella 1,Hard,32,C,,20210214,16,MJ01,,,Roberto Marcora,R,193,ITA,31.461,182,359,L949,,,Henri Laaksonen,R,185,SUI,28.876,139,492,7-6(4) 6-1,3,R32,92,8,2,72,38,31,16,9,4,4,5,2,68,24,17,21,10,4,7
2021-9434,Biella 1,Hard,32,C,,20210214,17,GB53,,,Federico Gaio,R,178,ITA,28.947,140,492,DH50,1,,Alejandro Davidovich Fokina,R,180,ESP,21.697,54,1078,7-6(2) 6-4,3,R16,104,7,1,88,53,38,17,11,8,10,5,5,66,37,27,13,11,5,8
2021-9434,Biella 1,Hard,32,C,,20210214,18,KF17,3,,Soonwoo Kwon,R,180,KOR,23.203,97,768,MJ01,,,Roberto Marcora,R,193,ITA,31.461,182,359,6-2 6-2,3,R16,63,6,4,55,33,26,12,8,2,2,1,5,46,22,14,11,8,2,6
2021-9434,Biella 1,Hard,32,C,,20210214,19,SA93,4,,Andreas Seppi,R,191,ITA,36.983,108,699,K966,,,Martin Klizan,L,191,SVK,31.598,158,432,7-6(8) 6-3,3,R16,113,5,4,78,47,39,12,11,6,9,4,2,70,34,24,15,10,3,7
2021-9434,Biella 1,Hard,32,C,,20210214,20,ME89,,,Illya Marchenko,R,185,UKR,33.437,212,301,MQ75,5,,Kamil Majchrzak,R,183,POL,25.09,109,690,1-6 6-4 6-1,3,R16,113,6,4,78,33,23,24,12,5,8,4,1,72,48,31,10,12,4,8
2021-9434,Biella 1,Hard,32,C,,20210214,21,M0EJ,7,,Lorenzo Musetti,R,185,ITA,18.954,122,562,L797,,,Lukas Lacko,R,188,SVK,33.284,186,353,6-4 6-3,3,R16,80,4,3,65,40,34,10,10,5,6,4,0,59,39,25,10,9,6,9
2021-9434,Biella 1,Hard,32,C,,20210214,22,D864,8,,Evgeny Donskoy,R,185,RUS,30.771,123,548,LB66,,,Constant Lestienne,R,180,FRA,28.731,221,273,6-4 6-2,3,R16,86,8,4,66,33,26,16,9,5,6,4,4,57,27,16,13,9,2,6
2021-9434,Biella 1,Hard,32,C,,20210214,23,G858,,,Ernests Gulbis,R,191,LAT,32.46,187,351,PG20,,,Dmitry Popko,R,191,KAZ,24.309,170,391,6-1 6-4,3,R16,75,7,2,56,32,26,13,9,1,1,2,2,44,24,16,9,8,2,5
2021-9434,Biella 1,Hard,32,C,,20210214,24,MH16,,,Yannick Maden,R,185,GER,31.299,175,386,F586,,,Thomas Fabbiano,R,173,ITA,31.723,174,386,7-6(3) 6-1,3,R16,116,2,2,75,41,28,20,10,5,7,1,6,73,42,23,16,9,4,8
2021-9434,Biella 1,Hard,32,C,,20210214,25,KF17,3,,Soonwoo Kwon,R,180,KOR,23.203,97,768,MH16,,,Yannick Maden,R,185,GER,31.299,175,386,6-2 6-1,3,QF,63,3,2,44,19,14,19,8,2,3,2,1,41,22,12,5,7,3,8
2021-9434,Biella 1,Hard,32,C,,20210214,26,SA93,4,,Andreas Seppi,R,191,ITA,36.983,108,699,ME89,,,Illya Marchenko,R,185,UKR,33.437,212,301,6-4 7-5,3,QF,93,4,3,59,32,22,18,11,0,2,5,3,68,36,28,11,11,7,11
2021-9434,Biella 1,Hard,32,C,,20210214,27,M0EJ,7,,Lorenzo Musetti,R,185,ITA,18.954,122,562,G858,,,Ernests Gulbis,R,191,LAT,32.46,187,351,6-2 6-4,3,QF,84,4,0,66,40,29,16,9,6,6,6,4,52,26,17,14,9,4,7
2021-9434,Biella 1,Hard,32,C,,20210214,28,D864,8,,Evgeny Donskoy,R,185,RUS,30.771,123,548,GB53,,,Federico Gaio,R,178,ITA,28.947,140,492,6-3 6-2,3,QF,74,6,3,54,26,21,16,9,0,0,1,4,57,31,21,11,8,3,6
2021-9434,Biella 1,Hard,32,C,,20210214,29,KF17,3,,Soonwoo Kwon,R,180,KOR,23.203,97,768,D864,8,,Evgeny Donskoy,R,185,RUS,30.771,123,548,6-3 6-7(4) 6-1,3,SF,118,12,2,83,38,33,30,15,0,1,8,8,88,50,32,21,13,4,8
2021-9434,Biella 1,Hard,32,C,,20210214,30,M0EJ,7,,Lorenzo Musetti,R,185,ITA,18.954,122,562,SA93,4,,Andreas Seppi,R,191,ITA,36.983,108,699,3-6 6-3 6-4,3,SF,135,7,4,85,54,37,16,14,2,5,1,3,90,48,30,22,14,3,7
2021-9434,Biella 1,Hard,32,C,,20210214,31,KF17,3,,Soonwoo Kwon,R,180,KOR,23.203,97,768,M0EJ,7,,Lorenzo Musetti,R,185,ITA,18.954,122,562,6-2 6-3,3,F,71,3,1,51,26,21,13,9,1,3,2,2,48,32,16,5,8,3,8
2021-9436,Potchefstroom 1,Hard,32,C,,20210214,1,SQ80,,,Akira Santillan,R,180,AUS,23.734,266,212,GA94,1,,Prajnesh Gunneswaran,L,188,IND,31.258,131,516,6-3 3-6 7-5,3,R32,116,7,4,83,49,35,13,15,2,7,0,7,108,50,35,24,15,6,12
2021-9436,Potchefstroom 1,Hard,32,C,,20210214,2,BM95,2,,Benjamin Bonzi,R,183,FRA,24.684,137,497,D0CO,,,Jack Draper,L,193,GBR,19.149,309,154,6-1 6-2,3,R32,58,11,0,57,32,24,16,8,3,3,2,2,38,23,13,6,7,1,5
2021-9436,Potchefstroom 1,Hard,32,C,,20210214,3,HH06,3,,Marc-Andrea Huesler,L,196,SUI,24.643,148,473,HB07,,,Vaughn Hunter,L,,RSA,26.404,1184,6,6-3 6-2,3,R32,48,7,1,46,31,20,13,9,0,1,1,4,48,34,18,6,8,1,5
2021-9436,Potchefstroom 1,Hard,32,C,,20210214,4,BI23,4,,Liam Broady,L,183,GBR,27.113,191,346,GB61,,,Viktor Galovic,R,193,CRO,30.407,285,183,6-3 6-1,3,R32,63,2,0,36,23,21,11,8,0,0,2,2,66,53,28,5,8,11,15
2021-9436,Potchefstroom 1,Hard,32,C,,20210214,5,KC33,,,Dimitar Kuzmanov,R,183,BUL,27.551,278,196,CI14,5,,Jay Clarke,R,183,GBR,22.554,193,345,5-7 6-3 7-6(2),3,R32,199,2,3,112,72,49,21,17,7,11,6,5,116,61,46,24,16,8,12
2021-9436,Potchefstroom 1,Hard,32,C,,20210214,6,M0FN,,,Khololwam Montsi,R,168,RSA,18.237,1732,1,SP24,6,,Brayden Schnur,R,193,CAN,25.618,209,305,6-4 6-1,3,R32,72,0,3,50,30,21,11,8,3,4,3,7,63,43,24,6,9,6,11
2021-9436,Potchefstroom 1,Hard,32,C,,20210214,7,I306,7,,Cem Ilkel,R,185,TUR,25.487,214,289,CG32,,,Julien Cagnina,R,183,BEL,26.7,941,13,6-1 7-6(1),3,R32,98,4,0,69,43,33,11,10,3,5,10,6,97,59,32,17,9,14,18
2021-9436,Potchefstroom 1,Hard,32,C,,20210214,8,BV27,,,Ulises Blanch,R,188,USA,22.894,252,224,PB22,8,,Peter Polansky,R,183,CAN,32.668,220,275,7-6(4) 6-3,3,R32,84,11,6,77,49,42,11,10,4,5,2,2,67,27,20,22,11,3,6
2021-9436,Potchefstroom 1,Hard,32,C,,20210214,9,BU54,,,Geoffrey Blancaneaux,R,180,FRA,22.522,286,182,KI82,,,Vit Kopriva,R,178,CZE,23.669,296,170,6-1 6-1,3,R32,59,0,5,50,35,26,5,7,6,7,0,8,37,22,8,3,7,1,7
2021-9436,Potchefstroom 1,Hard,32,C,,20210214,10,B0CD,,,Jenson Brooksby,R,193,USA,20.304,315,149,PH78,,,Ryan Peniston,L,180,GBR,25.265,380,109,6-7(7) 6-2 6-2,3,R32,148,1,4,88,52,40,14,14,4,8,1,8,99,59,34,15,14,5,13
2021-9436,Potchefstroom 1,Hard,32,C,,20210214,11,G681,,,Teymuraz Gabashvili,R,185,GEO,35.732,279,195,B0IY,,,Alec Beckley,R,183,RSA,19.661,,,2-6 6-1 6-1,3,R32,69,2,12,54,23,16,15,11,0,4,2,4,61,28,15,11,11,3,10
2021-9436,Potchefstroom 1,Hard,32,C,,20210214,12,KI74,,,Nicola Kuhn,R,185,GER,20.906,241,239,BT68,,,Elliot Benchetrit,R,193,MAR,22.371,227,260,6-3 6-4,3,R32,84,3,1,55,41,31,10,10,0,0,2,1,66,40,28,10,9,7,9
2021-9436,Potchefstroom 1,Hard,32,C,,20210214,13,LC11,,,Tristan Lamasine,R,183,FRA,27.948,246,230,Q941,,,Roberto Quiroz,L,193,ECU,28.977,253,223,7-5 7-5,3,R32,109,1,5,81,45,31,20,12,4,6,2,5,86,49,29,18,12,3,7
2021-9436,Potchefstroom 1,Hard,32,C,,20210214,14,MB53,,,Adrian Menendez-Maceiras,R,183,ESP,35.299,275,204,KH56,,,Zdenek Kolar,R,183,CZE,24.35,231,257,6-4 6-0,3,R32,77,1,0,47,32,29,7,8,2,2,2,6,56,29,18,11,8,3,7
2021-9436,Potchefstroom 1,Hard,32,C,,20210214,15,MO55,,,Lucas Miedler,R,183,AUT,24.652,308,156,KD70,,,Pedja Krstin,R,183,SRB,26.45,271,207,6-2 6-0,3,R32,50,8,2,38,19,18,10,7,0,0,0,5,43,28,14,4,7,1,6
2021-9436,Potchefstroom 1,Hard,32,C,,20210214,16,T0AP,,,Chun-Hsin Tseng,R,175,TPE,19.521,283,188,BE67,,,Mirza Basic,R,188,BIH,29.596,329,134,6-4 3-6 6-3,3,R32,100,3,0,87,55,40,17,14,4,6,12,4,77,48,39,11,14,2,5
2021-9436,Potchefstroom 1,Hard,32,C,,20210214,17,B0CD,,,Jenson Brooksby,R,193,USA,20.304,315,149,BM95,2,,Benjamin Bonzi,R,183,FRA,24.684,137,497,6-3 5-7 6-3,3,R16,119,0,0,86,69,48,9,15,5,8,5,3,88,46,27,22,15,4,9
2021-9436,Potchefstroom 1,Hard,32,C,,20210214,18,MO55,,,Lucas Miedler,R,183,AUT,24.652,308,156,HH06,3,,Marc-Andrea Huesler,L,196,SUI,24.643,148,473,4-6 6-3 6-4,3,R16,108,6,3,86,52,38,21,15,1,2,4,8,96,53,37,23,14,3,5
2021-9436,Potchefstroom 1,Hard,32,C,,20210214,19,BI23,4,,Liam Broady,L,183,GBR,27.113,191,346,BU54,,,Geoffrey Blancaneaux,R,180,FRA,22.522,286,182,6-3 6-0,3,R16,64,1,1,33,21,18,10,7,0,0,0,4,53,37,20,4,8,5,10
2021-9436,Potchefstroom 1,Hard,32,C,,20210214,20,I306,7,,Cem Ilkel,R,185,TUR,25.487,214,289,T0AP,,,Chun-Hsin Tseng,R,175,TPE,19.521,283,188,7-6(3) 7-5,3,R16,105,7,3,73,38,27,19,12,4,7,3,2,74,40,26,17,12,2,6
2021-9436,Potchefstroom 1,Hard,32,C,,20210214,21,G681,,,Teymuraz Gabashvili,R,185,GEO,35.732,279,195,BV27,,,Ulises Blanch,R,188,USA,22.894,252,224,6-4 1-6 6-3,3,R16,103,7,6,67,38,32,16,13,1,3,14,7,91,52,42,16,13,4,6
2021-9436,Potchefstroom 1,Hard,32,C,,20210214,22,KC33,,,Dimitar Kuzmanov,R,183,BUL,27.551,278,196,LC11,,,Tristan Lamasine,R,183,FRA,27.948,246,230,7-5 7-6(5),3,R16,122,4,0,101,65,46,17,12,7,8,5,4,67,42,34,14,12,2,4
2021-9436,Potchefstroom 1,Hard,32,C,,20210214,23,MB53,,,Adrian Menendez-Maceiras,R,183,ESP,35.299,275,204,M0FN,,,Khololwam Montsi,R,168,RSA,18.237,1732,1,6-3 6-0,3,R16,76,3,0,55,40,28,8,8,3,4,1,2,52,34,17,6,7,5,10
2021-9436,Potchefstroom 1,Hard,32,C,,20210214,24,SQ80,,,Akira Santillan,R,180,AUS,23.734,266,212,KI74,,,Nicola Kuhn,R,185,GER,20.906,241,239,6-4 3-6 6-4,3,R16,132,8,7,102,57,40,21,15,7,11,2,3,93,69,42,12,14,5,9
2021-9436,Potchefstroom 1,Hard,32,C,,20210214,25,BI23,4,,Liam Broady,L,183,GBR,27.113,191,346,MB53,,,Adrian Menendez-Maceiras,R,183,ESP,35.299,275,204,4-6 6-3 6-1,3,QF,139,6,6,83,48,36,17,13,2,4,6,1,77,49,30,13,13,1,6
2021-9436,Potchefstroom 1,Hard,32,C,,20210214,26,B0CD,,,Jenson Brooksby,R,193,USA,20.304,315,149,I306,7,,Cem Ilkel,R,185,TUR,25.487,214,289,6-1 6-4,3,QF,73,3,0,49,36,27,10,9,3,3,2,2,58,32,20,11,8,2,5
2021-9436,Potchefstroom 1,Hard,32,C,,20210214,27,G681,,,Teymuraz Gabashvili,R,185,GEO,35.732,279,195,SQ80,,,Akira Santillan,R,180,AUS,23.734,266,212,7-6(5) 4-6 6-3,3,QF,119,2,16,100,44,29,29,16,4,9,8,7,89,50,37,18,15,0,5
2021-9436,Potchefstroom 1,Hard,32,C,,20210214,28,MO55,,,Lucas Miedler,R,183,AUT,24.652,308,156,KC33,,,Dimitar Kuzmanov,R,183,BUL,27.551,278,196,5-7 6-2 6-2,3,QF,124,7,0,80,51,38,21,14,4,5,6,5,86,56,37,15,14,5,9
2021-9436,Potchefstroom 1,Hard,32,C,,20210214,29,G681,,,Teymuraz Gabashvili,R,185,GEO,35.732,279,195,BI23,4,,Liam Broady,L,183,GBR,27.113,191,346,1-6 6-4 6-4,3,SF,130,5,7,95,53,34,20,13,6,10,4,5,87,60,38,15,14,7,11
2021-9436,Potchefstroom 1,Hard,32,C,,20210214,30,B0CD,,,Jenson Brooksby,R,193,USA,20.304,315,149,MO55,,,Lucas Miedler,R,183,AUT,24.652,308,156,7-5 6-2,3,SF,81,4,0,53,43,34,6,10,1,2,1,4,64,25,14,21,10,6,10
2021-9436,Potchefstroom 1,Hard,32,C,,20210214,31,B0CD,,,Jenson Brooksby,R,193,USA,20.304,315,149,G681,,,Teymuraz Gabashvili,R,185,GEO,35.732,279,195,2-6 6-3 6-0,3,F,104,6,0,62,38,29,14,12,3,5,1,5,91,48,31,19,11,7,11
2021-9466,Biella 1,Hard,32,C,,20210214,1,A622,,,Andrea Arnaboldi,L,180,ITA,33.136,273,206,D994,1,,James Duckworth,R,183,AUS,29.068,105,721,6-4 6-3,3,R32,74,4,2,61,35,28,16,10,1,1,4,2,52,25,19,15,9,3,5
2021-9466,Biella 1,Hard,32,C,,20210214,2,SA93,2,,Andreas Seppi,R,191,ITA,36.983,108,699,SC77,,,Sergiy Stakhovsky,R,193,UKR,35.107,200,332,6-2 6-4,3,R32,67,3,3,56,29,22,16,9,2,2,5,2,52,32,24,8,9,0,3
2021-9466,Biella 1,Hard,32,C,,20210214,3,N0BG,,,Luca Nardi,R,185,ITA,17.528,795,22,SE73,3,,Yuichi Sugita,R,175,JPN,32.408,104,723,6-2 6-2,3,R32,59,4,2,48,35,25,8,8,3,4,1,6,55,19,13,12,8,4,9
2021-9466,Biella 1,Hard,32,C,,20210214,4,GA79,,,Lorenzo Giustino,R,180,ITA,29.432,157,436,U134,4,,Yasutaka Uchiyama,R,183,JPN,28.528,106,701,7-5 6-4,3,R32,129,7,5,99,53,36,24,11,9,10,6,2,76,41,28,15,11,6,9
2021-9466,Biella 1,Hard,32,C,,20210214,5,G967,5,,Peter Gojowczyk,R,188,GER,31.587,143,483,Z0A1,,,Giulio Zeppieri,L,183,ITA,19.19,328,135,6-7(5) 6-0 6-1,3,R32,98,3,4,80,46,37,20,13,3,4,2,3,79,51,32,8,12,8,14
2021-9466,Biella 1,Hard,32,C,,20210214,6,R09X,6,,Jurij Rodionov,L,191,AUT,21.752,152,458,V832,,,Aleksandar Vukic,R,188,AUS,24.86,196,341,6-4 6-4,3,R32,73,5,2,55,33,27,11,10,0,1,6,2,61,27,21,17,10,4,7
2021-9466,Biella 1,Hard,32,C,,20210214,7,SQ80,,,Akira Santillan,R,180,AUS,23.734,266,212,HH06,7,,Marc-Andrea Huesler,L,196,SUI,24.643,148,473,7-5 3-6 6-3,3,R32,108,9,9,90,51,43,18,15,8,10,8,5,87,43,32,25,15,5,8
2021-9466,Biella 1,Hard,32,C,,20210214,8,BC65,,,Matthias Bachinger,R,188,GER,33.873,276,201,K966,8,,Martin Klizan,L,191,SVK,31.598,158,432,6-1 6-1,3,R32,53,7,1,39,25,20,10,7,1,1,2,3,51,29,15,6,7,6,11
2021-9466,Biella 1,Hard,32,C,,20210214,9,BI23,,,Liam Broady,L,183,GBR,27.113,191,346,LB51,,,Julian Lenz,R,188,GER,27.992,251,225,7-6(1) 6-4,3,R32,120,3,2,64,32,22,18,11,0,3,5,9,93,48,35,15,11,8,12
2021-9466,Biella 1,Hard,32,C,,20210214,10,F0BT,,,Jonas Forejtek,R,183,CZE,19.934,367,115,K839,,,Tobias Kamke,R,178,GER,34.738,222,267,6-3 6-3,3,R32,79,8,1,50,30,26,10,9,1,2,1,6,77,40,24,16,9,5,9
2021-9466,Biella 1,Hard,32,C,,20210214,11,H756,,,Robin Haase,R,191,NED,33.862,197,340,MN20,,,Daniel Masur,R,183,GER,26.275,244,232,6-7(5) 6-3 6-2,3,R32,119,15,5,105,67,53,16,15,8,8,3,7,96,62,38,20,14,4,7
2021-9466,Biella 1,Hard,32,C,,20210214,12,HB64,,,Quentin Halys,R,191,FRA,24.304,207,310,BA65,,,Dustin Brown,R,196,JAM,36.186,268,209,6-1 6-4,3,R32,60,11,6,56,32,26,14,9,4,4,3,6,65,32,23,11,8,5,8
2021-9466,Biella 1,Hard,32,C,,20210214,13,KH56,,,Zdenek Kolar,R,183,CZE,24.35,231,257,MH16,,,Yannick Maden,R,185,GER,31.299,175,386,6-2 7-6(4),3,R32,108,6,2,76,38,29,18,10,5,7,5,4,75,42,25,16,10,6,10
2021-9466,Biella 1,Hard,32,C,,20210214,14,LC11,,,Tristan Lamasine,R,183,FRA,27.948,246,230,GF95,,,Hugo Grenier,R,196,FRA,24.898,243,234,6-4 6-2,3,R32,63,2,2,48,24,21,15,9,0,0,4,3,54,39,29,3,9,2,5
2021-9466,Biella 1,Hard,32,C,,20210214,15,ME89,,,Illya Marchenko,R,185,UKR,33.437,212,301,W857,,,Tung-Lin Wu,R,188,TPE,22.762,250,225,6-4 7-6(2),3,R32,114,6,2,81,48,39,14,11,4,5,5,1,86,57,40,12,11,6,8
2021-9466,Biella 1,Hard,32,C,,20210214,16,SP24,,,Brayden Schnur,R,193,CAN,25.618,209,305,N679,,,Stefano Napolitano,R,196,ITA,25.848,280,194,6-2 6-4,3,R32,80,8,0,79,60,38,12,9,7,7,6,1,44,28,20,8,9,2,5
2021-9466,Biella 1,Hard,32,C,,20210214,17,SA93,2,,Andreas Seppi,R,191,ITA,36.983,108,699,LC11,,,Tristan Lamasine,R,183,FRA,27.948,246,230,1-6 6-1 7-6(4),3,R16,116,3,1,82,49,35,17,13,4,7,2,3,86,54,36,17,13,3,6
2021-9466,Biella 1,Hard,32,C,,20210214,18,G967,5,,Peter Gojowczyk,R,188,GER,31.587,143,483,HB64,,,Quentin Halys,R,191,FRA,24.304,207,310,6-7(5) 6-1 7-6(4),3,R16,123,7,6,97,50,42,30,16,3,4,20,9,105,67,51,16,15,8,11
2021-9466,Biella 1,Hard,32,C,,20210214,19,R09X,6,,Jurij Rodionov,L,191,AUT,21.752,152,458,KH56,,,Zdenek Kolar,R,183,CZE,24.35,231,257,6-2 4-6 7-6(7),3,R16,172,11,5,121,75,54,19,15,11,14,1,2,102,56,43,22,15,6,10
2021-9466,Biella 1,Hard,32,C,,20210214,20,BI23,,,Liam Broady,L,183,GBR,27.113,191,346,N0BG,,,Luca Nardi,R,185,ITA,17.528,795,22,6-3 6-4,3,R16,74,2,2,57,35,27,13,10,1,2,2,3,56,25,19,13,9,2,5
2021-9466,Biella 1,Hard,32,C,,20210214,21,F0BT,,,Jonas Forejtek,R,183,CZE,19.934,367,115,SQ80,,,Akira Santillan,R,180,AUS,23.734,266,212,7-6(6) 6-3,3,R16,91,2,2,76,46,36,14,10,3,4,1,2,71,42,31,14,11,1,4
2021-9466,Biella 1,Hard,32,C,,20210214,22,H756,,,Robin Haase,R,191,NED,33.862,197,340,BC65,,,Matthias Bachinger,R,188,GER,33.873,276,201,6-2 6-4,3,R16,53,5,1,46,32,26,11,9,1,1,6,2,51,33,23,8,9,0,3
2021-9466,Biella 1,Hard,32,C,,20210214,23,ME89,,,Illya Marchenko,R,185,UKR,33.437,212,301,A622,,,Andrea Arnaboldi,L,180,ITA,33.136,273,206,6-2 7-5,3,R16,92,9,3,65,31,25,20,10,8,8,7,1,60,40,28,6,10,2,5
2021-9466,Biella 1,Hard,32,C,,20210214,24,SP24,,,Brayden Schnur,R,193,CAN,25.618,209,305,GA79,,,Lorenzo Giustino,R,180,ITA,29.432,157,436,6-4 6-2,3,R16,69,7,1,50,37,28,9,9,3,3,2,1,46,28,18,11,9,2,5
2021-9466,Biella 1,Hard,32,C,,20210214,25,SA93,2,,Andreas Seppi,R,191,ITA,36.983,108,699,G967,5,,Peter Gojowczyk,R,188,GER,31.587,143,483,3-1 RET,3,QF,15,3,0,10,6,5,3,2,0,0,2,0,19,14,8,1,2,2,3
2021-9466,Biella 1,Hard,32,C,,20210214,26,BI23,,,Liam Broady,L,183,GBR,27.113,191,346,R09X,6,,Jurij Rodionov,L,191,AUT,21.752,152,458,6-4 6-3,3,QF,95,5,1,80,58,32,10,10,10,14,3,3,52,37,19,4,9,2,8
2021-9466,Biella 1,Hard,32,C,,20210214,27,H756,,,Robin Haase,R,191,NED,33.862,197,340,SP24,,,Brayden Schnur,R,193,CAN,25.618,209,305,6-3 6-4,3,QF,61,7,2,58,38,29,14,10,1,1,7,4,46,29,26,6,9,1,3
2021-9466,Biella 1,Hard,32,C,,20210214,28,ME89,,,Illya Marchenko,R,185,UKR,33.437,212,301,F0BT,,,Jonas Forejtek,R,183,CZE,19.934,367,115,6-4 6-1,3,QF,83,5,3,52,28,23,14,8,0,0,5,2,78,45,26,15,9,9,13
2021-9466,Biella 1,Hard,32,C,,20210214,29,SA93,2,,Andreas Seppi,R,191,ITA,36.983,108,699,H756,,,Robin Haase,R,191,NED,33.862,197,340,6-1 7-5,3,SF,81,3,1,73,44,36,13,10,4,4,4,2,54,30,21,12,9,4,7
2021-9466,Biella 1,Hard,32,C,,20210214,30,BI23,,,Liam Broady,L,183,GBR,27.113,191,346,ME89,,,Illya Marchenko,R,185,UKR,33.437,212,301,6-3 7-6(2),3,SF,103,3,1,70,51,38,9,11,4,6,1,3,58,29,24,8,10,1,4
2021-9466,Biella 1,Hard,32,C,,20210214,31,SA93,2,,Andreas Seppi,R,191,ITA,36.983,108,699,BI23,,,Liam Broady,L,183,GBR,27.113,191,346,6-2 6-1,3,F,71,3,1,41,26,23,7,7,1,1,2,2,59,40,21,6,8,10,15
2021-9470,Biella 1,Hard,32,C,,20210214,1,PF39,1,,Lucas Pouille,R,185,FRA,26.976,76,887,HB64,,,Quentin Halys,R,191,FRA,24.304,207,310,6-2 7-6(6),3,R32,87,6,3,80,51,37,17,10,3,3,2,7,69,40,36,7,10,3,5
2021-9470,Biella 1,Hard,32,C,,20210214,2,BK19,,,Mathias Bourgue,R,188,FRA,27.075,213,292,H997,2,,Yannick Hanfmann,R,193,GER,29.257,102,736,7-5 4-6 6-3,3,R32,123,10,3,99,70,52,16,16,2,3,9,1,88,56,43,18,15,5,7
2021-9470,Biella 1,Hard,32,C,,20210214,3,SA93,3,,Andreas Seppi,R,191,ITA,36.983,108,699,SM25,,,Jack Sock,R,191,USA,28.392,261,217,4-6 6-3 6-3,3,R32,103,8,4,72,41,33,22,14,0,1,6,7,91,48,35,23,14,7,10
2021-9470,Biella 1,Hard,32,C,,20210214,4,MN20,,,Daniel Masur,R,183,GER,26.275,244,232,SE73,4,,Yuichi Sugita,R,175,JPN,32.408,104,723,7-6(4) 6-7(3) 6-3,3,R32,151,24,5,132,81,62,24,17,13,15,7,1,105,63,42,25,16,5,8
2021-9470,Biella 1,Hard,32,C,,20210214,5,HH06,,,Marc-Andrea Huesler,L,196,SUI,24.643,148,473,U134,5,,Yasutaka Uchiyama,R,183,JPN,28.528,106,701,6-2 7-6(3),3,R32,82,12,4,67,35,30,18,10,1,1,4,2,57,37,28,9,10,0,2
2021-9470,Biella 1,Hard,32,C,,20210214,6,MH16,,,Yannick Maden,R,185,GER,31.299,175,386,I305,6,,Ilya Ivashka,R,193,BLR,26.973,110,681,6-3 5-7 6-4,3,R32,156,5,4,112,55,33,33,16,9,13,11,4,97,62,39,17,15,5,10
2021-9470,Biella 1,Hard,32,C,,20210214,7,BK24,7,,Gregoire Barrere,R,183,FRA,26.995,111,655,V832,,,Aleksandar Vukic,R,188,AUS,24.86,196,341,7-5 7-6(5),3,R32,104,7,6,97,55,41,19,12,6,7,13,5,89,45,36,20,12,8,10
2021-9470,Biella 1,Hard,32,C,,20210214,8,BM95,8,,Benjamin Bonzi,R,183,FRA,24.684,137,497,R09X,,,Jurij Rodionov,L,191,AUT,21.752,152,458,6-7(5) 6-4 6-4,3,R32,131,10,2,99,58,44,28,16,2,3,7,7,118,71,50,23,16,5,8
2021-9470,Biella 1,Hard,32,C,,20210214,9,BC65,,,Matthias Bachinger,R,188,GER,33.873,276,201,SQ80,,,Akira Santillan,R,180,AUS,23.734,266,212,7-6(4) 2-6 6-4,3,R32,104,5,3,87,53,42,16,15,1,4,5,6,96,69,52,13,15,1,3
2021-9470,Biella 1,Hard,32,C,,20210214,10,F0BT,,,Jonas Forejtek,R,183,CZE,19.934,367,115,BA65,,,Dustin Brown,R,196,JAM,36.186,268,209,6-3 6-7(2) 6-4,3,R32,103,8,1,104,78,56,11,16,1,4,9,9,101,60,43,16,15,5,10
2021-9470,Biella 1,Hard,32,C,,20210214,11,K839,,,Tobias Kamke,R,178,GER,34.738,222,267,Y218,,,Elias Ymer,R,185,SWE,24.849,205,314,6-2 6-2,3,R32,63,0,2,49,33,25,10,8,3,3,1,5,48,26,17,7,8,3,7
2021-9470,Biella 1,Hard,32,C,,20210214,12,KH56,,,Zdenek Kolar,R,183,CZE,24.35,231,257,N679,,,Stefano Napolitano,R,196,ITA,25.848,280,194,7-6(5) 0-6 6-4,3,R32,128,3,2,92,57,41,16,14,4,9,8,2,81,52,39,16,14,1,4
2021-9470,Biella 1,Hard,32,C,,20210214,13,ME89,,,Illya Marchenko,R,185,UKR,33.437,212,301,C0E9,,,Flavio Cobolli,R,183,ITA,18.779,881,16,6-3 7-5,3,R32,87,7,1,58,32,26,14,11,1,3,5,2,74,37,27,14,10,10,14
2021-9470,Biella 1,Hard,32,C,,20210214,14,O513,,,Sebastian Ofner,R,191,AUT,24.761,163,409,KI74,,,Nicola Kuhn,R,185,GER,20.906,241,239,6-2 6-2,3,R32,64,13,1,42,28,24,9,8,0,0,1,2,55,28,16,11,8,2,6
2021-9470,Biella 1,Hard,32,C,,20210214,15,SC77,,,Sergiy Stakhovsky,R,193,UKR,35.107,200,332,G0GD,,,Matteo Gigante,L,180,ITA,19.113,880,16,7-5 5-7 6-2,3,R32,105,8,0,83,52,46,18,16,2,3,3,2,97,59,42,20,16,4,7
2021-9470,Biella 1,Hard,32,C,,20210214,16,TA46,,,Bernard Tomic,R,196,AUS,28.318,233,253,MJ01,,,Roberto Marcora,R,193,ITA,31.461,182,359,7-6(5) 6-1,3,R32,89,3,1,74,42,33,15,9,3,3,10,0,69,40,27,13,10,1,4
2021-9470,Biella 1,Hard,32,C,,20210214,17,ME89,,,Illya Marchenko,R,185,UKR,33.437,212,301,PF39,1,,Lucas Pouille,R,185,FRA,26.976,76,887,6-4 6-3,3,R16,82,7,0,58,37,30,12,9,4,4,4,5,67,29,21,20,10,3,6
2021-9470,Biella 1,Hard,32,C,,20210214,18,BC65,,,Matthias Bachinger,R,188,GER,33.873,276,201,SA93,3,,Andreas Seppi,R,191,ITA,36.983,108,699,6-3 7-5,3,R16,94,1,0,65,42,28,14,11,5,7,3,3,69,34,24,13,10,8,12
2021-9470,Biella 1,Hard,32,C,,20210214,19,BK24,7,,Gregoire Barrere,R,183,FRA,26.995,111,655,KH56,,,Zdenek Kolar,R,183,CZE,24.35,231,257,6-2 6-4,3,R16,70,5,0,52,28,20,20,9,3,3,1,1,54,33,19,13,9,2,5
2021-9470,Biella 1,Hard,32,C,,20210214,20,BM95,8,,Benjamin Bonzi,R,183,FRA,24.684,137,497,K839,,,Tobias Kamke,R,178,GER,34.738,222,267,7-6(2) 7-6(3),3,R16,98,10,2,78,54,35,17,12,1,4,3,6,78,50,32,13,12,1,4
2021-9470,Biella 1,Hard,32,C,,20210214,21,BK19,,,Mathias Bourgue,R,188,FRA,27.075,213,292,TA46,,,Bernard Tomic,R,196,AUS,28.318,233,253,6-3 6-2,3,R16,58,7,1,48,27,22,14,9,0,0,4,1,49,28,18,10,8,2,5
2021-9470,Biella 1,Hard,32,C,,20210214,22,MN20,,,Daniel Masur,R,183,GER,26.275,244,232,F0BT,,,Jonas Forejtek,R,183,CZE,19.934,367,115,7-5 6-7(4) 6-4,3,R16,141,13,5,125,84,62,19,17,4,5,11,5,118,75,55,19,17,6,9
2021-9470,Biella 1,Hard,32,C,,20210214,23,O513,,,Sebastian Ofner,R,191,AUT,24.761,163,409,MH16,,,Yannick Maden,R,185,GER,31.299,175,386,6-3 6-4,3,R16,77,10,2,60,36,28,15,10,1,1,0,2,51,29,20,12,9,0,2
2021-9470,Biella 1,Hard,32,C,,20210214,24,SC77,,,Sergiy Stakhovsky,R,193,UKR,35.107,200,332,HH06,,,Marc-Andrea Huesler,L,196,SUI,24.643,148,473,7-5 3-6 7-6(5),3,R16,123,11,6,105,57,49,25,16,7,8,10,5,94,53,44,25,17,1,2
2021-9470,Biella 1,Hard,32,C,,20210214,25,ME89,,,Illya Marchenko,R,185,UKR,33.437,212,301,BK24,7,,Gregoire Barrere,R,183,FRA,26.995,111,655,7-6(8) 6-1,3,QF,103,10,4,88,49,37,18,10,8,9,5,2,62,41,29,8,9,2,5
2021-9470,Biella 1,Hard,32,C,,20210214,26,BM95,8,,Benjamin Bonzi,R,183,FRA,24.684,137,497,BK19,,,Mathias Bourgue,R,188,FRA,27.075,213,292,6-3 7-6(4),3,QF,81,1,0,70,52,40,10,10,2,2,13,1,59,44,35,7,11,1,3
2021-9470,Biella 1,Hard,32,C,,20210214,27,BC65,,,Matthias Bachinger,R,188,GER,33.873,276,201,O513,,,Sebastian Ofner,R,191,AUT,24.761,163,409,7-6(5) 1-0 RET,3,QF,56,2,1,39,25,21,8,6,0,0,3,1,42,28,20,8,7,0,1
2021-9470,Biella 1,Hard,32,C,,20210214,28,MN20,,,Daniel Masur,R,183,GER,26.275,244,232,SC77,,,Sergiy Stakhovsky,R,193,UKR,35.107,200,332,7-6(3) 6-4,3,QF,86,5,3,74,46,38,17,11,5,5,12,1,60,38,30,15,11,0,1
2021-9470,Biella 1,Hard,32,C,,20210214,29,BC65,,,Matthias Bachinger,R,188,GER,33.873,276,201,BM95,8,,Benjamin Bonzi,R,183,FRA,24.684,137,497,7-5 6-4,3,SF,85,6,3,80,55,39,13,11,7,8,4,0,60,43,31,7,11,2,5
2021-9470,Biella 1,Hard,32,C,,20210214,30,MN20,,,Daniel Masur,R,183,GER,26.275,244,232,ME89,,,Illya Marchenko,R,185,UKR,33.437,212,301,6-3 6-3,3,SF,82,5,1,64,45,34,11,9,4,4,3,4,54,30,23,9,9,1,4
2021-9470,Biella 1,Hard,32,C,,20210214,31,MN20,,,Daniel Masur,R,183,GER,26.275,244,232,BC65,,,Matthias Bachinger,R,188,GER,33.873,276,201,6-3 6-7(8) 7-5,3,F,139,9,3,106,71,50,23,17,1,4,14,4,109,70,47,21,16,6,11
2021-9496,Biella 1,Clay,33,C,,20210214,1,MN70,,,Joao Menezes,R,185,BRA,24.162,189,350,S483,1,,Pedro Sousa,R,180,POR,32.72,107,701,7-6(3) 6-4,3,R32,110,5,1,75,45,28,18,11,6,9,1,4,71,41,25,14,11,3,7
2021-9496,Biella 1,Clay,33,C,,20210214,2,DA31,2,,Hugo Dellien,R,180,BOL,27.666,112,646,N679,,,Stefano Napolitano,R,196,ITA,25.848,280,194,6-0 5-7 6-1,3,R32,101,4,2,70,58,39,7,12,5,7,2,2,79,62,32,5,13,1,8
2021-9496,Biella 1,Clay,33,C,,20210214,3,MK66,3,,Mackenzie McDonald,R,178,USA,25.834,192,345,C0C8,,,Juan Manuel Cerundolo,L,183,ARG,19.25,332,132,3-6 6-4 6-3,3,R32,128,3,2,89,56,36,17,14,6,11,1,1,80,61,34,8,14,2,8
2021-9496,Biella 1,Clay,33,C,,20210214,4,BS86,,,Tomas Barrios Vera,R,191,CHI,23.181,260,218,SK94,4,,Cedrik-Marcel Stebe,L,180,GER,30.352,129,539,6-2 6-4,3,R32,104,4,1,70,47,34,10,9,7,8,1,4,72,39,23,15,9,9,13
2021-9496,Biella 1,Clay,33,C,,20210214,5,GB53,5,,Federico Gaio,R,178,ITA,28.947,140,492,L503,,,Paolo Lorenzi,R,183,ITA,39.168,154,457,6-7(3) 7-6(4) 6-2,3,R32,180,6,2,109,62,39,30,16,3,6,4,1,114,64,46,23,16,11,16
2021-9496,Biella 1,Clay,33,C,,20210214,6,MP20,,,Alexandre Muller,R,183,FRA,24.036,210,305,G09O,6,,Hugo Gaston,L,173,FRA,20.386,168,395,1-6 6-3 6-3,3,R32,110,1,0,75,57,39,6,12,1,4,3,5,78,48,29,17,13,6,10
2021-9496,Biella 1,Clay,33,C,,20210214,7,V836,7,,Juan Pablo Varillas,R,185,PER,25.361,162,414,G983,,,Alessandro Giannessi,L,185,ITA,30.713,160,423,6-4 7-5,3,R32,121,4,3,64,39,27,10,11,3,7,1,2,80,46,27,13,11,5,11
2021-9496,Biella 1,Clay,33,C,,20210214,8,MN13,,,Maximilian Marterer,L,188,GER,25.67,203,323,SC47,8,,Go Soeda,R,178,JPN,36.444,132,510,6-2 6-1,3,R32,63,5,0,40,19,16,17,8,1,1,1,1,38,24,12,6,7,1,5
2021-9496,Biella 1,Clay,33,C,,20210214,9,A887,,,Guido Andreozzi,R,183,ARG,29.53,171,389,CG33,,,Kimmer Coppejans,R,178,BEL,27.02,178,368,6-2 7-5,3,R32,134,2,3,75,51,28,12,10,7,10,5,1,71,47,25,10,10,6,12
2021-9496,Biella 1,Clay,33,C,,20210214,10,CI14,,,Jay Clarke,R,183,GBR,22.554,193,345,GB61,,,Viktor Galovic,R,193,CRO,30.407,285,183,7-5 6-2,3,R32,103,4,2,71,33,24,26,10,6,6,3,4,64,39,27,10,10,2,5
2021-9496,Biella 1,Clay,33,C,,20210214,11,CC66,,,Andrea Collarini,L,183,ARG,29.04,204,316,BI81,,,Alex Bolt,L,183,AUS,28.11,166,400,6-2 6-2,3,R32,65,4,1,40,26,21,9,8,1,2,1,4,56,28,15,9,8,3,8
2021-9496,Biella 1,Clay,33,C,,20210214,12,D985,,,Joao Domingues,R,,POR,27.362,176,371,HA28,,,Filip Horansky,R,191,SVK,28.104,164,405,6-2 6-4,3,R32,72,0,2,46,26,22,13,9,0,1,0,5,68,39,22,12,9,3,7
2021-9496,Biella 1,Clay,33,C,,20210214,13,KC33,,,Dimitar Kuzmanov,R,183,BUL,27.551,278,196,GA79,,,Lorenzo Giustino,R,180,ITA,29.432,157,436,6-3 1-6 6-3,3,R32,122,1,2,80,53,33,11,13,7,12,3,6,62,32,23,12,12,0,5
2021-9496,Biella 1,Clay,33,C,,20210214,14,MD56,,,Leonardo Mayer,R,191,ARG,33.755,135,504,V495,,,Luca Vanni,R,198,ITA,35.699,456,81,7-6(7) 6-0,3,R32,106,3,8,64,33,26,12,9,1,3,2,2,78,45,23,13,9,4,9
2021-9496,Biella 1,Clay,33,C,,20210214,15,M0JF,,,Hamad Medjedovic,R,188,SRB,17.58,1362,3,BE54,,,Ruben Bemelmans,L,183,BEL,33.087,232,256,7-5 7-6(4),3,R32,141,5,7,96,48,29,25,12,8,12,4,3,93,54,29,20,12,6,11
2021-9496,Biella 1,Clay,33,C,,20210214,16,Z371,,,Zhizhen Zhang,R,193,CHN,24.331,173,389,MW75,,,Felipe Meligeni Alves,R,185,BRA,22.987,235,253,4-6 6-4 6-4,3,R32,130,10,1,87,51,36,17,15,3,7,3,3,106,83,50,8,15,7,12
2021-9496,Biella 1,Clay,33,C,,20210214,17,CC66,,,Andrea Collarini,L,183,ARG,29.04,204,316,DA31,2,,Hugo Dellien,R,180,BOL,27.666,112,646,6-1 7-5,3,R16,102,3,1,64,36,26,18,10,3,3,0,0,64,50,30,7,9,7,10
2021-9496,Biella 1,Clay,33,C,,20210214,18,MD56,,,Leonardo Mayer,R,191,ARG,33.755,135,504,MK66,3,,Mackenzie McDonald,R,178,USA,25.834,192,345,6-7(0) 6-2 6-4,3,R16,164,12,8,94,55,45,18,15,2,3,4,1,105,72,46,20,15,6,10
2021-9496,Biella 1,Clay,33,C,,20210214,19,GB53,5,,Federico Gaio,R,178,ITA,28.947,140,492,D985,,,Joao Domingues,R,,POR,27.362,176,371,6-4 6-3,3,R16,100,2,1,55,43,31,9,9,3,3,0,1,71,47,28,13,10,1,4
2021-9496,Biella 1,Clay,33,C,,20210214,20,V836,7,,Juan Pablo Varillas,R,185,PER,25.361,162,414,KC33,,,Dimitar Kuzmanov,R,183,BUL,27.551,278,196,6-1 5-7 7-6(0),3,R16,208,5,6,122,69,38,28,15,13,19,0,2,108,70,32,18,16,4,12
2021-9496,Biella 1,Clay,33,C,,20210214,21,A887,,,Guido Andreozzi,R,183,ARG,29.53,171,389,BS86,,,Tomas Barrios Vera,R,191,CHI,23.181,260,218,3-6 6-3 6-3,3,R16,113,1,3,64,46,32,8,9,7,9,1,2,73,46,29,6,9,9,14
2021-9496,Biella 1,Clay,33,C,,20210214,22,A887,,,Guido Andreozzi,R,183,ARG,29.53,171,389,BS86,,,Tomas Barrios Vera,R,191,CHI,23.181,260,218,3-6 6-3 6-3,3,R16,172,0,3,87,56,35,20,14,2,5,6,1,109,71,44,17,13,12,16
2021-9496,Biella 1,Clay,33,C,,20210214,23,CI14,,,Jay Clarke,R,183,GBR,22.554,193,345,MN13,,,Maximilian Marterer,L,188,GER,25.67,203,323,6-3 6-3,3,R16,104,2,2,68,33,23,18,9,4,6,2,3,63,36,21,11,9,8,13
2021-9496,Biella 1,Clay,33,C,,20210214,24,MN70,,,Joao Menezes,R,185,BRA,24.162,189,350,M0JF,,,Hamad Medjedovic,R,188,SRB,17.58,1362,3,7-5 2-6 6-4,3,R16,154,1,2,92,61,33,15,15,3,10,2,9,100,51,27,24,15,10,17
2021-9496,Biella 1,Clay,33,C,,20210214,25,MP20,,,Alexandre Muller,R,183,FRA,24.036,210,305,Z371,,,Zhizhen Zhang,R,193,CHN,24.331,173,389,6-3 6-7(4) 7-5,3,R16,181,1,4,117,93,65,12,17,6,7,1,4,107,61,44,23,16,8,11
2021-9496,Biella 1,Clay,33,C,,20210214,26,CC66,,,Andrea Collarini,L,183,ARG,29.04,204,316,GB53,5,,Federico Gaio,R,178,ITA,28.947,140,492,4-6 6-4 6-1,3,QF,124,1,6,77,46,31,18,14,2,6,2,3,83,56,32,10,13,6,12
2021-9496,Biella 1,Clay,33,C,,20210214,27,V836,7,,Juan Pablo Varillas,R,185,PER,25.361,162,414,MN70,,,Joao Menezes,R,185,BRA,24.162,189,350,6-4 6-3,3,QF,101,1,0,49,28,22,15,10,0,1,4,4,69,42,25,14,9,3,6
2021-9496,Biella 1,Clay,33,C,,20210214,28,A887,,,Guido Andreozzi,R,183,ARG,29.53,171,389,CI14,,,Jay Clarke,R,183,GBR,22.554,193,345,3-6 6-3 7-5,3,QF,155,2,3,79,46,34,18,15,0,3,5,2,109,54,36,28,15,11,15
2021-9496,Biella 1,Clay,33,C,,20210214,29,MP20,,,Alexandre Muller,R,183,FRA,24.036,210,305,MD56,,,Leonardo Mayer,R,191,ARG,33.755,135,504,6-3 6-4,3,QF,87,2,0,71,52,36,8,10,6,8,4,3,49,32,20,7,9,1,5
2021-9496,Biella 1,Clay,33,C,,20210214,30,V836,7,,Juan Pablo Varillas,R,185,PER,25.361,162,414,MP20,,,Alexandre Muller,R,183,FRA,24.036,210,305,6-2 2-6 6-2,3,SF,120,3,0,77,45,27,20,12,6,9,1,3,66,47,26,10,12,2,7
2021-9496,Biella 1,Clay,33,C,,20210214,31,A887,,,Guido Andreozzi,R,183,ARG,29.53,171,389,CC66,,,Andrea Collarini,L,183,ARG,29.04,204,316,7-5 6-2,3,SF,104,1,2,60,43,30,9,10,3,5,2,1,60,38,24,9,10,1,6
2021-9496,Biella 1,Clay,33,C,,20210214,32,V836,7,,Juan Pablo Varillas,R,185,PER,25.361,162,414,A887,,,Guido Andreozzi,R,183,ARG,29.53,171,389,6-3 6-1,3,F,88,4,0,42,22,17,11,8,1,3,2,0,72,50,19,12,8,14,20
2021-9498,Biella 1,Clay,32,C,,20210214,1,V836,1,,Juan Pablo Varillas,R,185,PER,25.361,162,414,KH56,,,Zdenek Kolar,R,183,CZE,24.35,231,257,6-3 6-1,3,R32,77,4,2,52,30,22,11,8,4,5,2,1,52,28,15,8,8,3,8
2021-9498,Biella 1,Clay,32,C,,20210214,2,MM66,2,,Nikola Milojevic,R,188,SRB,25.659,145,479,L797,,,Lukas Lacko,R,188,SVK,33.284,186,353,6-2 6-3,3,R32,64,1,5,48,24,19,15,9,0,1,1,2,52,29,15,11,8,2,6
2021-9498,Biella 1,Clay,32,C,,20210214,3,R0DG,,,Holger Rune,R,188,DEN,17.799,428,91,AE14,3,,Daniel Altmaier,R,188,GER,22.426,134,507,6-2 6-7(4) 7-6(5),3,R32,170,1,1,104,68,50,18,16,3,5,8,5,133,70,43,32,16,11,15
2021-9498,Biella 1,Clay,32,C,,20210214,4,BU10,,,Jacopo Berrettini,R,191,ITA,22.218,492,72,PE02,4,,Danilo Petrovic,R,203,SRB,29.06,153,458,6-1 2-0 RET,3,R32,35,2,4,27,18,13,5,5,0,1,2,5,25,14,6,0,4,1,5
2021-9498,Biella 1,Clay,32,C,,20210214,5,SN54,5,,Frederico Ferreira Silva,L,178,POR,25.914,185,356,D916,,,Steven Diez,R,175,CAN,29.916,180,365,6-3 7-5,3,R32,131,3,0,59,38,23,9,11,1,5,1,5,91,52,30,13,10,8,14
2021-9498,Biella 1,Clay,32,C,,20210214,6,Z09D,6,,Kacper Zuk,R,183,POL,22.067,245,231,BV24,,,Raul Brancaccio,R,183,ITA,23.784,373,113,6-4 6-2,3,R32,70,4,3,48,24,22,15,9,1,1,2,1,56,29,18,15,9,5,8
2021-9498,Biella 1,Clay,32,C,,20210214,7,K966,7,,Martin Klizan,L,191,SVK,31.598,158,432,CC66,,,Andrea Collarini,L,183,ARG,29.04,204,316,7-5 2-6 6-4,3,R32,169,3,4,105,47,27,33,15,8,12,8,5,85,70,51,4,15,5,9
2021-9498,Biella 1,Clay,32,C,,20210214,8,GA79,8,,Lorenzo Giustino,R,180,ITA,29.432,157,436,N0BG,,,Luca Nardi,R,185,ITA,17.528,795,22,2-6 6-4 4-1 RET,3,R32,112,4,3,72,37,28,13,11,6,10,2,2,73,43,29,12,12,1,6
2021-9498,Biella 1,Clay,32,C,,20210214,9,E698,,,Gastao Elias,R,180,POR,30.226,418,94,C0E9,,,Flavio Cobolli,R,183,ITA,18.779,881,16,1-6 6-3 6-4,3,R32,123,4,5,86,50,34,16,13,4,9,2,3,99,58,32,21,13,12,17
2021-9498,Biella 1,Clay,32,C,,20210214,10,EA24,,,Tomas Martin Etcheverry,R,196,ARG,21.58,230,258,J620,,,Maxime Janvier,R,196,FRA,24.326,208,308,4-6 6-3 6-0,3,R32,126,3,2,69,47,32,12,12,1,4,4,3,76,48,26,11,13,2,9
2021-9498,Biella 1,Clay,32,C,,20210214,11,MW75,,,Felipe Meligeni Alves,R,185,BRA,22.987,235,253,MJ01,,,Roberto Marcora,R,193,ITA,31.461,182,359,6-3 6-1,3,R32,81,3,3,42,25,22,11,8,0,0,1,4,77,44,25,12,8,7,11
2021-9498,Biella 1,Clay,32,C,,20210214,12,MP20,,,Alexandre Muller,R,183,FRA,24.036,210,305,N679,,,Stefano Napolitano,R,196,ITA,25.848,280,194,6-4 6-1,3,R32,66,5,3,50,31,25,10,9,2,3,1,3,48,23,11,13,8,6,10
2021-9498,Biella 1,Clay,32,C,,20210214,13,O376,,,Renzo Olivo,R,178,ARG,28.92,216,284,MN70,,,Joao Menezes,R,185,BRA,24.162,189,350,6-4 6-3,3,R32,121,1,0,75,46,26,18,10,0,2,3,2,74,42,25,13,9,7,11
2021-9498,Biella 1,Clay,32,C,,20210214,14,PH64,,,Andrea Pellegrino,R,185,ITA,23.899,281,194,U182,,,Camilo Ugo Carabelli,R,185,ARG,21.665,349,124,3-6 7-5 6-1,3,R32,137,3,5,101,64,42,20,14,6,8,1,2,75,55,37,9,14,2,6
2021-9498,Biella 1,Clay,32,C,,20210214,15,RB56,,,Ramkumar Ramanathan,R,188,IND,26.27,190,349,K834,,,Blaz Kavcic,R,188,SLO,33.949,257,220,6-1 6-1,3,R32,63,7,2,40,22,17,13,7,1,1,1,4,48,26,15,7,7,3,8
2021-9498,Biella 1,Clay,32,C,,20210214,16,TA29,,,Marco Trungelliti,R,178,ARG,31.039,248,226,GF95,,,Hugo Grenier,R,196,FRA,24.898,243,234,6-0 6-2,3,R32,51,0,3,43,22,19,12,7,2,2,0,6,39,27,14,1,7,3,8
2021-9498,Biella 1,Clay,32,C,,20210214,17,O376,,,Renzo Olivo,R,178,ARG,28.92,216,284,V836,1,,Juan Pablo Varillas,R,185,PER,25.361,162,414,6-3 7-6(1),3,R16,116,0,8,82,53,42,10,11,4,6,2,5,65,37,25,13,10,2,5
2021-9498,Biella 1,Clay,32,C,,20210214,18,EA24,,,Tomas Martin Etcheverry,R,196,ARG,21.58,230,258,MM66,2,,Nikola Milojevic,R,188,SRB,25.659,145,479,7-5 6-3,3,R16,117,3,2,60,45,28,7,10,4,7,0,3,87,48,25,16,11,13,19
2021-9498,Biella 1,Clay,32,C,,20210214,19,MP20,,,Alexandre Muller,R,183,FRA,24.036,210,305,SN54,5,,Frederico Ferreira Silva,L,178,POR,25.914,185,356,3-6 7-6(3) 6-2,3,R16,139,5,2,82,48,30,20,14,3,8,4,3,87,44,31,15,15,2,8
2021-9498,Biella 1,Clay,32,C,,20210214,20,Z09D,6,,Kacper Zuk,R,183,POL,22.067,245,231,PH64,,,Andrea Pellegrino,R,185,ITA,23.899,281,194,7-5 7-5,3,R16,98,7,3,81,43,32,21,12,6,8,1,3,67,50,32,8,12,1,5
2021-9498,Biella 1,Clay,32,C,,20210214,21,MW75,,,Felipe Meligeni Alves,R,185,BRA,22.987,235,253,K966,7,,Martin Klizan,L,191,SVK,31.598,158,432,6-2 6-4,3,R16,69,4,4,45,33,25,7,9,0,1,0,5,59,27,15,16,9,4,8
2021-9498,Biella 1,Clay,32,C,,20210214,22,TA29,,,Marco Trungelliti,R,178,ARG,31.039,248,226,GA79,8,,Lorenzo Giustino,R,180,ITA,29.432,157,436,6-4 6-2,3,R16,78,4,0,48,36,29,7,9,3,4,2,2,59,35,19,13,9,1,5
2021-9498,Biella 1,Clay,32,C,,20210214,23,BU10,,,Jacopo Berrettini,R,191,ITA,22.218,492,72,RB56,,,Ramkumar Ramanathan,R,188,IND,26.27,190,349,5-7 6-1 6-4,3,R16,127,4,3,87,57,44,14,15,2,5,7,6,90,42,32,22,14,2,7
2021-9498,Biella 1,Clay,32,C,,20210214,24,R0DG,,,Holger Rune,R,188,DEN,17.799,428,91,E698,,,Gastao Elias,R,180,POR,30.226,418,94,6-3 7-6(3),3,R16,108,0,6,74,43,24,21,11,4,8,0,0,63,34,19,15,10,4,9
2021-9498,Biella 1,Clay,32,C,,20210214,25,EA24,,,Tomas Martin Etcheverry,R,196,ARG,21.58,230,258,Z09D,6,,Kacper Zuk,R,183,POL,22.067,245,231,6-4 6-3,3,QF,85,3,0,54,34,27,13,9,3,3,2,3,52,28,21,13,10,2,5
2021-9498,Biella 1,Clay,32,C,,20210214,26,MW75,,,Felipe Meligeni Alves,R,185,BRA,22.987,235,253,O376,,,Renzo Olivo,R,178,ARG,28.92,216,284,6-3 6-3,3,QF,92,1,1,74,46,30,14,9,8,10,1,2,55,37,18,11,9,4,9
2021-9498,Biella 1,Clay,32,C,,20210214,27,R0DG,,,Holger Rune,R,188,DEN,17.799,428,91,MP20,,,Alexandre Muller,R,183,FRA,24.036,210,305,6-4 6-4,3,QF,85,0,4,59,37,27,9,10,1,3,4,1,63,44,28,8,10,3,7
2021-9498,Biella 1,Clay,32,C,,20210214,28,TA29,,,Marco Trungelliti,R,178,ARG,31.039,248,226,BU10,,,Jacopo Berrettini,R,191,ITA,22.218,492,72,7-5 6-3,3,QF,89,1,4,62,27,21,20,11,1,3,1,3,60,36,23,11,10,2,6
2021-9498,Biella 1,Clay,32,C,,20210214,29,R0DG,,,Holger Rune,R,188,DEN,17.799,428,91,EA24,,,Tomas Martin Etcheverry,R,196,ARG,21.58,230,258,7-5 2-6 6-2,3,SF,141,2,5,87,53,40,14,14,3,6,3,1,87,59,35,17,14,4,8
2021-9498,Biella 1,Clay,32,C,,20210214,30,TA29,,,Marco Trungelliti,R,178,ARG,31.039,248,226,MW75,,,Felipe Meligeni Alves,R,185,BRA,22.987,235,253,6-3 3-6 6-3,3,SF,117,4,3,80,49,32,19,14,1,4,1,2,90,64,43,11,13,7,11
2021-9498,Biella 1,Clay,32,C,,20210214,31,R0DG,,,Holger Rune,R,188,DEN,17.799,428,91,TA29,,,Marco Trungelliti,R,178,ARG,31.039,248,226,6-3 5-7 7-6(5),3,F,182,3,3,118,68,42,28,16,9,13,1,4,114,64,40,26,17,4,9
2021-9503,Biella 1,Clay,32,C,,20210214,1,EA24,,,Tomas Martin Etcheverry,R,196,ARG,21.58,230,258,L503,,,Paolo Lorenzi,R,183,ITA,39.168,154,457,6-0 7-6(5),3,R32,115,1,1,59,41,30,9,9,1,2,3,4,57,27,18,11,9,1,5
2021-9503,Biella 1,Clay,32,C,,20210214,2,Z371,2,,Zhizhen Zhang,R,193,CHN,24.331,173,389,GH92,,,Borna Gojo,R,196,CRO,22.965,229,258,6-3 4-6 6-2,3,R32,150,7,5,85,49,37,19,13,4,5,6,10,112,61,41,23,14,8,12
2021-9503,Biella 1,Clay,32,C,,20210214,3,CG94,3,,Enzo Couacaud,R,183,FRA,25.96,211,305,K839,,,Tobias Kamke,R,178,GER,34.738,222,267,6-4 6-2,3,R32,92,14,3,67,37,29,15,9,4,5,0,6,63,34,21,12,9,4,8
2021-9503,Biella 1,Clay,32,C,,20210214,4,MP20,4,,Alexandre Muller,R,183,FRA,24.036,210,305,V490,,,Matteo Viola,R,185,ITA,33.61,225,262,4-6 6-3 6-1,3,R32,129,1,1,77,57,35,14,13,6,9,1,1,93,59,33,15,13,7,13
2021-9503,Biella 1,Clay,32,C,,20210214,5,KD35,,,Thai-Son Kwiatkowski,R,188,USA,26.004,217,283,PG20,5,,Dmitry Popko,R,191,KAZ,24.309,170,391,6-2 1-6 7-6(2),3,R32,158,3,3,99,67,41,16,13,4,8,6,5,88,55,39,14,14,3,7
2021-9503,Biella 1,Clay,32,C,,20210214,6,N679,,,Stefano Napolitano,R,196,ITA,25.848,280,194,BI81,6,,Alex Bolt,L,183,AUS,28.11,166,400,6-7(7) 6-1 6-3,3,R32,146,7,1,78,40,31,26,14,1,3,7,3,111,66,44,18,14,9,15
2021-9503,Biella 1,Clay,32,C,,20210214,7,MJ98,,,Facundo Mena,R,183,ARG,28.397,240,246,MN70,7,,Joao Menezes,R,185,BRA,24.162,189,350,6-3 6-4,3,R32,102,1,1,53,26,17,18,10,1,3,0,2,64,42,24,10,9,5,9
2021-9503,Biella 1,Clay,32,C,,20210214,8,F811,8,,Bjorn Fratangelo,R,183,USA,27.576,262,215,I306,,,Cem Ilkel,R,185,TUR,25.487,214,289,6-2 6-4,3,R32,94,2,2,55,31,25,12,9,3,4,5,4,61,38,24,10,9,3,7
2021-9503,Biella 1,Clay,32,C,,20210214,9,BV27,,,Ulises Blanch,R,188,USA,22.894,252,224,BT68,,,Elliot Benchetrit,R,193,MAR,22.371,227,260,6-4 6-4,3,R32,93,7,0,69,46,32,16,10,6,6,3,5,54,31,23,12,10,1,3
2021-9503,Biella 1,Clay,32,C,,20210214,10,BI47,,,Riccardo Bonadio,R,180,ITA,27.592,290,177,CF88,,,Roberto Cid Subervi,R,193,DOM,27.461,223,266,7-5 6-3,3,R32,105,3,4,56,37,25,10,11,1,4,0,3,68,46,23,11,10,4,9
2021-9503,Biella 1,Clay,32,C,,20210214,11,C0E9,,,Flavio Cobolli,R,183,ITA,18.779,881,16,KC12,,,Mitchell Krueger,R,188,USA,27.091,195,342,6-4 6-3,3,R32,93,4,1,58,30,21,15,10,2,4,0,2,50,25,17,10,9,3,7
2021-9503,Biella 1,Clay,32,C,,20210214,12,CC66,,,Andrea Collarini,L,183,ARG,29.04,204,316,CA99,,,Marius Copil,R,191,ROU,30.33,218,279,6-2 6-1,3,R32,72,0,4,38,19,15,10,7,0,1,1,10,57,26,13,12,8,2,8
2021-9503,Biella 1,Clay,32,C,,20210214,13,KD46,,,Thanasi Kokkinakis,R,193,AUS,24.849,267,209,I165,,,Denis Istomin,R,185,UZB,34.439,184,356,3-6 6-2 6-3,3,R32,118,6,2,70,34,28,18,13,5,8,2,3,89,50,29,18,13,7,12
2021-9503,Biella 1,Clay,32,C,,20210214,14,KC33,,,Dimitar Kuzmanov,R,183,BUL,27.551,278,196,LC11,,,Tristan Lamasine,R,183,FRA,27.948,246,230,7-5 4-6 6-1,3,R32,155,4,6,93,58,41,19,15,2,4,0,6,100,68,44,14,14,5,9
2021-9503,Biella 1,Clay,32,C,,20210214,15,MW75,,,Felipe Meligeni Alves,R,185,BRA,22.987,235,253,CI14,,,Jay Clarke,R,183,GBR,22.554,193,345,6-3 6-3,3,R32,95,2,5,62,39,28,10,9,5,7,3,2,61,34,16,13,9,2,7
2021-9503,Biella 1,Clay,32,C,,20210214,16,V942,,,Tim van Rijthoven,R,188,NED,23.811,347,124,GB94,,,Omar Giacalone,R,180,ITA,29.095,742,26,6-2 6-2,3,R32,88,2,2,55,34,23,14,8,2,2,0,5,57,25,15,15,8,6,10
2021-9503,Biella 1,Clay,32,C,,20210214,17,Z371,2,,Zhizhen Zhang,R,193,CHN,24.331,173,389,C0E9,,,Flavio Cobolli,R,183,ITA,18.779,881,16,4-6 6-4 6-2,3,R16,141,2,2,98,63,41,20,14,7,9,7,3,101,56,35,22,14,8,12
2021-9503,Biella 1,Clay,32,C,,20210214,18,CG94,3,,Enzo Couacaud,R,183,FRA,25.96,211,305,V942,,,Tim van Rijthoven,R,188,NED,23.811,347,124,7-6(4) 5-7 6-2,3,R16,151,10,1,103,58,43,28,16,4,6,6,2,107,65,45,21,16,7,10
2021-9503,Biella 1,Clay,32,C,,20210214,19,MP20,4,,Alexandre Muller,R,183,FRA,24.036,210,305,BI47,,,Riccardo Bonadio,R,180,ITA,27.592,290,177,6-0 7-6(4),3,R16,90,2,0,65,43,28,10,9,3,6,0,3,59,35,18,9,9,5,11
2021-9503,Biella 1,Clay,32,C,,20210214,20,F811,8,,Bjorn Fratangelo,R,183,USA,27.576,262,215,CC66,,,Andrea Collarini,L,183,ARG,29.04,204,316,1-6 7-6(2) 3-0 RET,3,R16,133,3,1,64,37,27,13,10,2,5,5,6,82,46,29,18,12,3,6
2021-9503,Biella 1,Clay,32,C,,20210214,21,EA24,,,Tomas Martin Etcheverry,R,196,ARG,21.58,230,258,MW75,,,Felipe Meligeni Alves,R,185,BRA,22.987,235,253,4-6 7-6(0) 4-0 RET,3,R16,154,3,0,74,46,38,12,13,1,4,3,1,89,62,36,15,13,2,6
2021-9503,Biella 1,Clay,32,C,,20210214,22,KD46,,,Thanasi Kokkinakis,R,193,AUS,24.849,267,209,N679,,,Stefano Napolitano,R,196,ITA,25.848,280,194,6-3 6-4,3,R16,61,8,0,44,35,32,8,10,0,0,1,1,45,30,21,9,9,1,3
2021-9503,Biella 1,Clay,32,C,,20210214,23,KD35,,,Thai-Son Kwiatkowski,R,188,USA,26.004,217,283,BV27,,,Ulises Blanch,R,188,USA,22.894,252,224,6-4 7-6(3),3,R16,101,10,1,68,51,41,7,11,1,2,6,1,75,53,33,11,11,3,5
2021-9503,Biella 1,Clay,32,C,,20210214,24,MJ98,,,Facundo Mena,R,183,ARG,28.397,240,246,KC33,,,Dimitar Kuzmanov,R,183,BUL,27.551,278,196,6-2 6-7(6) 6-1,3,R16,151,1,1,94,66,41,18,14,3,6,1,2,88,57,32,12,13,6,13
2021-9503,Biella 1,Clay,32,C,,20210214,25,Z371,2,,Zhizhen Zhang,R,193,CHN,24.331,173,389,KD35,,,Thai-Son Kwiatkowski,R,188,USA,26.004,217,283,6-4 7-6(5),3,QF,109,13,3,88,52,41,16,11,5,6,8,4,76,54,38,10,11,6,8
2021-9503,Biella 1,Clay,32,C,,20210214,26,CG94,3,,Enzo Couacaud,R,183,FRA,25.96,211,305,F811,8,,Bjorn Fratangelo,R,183,USA,27.576,262,215,6-1 6-7(5) 6-3,3,QF,148,10,5,103,53,40,26,15,3,5,1,1,90,55,35,16,13,5,10
2021-9503,Biella 1,Clay,32,C,,20210214,27,KD46,,,Thanasi Kokkinakis,R,193,AUS,24.849,267,209,MP20,4,,Alexandre Muller,R,183,FRA,24.036,210,305,6-4 7-6(1),3,QF,110,6,1,60,34,29,15,11,1,3,1,4,78,56,34,11,11,4,7
2021-9503,Biella 1,Clay,32,C,,20210214,28,EA24,,,Tomas Martin Etcheverry,R,196,ARG,21.58,230,258,MJ98,,,Facundo Mena,R,183,ARG,28.397,240,246,6-3 6-2,3,QF,94,3,0,50,40,31,7,9,2,2,0,3,60,38,23,10,8,1,4
2021-9503,Biella 1,Clay,32,C,,20210214,29,KD46,,,Thanasi Kokkinakis,R,193,AUS,24.849,267,209,Z371,2,,Zhizhen Zhang,R,193,CHN,24.331,173,389,6-2 4-6 6-3,3,SF,135,5,4,88,49,39,23,14,5,6,3,4,88,52,38,16,13,7,10
2021-9503,Biella 1,Clay,32,C,,20210214,30,CG94,3,,Enzo Couacaud,R,183,FRA,25.96,211,305,EA24,,,Tomas Martin Etcheverry,R,196,ARG,21.58,230,258,6-1 5-7 6-4,3,SF,156,4,2,108,58,39,27,15,10,14,2,0,82,52,31,13,14,5,11
2021-9503,Biella 1,Clay,32,C,,20210214,31,KD46,,,Thanasi Kokkinakis,R,193,AUS,24.849,267,209,CG94,3,,Enzo Couacaud,R,183,FRA,25.96,211,305,6-3 6-4,3,F,74,5,0,47,28,26,14,10,0,0,3,3,56,36,25,11,9,4,6
2021-9452,Concepcion,Clay,32,C,,20210221,1,CE77,1,,Federico Coria,R,180,ARG,28.956,92,785,SS25,,,Vitaliy Sachko,R,188,UKR,23.608,403,100,6-2 6-2,3,R32,,1,0,47,26,17,13,8,2,4,1,2,54,44,18,4,8,7,13
2021-9452,Concepcion,Clay,32,C,,20210221,2,MF35,2,,Andrej Martin,R,183,SVK,31.422,103,734,MN70,,,Joao Menezes,R,185,BRA,24.181,189,350,6-3 6-2,3,R32,,2,2,59,35,27,12,9,2,3,1,2,44,34,16,5,8,3,7
2021-9452,Concepcion,Clay,32,C,,20210221,3,DA31,4,,Hugo Dellien,R,180,BOL,27.685,112,646,MW75,,,Felipe Meligeni Alves,R,185,BRA,23.006,235,253,6-0 7-6(7),3,R32,,0,3,60,39,27,11,9,5,8,0,4,74,44,26,8,9,9,15
2021-9452,Concepcion,Clay,32,C,,20210221,4,GE33,5,,Daniel Elahi Galan,R,191,COL,24.679,115,619,T0A1,,,Thiago Agustin Tirante,R,185,ARG,19.869,386,108,6-3 6-4,3,R32,,1,0,61,40,27,15,10,2,3,0,1,57,32,18,13,9,2,5
2021-9452,Concepcion,Clay,32,C,,20210221,5,SX91,6,,Thiago Seyboth Wild,R,185,BRA,20.953,117,593,LF26,,,Orlando Luz,R,180,BRA,23.036,311,152,6-1 6-2,3,R32,,3,0,39,26,22,10,8,0,0,3,2,44,31,15,5,7,2,6
2021-9452,Concepcion,Clay,32,C,,20210221,6,TE30,,,Alejandro Tabilo,L,188,CHI,23.723,167,397,BF23,7,,Facundo Bagnis,L,183,ARG,30.984,127,546,6-2 7-5,3,R32,,2,3,75,50,32,11,10,7,9,1,4,67,39,25,7,10,7,12
2021-9452,Concepcion,Clay,32,C,,20210221,7,AE14,8,,Daniel Altmaier,R,188,GER,22.445,134,507,C0C8,,,Juan Manuel Cerundolo,L,183,ARG,19.269,332,132,4-6 6-2 6-1,3,R32,,5,1,87,58,40,19,13,7,8,0,1,86,63,34,14,12,7,11
2021-9452,Concepcion,Clay,32,C,,20210221,8,B0BI,,,Sebastian Baez,R,170,ARG,20.151,312,152,LB07,,,Gonzalo Lama,R,180,CHI,27.822,645,37,6-4 6-1,3,R32,,1,1,45,33,21,8,8,3,5,1,2,50,20,8,12,9,1,7
2021-9452,Concepcion,Clay,32,C,,20210221,9,BS86,,,Tomas Barrios Vera,R,191,CHI,23.201,260,218,CC32,,,Guilherme Clezar,R,180,BRA,28.142,272,207,6-2 6-2,3,R32,,4,0,58,35,26,14,8,4,4,2,2,55,31,14,14,8,5,9
2021-9452,Concepcion,Clay,32,C,,20210221,10,CG07,,,Hernan Casanova,R,178,ARG,27.042,379,109,LA94,,,Christian Lindell,R,193,SWE,29.257,323,140,3-6 7-5 6-1,3,R32,,0,0,86,68,39,11,14,7,12,2,2,79,46,29,12,14,3,10
2021-9452,Concepcion,Clay,32,C,,20210221,11,C0AU,,,Francisco Cerundolo,R,185,ARG,22.527,146,478,CC66,,,Andrea Collarini,L,183,ARG,29.06,204,316,7-5 7-5,3,R32,,2,3,75,45,30,14,12,5,8,3,6,98,55,35,18,12,13,18
2021-9452,Concepcion,Clay,32,C,,20210221,12,D985,,,Joao Domingues,R,,POR,27.381,176,371,G985,,,Carlos Gomez-Herrera,R,191,ESP,30.815,359,118,4-6 6-4 7-5,3,R32,,1,1,102,68,43,18,16,2,5,0,3,100,78,51,11,16,2,6
2021-9452,Concepcion,Clay,32,C,,20210221,13,GA36,,,Emilio Gomez,R,185,ECU,29.235,165,402,AC58,,,Nicolas Alvarez,R,185,PER,24.706,344,126,6-4 1-6 6-0,3,R32,,2,3,79,50,30,16,11,5,8,4,5,86,55,31,14,12,6,11
2021-9452,Concepcion,Clay,32,C,,20210221,14,J551,,,Nicolas Jarry,R,201,CHI,25.366,989,10,U182,,,Camilo Ugo Carabelli,R,185,ARG,21.684,349,124,6-1 6-7(1) 6-2,3,R32,,9,3,90,49,33,24,14,7,10,8,8,96,46,32,18,13,8,15
2021-9452,Concepcion,Clay,32,C,,20210221,15,KI63,,,Lukas Klein,R,193,SVK,22.921,297,167,MJ98,,,Facundo Mena,R,183,ARG,28.416,240,246,7-5 6-1,3,R32,,8,0,61,41,30,13,10,1,2,2,2,57,40,25,7,9,2,6
2021-9452,Concepcion,Clay,32,C,,20210221,16,SL94,,,Pedro Sakamoto,R,178,BRA,27.65,292,174,A887,,,Guido Andreozzi,R,183,ARG,29.55,171,389,6-2 7-6(3),3,R32,,2,1,66,41,31,14,10,3,4,1,0,70,40,24,15,10,2,5
2021-9452,Concepcion,Clay,32,C,,20210221,17,CE77,1,,Federico Coria,R,180,ARG,28.956,92,785,BS86,,,Tomas Barrios Vera,R,191,CHI,23.201,260,218,6-4 6-4,3,R16,99,1,1,64,44,30,13,10,2,3,2,1,70,42,27,15,10,7,10
2021-9452,Concepcion,Clay,32,C,,20210221,18,MF35,2,,Andrej Martin,R,183,SVK,31.422,103,734,SL94,,,Pedro Sakamoto,R,178,BRA,27.65,292,174,6-3 6-3,3,R16,80,3,0,44,31,26,6,9,1,3,0,3,66,44,22,10,9,9,14
2021-9452,Concepcion,Clay,32,C,,20210221,19,DA31,4,,Hugo Dellien,R,180,BOL,27.685,112,646,CG07,,,Hernan Casanova,R,178,ARG,27.042,379,109,6-1 6-3,3,R16,62,0,3,50,36,26,8,8,4,5,0,0,46,34,16,4,8,6,11
2021-9452,Concepcion,Clay,32,C,,20210221,20,B0BI,,,Sebastian Baez,R,170,ARG,20.151,312,152,GE33,5,,Daniel Elahi Galan,R,191,COL,24.679,115,619,7-5 6-2,3,R16,80,1,1,54,40,26,9,10,1,3,5,0,56,38,22,9,10,1,6
2021-9452,Concepcion,Clay,32,C,,20210221,21,SX91,6,,Thiago Seyboth Wild,R,185,BRA,20.953,117,593,GA36,,,Emilio Gomez,R,185,ECU,29.235,165,402,6-1 6-2,3,R16,65,3,2,48,31,24,10,8,3,3,0,1,34,21,12,5,7,0,4
2021-9452,Concepcion,Clay,32,C,,20210221,22,AE14,8,,Daniel Altmaier,R,188,GER,22.445,134,507,KI63,,,Lukas Klein,R,193,SVK,22.921,297,167,1-6 6-3 6-3,3,R16,115,3,1,86,52,31,20,12,1,3,4,2,73,49,31,15,13,5,8
2021-9452,Concepcion,Clay,32,C,,20210221,23,C0AU,,,Francisco Cerundolo,R,185,ARG,22.527,146,478,J551,,,Nicolas Jarry,R,201,CHI,25.366,989,10,4-6 6-4 7-5,3,R16,137,1,2,92,62,42,17,16,2,5,5,5,100,61,40,18,16,2,6
2021-9452,Concepcion,Clay,32,C,,20210221,24,TE30,,,Alejandro Tabilo,L,188,CHI,23.723,167,397,D985,,,Joao Domingues,R,,POR,27.381,176,371,7-6(5) 6-2,3,R16,98,5,0,72,52,40,10,10,6,7,0,1,74,52,31,12,10,6,9
2021-9452,Concepcion,Clay,32,C,,20210221,25,TE30,,,Alejandro Tabilo,L,188,CHI,23.723,167,397,CE77,1,,Federico Coria,R,180,ARG,28.956,92,785,7-5 6-7(4) 7-6(2),3,QF,175,4,7,139,83,62,22,18,6,10,7,1,127,84,57,16,18,10,15
2021-9452,Concepcion,Clay,32,C,,20210221,26,MF35,2,,Andrej Martin,R,183,SVK,31.422,103,734,AE14,8,,Daniel Altmaier,R,188,GER,22.445,134,507,7-6(4) 6-3,3,QF,148,2,2,70,41,26,12,11,6,11,1,1,109,76,37,14,10,4,10
2021-9452,Concepcion,Clay,32,C,,20210221,27,B0BI,,,Sebastian Baez,R,170,ARG,20.151,312,152,DA31,4,,Hugo Dellien,R,180,BOL,27.685,112,646,6-1 6-1,3,QF,54,3,1,39,25,21,8,7,0,0,1,3,41,26,15,3,7,1,6
2021-9452,Concepcion,Clay,32,C,,20210221,28,C0AU,,,Francisco Cerundolo,R,185,ARG,22.527,146,478,SX91,6,,Thiago Seyboth Wild,R,185,BRA,20.953,117,593,6-3 7-6(4),3,QF,117,1,3,87,54,37,16,10,3,5,4,2,77,48,27,16,11,4,8
2021-9452,Concepcion,Clay,32,C,,20210221,29,B0BI,,,Sebastian Baez,R,170,ARG,20.151,312,152,MF35,2,,Andrej Martin,R,183,SVK,31.422,103,734,6-4 6-3,3,SF,91,0,2,56,44,32,4,9,0,2,0,1,65,37,19,14,10,7,12
2021-9452,Concepcion,Clay,32,C,,20210221,30,C0AU,,,Francisco Cerundolo,R,185,ARG,22.527,146,478,TE30,,,Alejandro Tabilo,L,188,CHI,23.723,167,397,6-1 6-1,3,SF,62,2,1,46,21,16,15,7,1,1,1,1,51,37,18,4,7,8,13
2021-9452,Concepcion,Clay,32,C,,20210221,31,B0BI,,,Sebastian Baez,R,170,ARG,20.151,312,152,C0AU,,,Francisco Cerundolo,R,185,ARG,22.527,146,478,6-3 6-7(5) 7-6(5),3,F,160,1,4,141,108,67,18,17,15,19,0,5,115,79,54,14,16,6,11
2021-3618,Nur-Sultan 1,Hard,32,C,,20210228,1,MK66,,,Mackenzie McDonald,R,178,USA,25.873,139,515,K926,1,,Mikhail Kukushkin,R,183,KAZ,33.177,94,796,7-5 7-5,3,R32,118,7,0,66,40,30,15,12,2,4,1,3,88,50,31,17,12,6,10
2021-3618,Nur-Sultan 1,Hard,32,C,,20210228,2,M0FH,,,Tomas Machac,R,183,CZE,20.378,173,401,D864,2,,Evgeny Donskoy,R,185,RUS,30.809,123,585,6-3 3-6 6-1,3,R32,111,11,2,71,48,36,13,13,0,2,5,5,91,51,34,18,12,10,14
2021-3618,Nur-Sultan 1,Hard,32,C,,20210228,3,GA94,4,,Prajnesh Gunneswaran,L,188,IND,31.296,138,516,T09L,,,Dostanbek Tashbulatov,R,175,KAZ,20.674,913,15,6-2 6-3,3,R32,68,4,2,54,41,29,8,8,3,3,1,5,51,24,14,13,9,4,8
2021-3618,Nur-Sultan 1,Hard,32,C,,20210228,4,L949,5,,Henri Laaksonen,R,185,SUI,28.914,134,520,Q941,,,Roberto Quiroz,L,193,ECU,29.016,262,224,6-4 6-2,3,R32,62,7,1,47,22,20,18,9,3,3,4,3,54,30,20,11,9,3,6
2021-3618,Nur-Sultan 1,Hard,32,C,,20210228,5,R09X,6,,Jurij Rodionov,L,191,AUT,21.791,152,463,N561,,,Ivan Nedelko,R,185,RUS,34.801,348,127,6-3 6-3,3,R32,72,3,6,57,39,31,7,9,2,3,5,3,51,26,19,9,9,2,6
2021-3618,Nur-Sultan 1,Hard,32,C,,20210228,6,K966,7,,Martin Klizan,L,191,SVK,31.636,159,442,S0GR,,,Timofey Skatov,R,173,KAZ,20.104,454,84,6-4 4-6 7-6(5),3,R32,194,8,5,128,72,50,23,16,13,18,7,2,114,76,46,19,16,8,13
2021-3618,Nur-Sultan 1,Hard,32,C,,20210228,7,K09F,,,Pavel Kotov,R,191,RUS,22.281,273,214,RA51,8,,Blaz Rola,L,193,SLO,30.401,161,433,6-4 7-6(7),3,R32,101,3,3,76,42,29,19,11,1,2,3,2,67,42,32,12,11,3,5
2021-3618,Nur-Sultan 1,Hard,32,C,,20210228,8,BV27,,,Ulises Blanch,R,188,USA,22.932,244,242,PG20,,,Dmitry Popko,R,191,KAZ,24.348,180,391,6-4 2-6 7-6(7),3,R32,157,14,5,111,60,50,23,15,11,14,7,9,123,57,47,29,15,15,17
2021-3618,Nur-Sultan 1,Hard,32,C,,20210228,9,SN54,,,Frederico Ferreira Silva,L,178,POR,25.952,184,383,O513,,,Sebastian Ofner,R,191,AUT,24.799,169,410,6-3 6-4,3,R32,77,2,1,59,40,33,9,10,2,3,7,1,49,32,23,5,9,0,3
2021-3618,Nur-Sultan 1,Hard,32,C,,20210228,10,GH92,,,Borna Gojo,R,196,CRO,23.003,224,273,PH78,,,Ryan Peniston,L,180,GBR,25.303,378,115,6-3 1-6 6-4,3,R32,106,8,6,79,54,39,7,13,4,7,4,2,86,48,32,20,13,3,6
2021-3618,Nur-Sultan 1,Hard,32,C,,20210228,11,I165,,,Denis Istomin,R,185,UZB,34.478,195,358,Y171,,,Denis Yevseyev,R,188,KAZ,27.773,390,109,6-7(6) 6-3 6-3,3,R32,137,1,2,90,51,34,21,15,0,4,3,3,111,72,42,16,15,7,14
2021-3618,Nur-Sultan 1,Hard,32,C,,20210228,12,I230,,,Tatsuma Ito,R,180,JPN,32.783,204,342,MM54,,,Vladyslav Manafov,L,,UKR,27.855,550,59,6-4 6-4,3,R32,98,2,5,60,30,22,18,10,1,2,5,4,74,36,24,18,10,12,15
2021-3618,Nur-Sultan 1,Hard,32,C,,20210228,13,MN13,,,Maximilian Marterer,L,188,GER,25.708,206,331,PB22,,,Peter Polansky,R,183,CAN,32.706,218,286,6-3 6-4,3,R32,77,5,0,59,34,26,16,10,4,5,0,4,57,31,22,10,9,2,5
2021-3618,Nur-Sultan 1,Hard,32,C,,20210228,14,SP24,,,Brayden Schnur,R,193,CAN,25.656,215,305,MP20,,,Alexandre Muller,R,183,FRA,24.074,194,358,7-6(8) 3-6 6-1,3,R32,127,8,2,90,62,47,13,14,1,3,2,5,101,58,43,18,14,2,5
2021-3618,Nur-Sultan 1,Hard,32,C,,20210228,15,W857,,,Tung-Lin Wu,R,188,TPE,22.801,246,241,GF95,,,Hugo Grenier,R,196,FRA,24.936,251,235,6-4 7-5,3,R32,89,3,0,61,43,30,11,11,0,1,5,3,64,40,31,9,11,1,4
2021-3618,Nur-Sultan 1,Hard,32,C,,20210228,16,Z09D,,,Kacper Zuk,R,183,POL,22.105,241,247,BM05,,,Bogdan Bobrov,R,185,RUS,23.452,434,90,6-2 6-1,3,R32,56,7,1,44,27,21,9,8,2,3,2,2,49,27,12,10,7,0,5
2021-3618,Nur-Sultan 1,Hard,32,C,,20210228,17,GA94,4,,Prajnesh Gunneswaran,L,188,IND,31.296,138,516,SP24,,,Brayden Schnur,R,193,CAN,25.656,215,305,3-6 6-3 6-0,3,R16,105,5,3,74,39,28,23,12,7,8,7,4,84,57,36,14,12,8,12
2021-3618,Nur-Sultan 1,Hard,32,C,,20210228,18,L949,5,,Henri Laaksonen,R,185,SUI,28.914,134,520,GH92,,,Borna Gojo,R,196,CRO,23.003,224,273,1-6 7-5 6-2,3,R16,107,0,1,81,41,30,21,13,5,8,5,7,103,62,44,16,14,9,13
2021-3618,Nur-Sultan 1,Hard,32,C,,20210228,19,R09X,6,,Jurij Rodionov,L,191,AUT,21.791,152,463,I230,,,Tatsuma Ito,R,180,JPN,32.783,204,342,6-3 6-2,3,R16,65,6,3,41,23,16,9,8,0,2,3,7,61,31,20,7,9,3,9
2021-3618,Nur-Sultan 1,Hard,32,C,,20210228,20,K966,7,,Martin Klizan,L,191,SVK,31.636,159,442,BV27,,,Ulises Blanch,R,188,USA,22.932,244,242,6-7(7) 6-2 7-6(5),3,R16,143,10,8,113,66,51,26,16,3,5,6,2,95,52,41,24,16,2,6
2021-3618,Nur-Sultan 1,Hard,32,C,,20210228,21,SN54,,,Frederico Ferreira Silva,L,178,POR,25.952,184,383,K09F,,,Pavel Kotov,R,191,RUS,22.281,273,214,6-1 3-6 6-4,3,R16,128,0,3,78,49,35,16,13,0,2,5,5,78,50,33,12,13,2,6
2021-3618,Nur-Sultan 1,Hard,32,C,,20210228,22,M0FH,,,Tomas Machac,R,183,CZE,20.378,173,401,MN13,,,Maximilian Marterer,L,188,GER,25.708,206,331,6-4 3-6 6-3,3,R16,142,5,2,104,66,45,18,14,6,8,6,3,86,56,40,13,14,6,9
2021-3618,Nur-Sultan 1,Hard,32,C,,20210228,23,MK66,,,Mackenzie McDonald,R,178,USA,25.873,139,515,I165,,,Denis Istomin,R,185,UZB,34.478,195,358,6-2 6-3,3,R16,70,3,1,54,32,21,14,8,4,5,0,1,51,30,14,10,9,1,6
2021-3618,Nur-Sultan 1,Hard,32,C,,20210228,24,Z09D,,,Kacper Zuk,R,183,POL,22.105,241,247,W857,,,Tung-Lin Wu,R,188,TPE,22.801,246,241,6-3 4-2 RET,3,R16,54,11,0,40,21,18,13,8,3,4,1,1,40,21,9,11,7,2,5
2021-3618,Nur-Sultan 1,Hard,32,C,,20210228,25,GA94,4,,Prajnesh Gunneswaran,L,188,IND,31.296,138,516,K966,7,,Martin Klizan,L,191,SVK,31.636,159,442,6-3 4-6 6-4,3,QF,116,6,4,86,52,43,15,14,7,9,7,2,91,52,40,18,15,6,10
2021-3618,Nur-Sultan 1,Hard,32,C,,20210228,26,L949,5,,Henri Laaksonen,R,185,SUI,28.914,134,520,Z09D,,,Kacper Zuk,R,183,POL,22.105,241,247,6-4 6-3,3,QF,79,9,3,64,38,32,11,9,4,4,2,3,65,34,22,16,10,4,7
2021-3618,Nur-Sultan 1,Hard,32,C,,20210228,27,R09X,6,,Jurij Rodionov,L,191,AUT,21.791,152,463,M0FH,,,Tomas Machac,R,183,CZE,20.378,173,401,6-2 6-3,3,QF,79,8,2,55,37,32,8,9,4,4,3,1,61,48,28,5,8,8,11
2021-3618,Nur-Sultan 1,Hard,32,C,,20210228,28,MK66,,,Mackenzie McDonald,R,178,USA,25.873,139,515,SN54,,,Frederico Ferreira Silva,L,178,POR,25.952,184,383,6-4 3-6 7-6(3),3,QF,141,11,4,104,69,54,13,15,7,10,11,2,97,63,45,19,16,1,4
2021-3618,Nur-Sultan 1,Hard,32,C,,20210228,29,R09X,6,,Jurij Rodionov,L,191,AUT,21.791,152,463,GA94,4,,Prajnesh Gunneswaran,L,188,IND,31.296,138,516,6-2 3-6 6-3,3,SF,107,9,1,77,44,35,20,13,5,6,4,2,80,51,34,18,13,6,9
2021-3618,Nur-Sultan 1,Hard,32,C,,20210228,30,MK66,,,Mackenzie McDonald,R,178,USA,25.873,139,515,L949,5,,Henri Laaksonen,R,185,SUI,28.914,134,520,6-2 6-1,3,SF,65,6,2,58,34,26,13,8,3,3,2,5,48,20,14,9,7,6,10
2021-3618,Nur-Sultan 1,Hard,32,C,,20210228,31,MK66,,,Mackenzie McDonald,R,178,USA,25.873,139,515,R09X,6,,Jurij Rodionov,L,191,AUT,21.791,152,463,6-1 6-2,3,F,56,7,2,51,35,27,9,8,4,4,0,2,44,21,9,12,7,2,6
2021-8285,Nur-Sultan 1,Hard,32,C,,20210228,1,KF17,1,,Soonwoo Kwon,R,180,KOR,23.242,81,877,RA51,,,Blaz Rola,L,193,SLO,30.401,161,433,7-5 6-2,3,R32,94,2,6,69,34,23,18,10,7,9,4,5,62,36,21,10,10,3,8
2021-8285,Nur-Sultan 1,Hard,32,C,,20210228,2,T840,,,Viktor Troicki,R,193,SRB,35.05,197,353,RH24,2,,Emil Ruusuvuori,R,188,FIN,21.911,85,851,6-4 6-2,3,R32,72,3,3,54,34,25,11,9,5,6,2,3,60,38,24,10,9,5,9
2021-8285,Nur-Sultan 1,Hard,32,C,,20210228,3,SN54,,,Frederico Ferreira Silva,L,178,POR,25.952,184,383,K926,3,,Mikhail Kukushkin,R,183,KAZ,33.177,94,796,6-3 7-5,3,R32,93,4,1,65,42,31,14,11,4,5,5,4,66,39,24,15,10,4,7
2021-8285,Nur-Sultan 1,Hard,32,C,,20210228,4,D994,4,,James Duckworth,R,183,AUS,29.106,100,756,K0E6,,,Alibek Kachmazov,R,185,RUS,18.535,691,32,6-4 5-7 7-5,3,R32,170,11,2,132,77,56,28,17,8,10,9,7,105,59,41,27,17,6,9
2021-8285,Nur-Sultan 1,Hard,32,C,,20210228,5,DA81,5,,Taro Daniel,R,191,JPN,28.088,120,602,PH78,,,Ryan Peniston,L,180,GBR,25.303,378,115,6-2 6-4,3,R32,105,3,2,75,44,30,16,9,7,8,1,1,62,34,22,13,9,5,9
2021-8285,Nur-Sultan 1,Hard,32,C,,20210228,6,O513,,,Sebastian Ofner,R,191,AUT,24.799,169,410,D864,6,,Evgeny Donskoy,R,185,RUS,30.809,123,585,6-2 6-4,3,R32,70,6,1,59,30,24,18,9,7,7,5,3,52,29,22,10,9,1,4
2021-8285,Nur-Sultan 1,Hard,32,C,,20210228,7,M0FH,,,Tomas Machac,R,183,CZE,20.378,173,401,L949,7,,Henri Laaksonen,R,185,SUI,28.914,134,520,7-5 6-2,3,R32,91,2,2,58,30,23,17,10,4,5,8,1,97,46,28,23,10,12,16
2021-8285,Nur-Sultan 1,Hard,32,C,,20210228,8,GA94,8,,Prajnesh Gunneswaran,L,188,IND,31.296,138,516,LB51,,,Julian Lenz,R,188,GER,28.03,252,230,3-6 6-2 6-3,3,R32,97,8,0,67,40,33,18,13,1,2,5,5,73,38,27,20,13,4,7
2021-8285,Nur-Sultan 1,Hard,32,C,,20210228,9,I165,,,Denis Istomin,R,185,UZB,34.478,195,358,MP20,,,Alexandre Muller,R,183,FRA,24.074,194,358,6-3 3-1 RET,3,R32,50,1,1,34,21,17,5,7,0,2,1,2,39,23,13,5,6,6,10
2021-8285,Nur-Sultan 1,Hard,32,C,,20210228,10,I230,,,Tatsuma Ito,R,180,JPN,32.783,204,342,Y171,,,Denis Yevseyev,R,188,KAZ,27.773,390,109,6-4 2-6 6-3,3,R32,107,1,5,84,47,36,18,14,1,4,4,5,87,55,34,17,13,6,9
2021-8285,Nur-Sultan 1,Hard,32,C,,20210228,11,MM54,,,Vladyslav Manafov,L,,UKR,27.855,550,59,N503,,,Aleksandr Nedovyesov,R,188,KAZ,34.037,336,131,7-5 6-3,3,R32,92,3,3,66,43,35,12,11,3,3,7,3,73,47,30,14,10,6,8
2021-8285,Nur-Sultan 1,Hard,32,C,,20210228,12,MK66,,,Mackenzie McDonald,R,178,USA,25.873,139,515,SP24,,,Brayden Schnur,R,193,CAN,25.656,215,305,6-3 4-6 6-4,3,R32,126,9,2,87,49,39,18,14,4,6,10,3,95,56,39,19,15,7,11
2021-8285,Nur-Sultan 1,Hard,32,C,,20210228,13,PB22,,,Peter Polansky,R,183,CAN,32.706,218,286,BV27,,,Ulises Blanch,R,188,USA,22.932,244,242,7-6(2) 4-3 RET,3,R32,74,7,1,66,31,25,21,10,1,2,11,3,57,37,29,7,9,1,2
2021-8285,Nur-Sultan 1,Hard,32,C,,20210228,14,RB56,,,Ramkumar Ramanathan,R,188,IND,26.308,200,352,GF95,,,Hugo Grenier,R,196,FRA,24.936,251,235,6-4 3-6 6-3,3,R32,104,13,5,85,41,31,27,14,3,4,7,4,82,57,49,8,14,1,3
2021-8285,Nur-Sultan 1,Hard,32,C,,20210228,15,S0GR,,,Timofey Skatov,R,173,KAZ,20.104,454,84,PG20,,,Dmitry Popko,R,191,KAZ,24.348,180,391,6-4 6-4,3,R32,113,3,2,56,32,22,12,10,3,6,5,5,81,42,22,20,10,9,14
2021-8285,Nur-Sultan 1,Hard,32,C,,20210228,16,W857,,,Tung-Lin Wu,R,188,TPE,22.801,246,241,K966,,,Martin Klizan,L,191,SVK,31.636,159,442,6-3 4-6 7-6(5),3,R32,111,11,3,79,63,50,8,15,1,3,9,5,96,53,42,21,16,5,8
2021-8285,Nur-Sultan 1,Hard,32,C,,20210228,17,KF17,1,,Soonwoo Kwon,R,180,KOR,23.242,81,877,PB22,,,Peter Polansky,R,183,CAN,32.706,218,286,7-6(7) 6-4,3,R16,108,8,3,76,48,36,14,11,3,5,6,3,80,47,27,19,11,4,7
2021-8285,Nur-Sultan 1,Hard,32,C,,20210228,18,D994,4,,James Duckworth,R,183,AUS,29.106,100,756,MM54,,,Vladyslav Manafov,L,,UKR,27.855,550,59,6-2 6-7(5) 7-5,3,R16,137,14,1,100,58,43,28,16,2,3,8,8,96,53,40,21,16,1,5
2021-8285,Nur-Sultan 1,Hard,32,C,,20210228,19,DA81,5,,Taro Daniel,R,191,JPN,28.088,120,602,I165,,,Denis Istomin,R,185,UZB,34.478,195,358,6-2 6-4,3,R16,91,4,1,57,33,27,12,9,4,4,1,1,67,44,27,9,9,9,12
2021-8285,Nur-Sultan 1,Hard,32,C,,20210228,20,GA94,8,,Prajnesh Gunneswaran,L,188,IND,31.296,138,516,I230,,,Tatsuma Ito,R,180,JPN,32.783,204,342,6-3 2-0 RET,3,R16,42,8,1,29,17,14,11,6,0,0,2,1,40,26,15,5,5,0,2
2021-8285,Nur-Sultan 1,Hard,32,C,,20210228,21,SN54,,,Frederico Ferreira Silva,L,178,POR,25.952,184,383,RB56,,,Ramkumar Ramanathan,R,188,IND,26.308,200,352,6-4 7-5,3,R16,85,2,0,57,44,34,11,11,1,1,13,5,71,41,32,14,11,5,7
2021-8285,Nur-Sultan 1,Hard,32,C,,20210228,22,M0FH,,,Tomas Machac,R,183,CZE,20.378,173,401,MK66,,,Mackenzie McDonald,R,178,USA,25.873,139,515,6-4 6-1,3,R16,69,5,4,60,33,23,13,9,7,9,4,4,52,27,18,7,8,5,10
2021-8285,Nur-Sultan 1,Hard,32,C,,20210228,23,O513,,,Sebastian Ofner,R,191,AUT,24.799,169,410,S0GR,,,Timofey Skatov,R,173,KAZ,20.104,454,84,6-3 7-6(4),3,R16,114,4,4,73,49,35,10,11,2,5,2,1,78,54,30,12,10,7,11
2021-8285,Nur-Sultan 1,Hard,32,C,,20210228,24,W857,,,Tung-Lin Wu,R,188,TPE,22.801,246,241,T840,,,Viktor Troicki,R,193,SRB,35.05,197,353,6-3 7-6(8),3,R16,92,7,0,72,54,43,11,11,5,6,5,2,73,53,37,11,10,5,7
2021-8285,Nur-Sultan 1,Hard,32,C,,20210228,25,M0FH,,,Tomas Machac,R,183,CZE,20.378,173,401,KF17,1,,Soonwoo Kwon,R,180,KOR,23.242,81,877,6-2 6-1,3,QF,58,6,0,37,27,22,7,7,0,0,4,6,51,29,17,5,8,2,7
2021-8285,Nur-Sultan 1,Hard,32,C,,20210228,26,GA94,8,,Prajnesh Gunneswaran,L,188,IND,31.296,138,516,D994,4,,James Duckworth,R,183,AUS,29.106,100,756,6-4 2-6 7-6(1),3,QF,120,11,4,90,54,38,20,15,5,9,8,3,101,54,40,20,15,6,9
2021-8285,Nur-Sultan 1,Hard,32,C,,20210228,27,DA81,5,,Taro Daniel,R,191,JPN,28.088,120,602,W857,,,Tung-Lin Wu,R,188,TPE,22.801,246,241,6-2 6-1,3,QF,66,5,2,53,26,22,16,8,3,3,3,2,39,28,16,4,7,2,6
2021-8285,Nur-Sultan 1,Hard,32,C,,20210228,28,O513,,,Sebastian Ofner,R,191,AUT,24.799,169,410,SN54,,,Frederico Ferreira Silva,L,178,POR,25.952,184,383,7-6(2) 4-6 7-5,3,QF,150,16,5,113,71,53,20,17,8,11,4,2,101,70,51,14,17,4,7
2021-8285,Nur-Sultan 1,Hard,32,C,,20210228,29,O513,,,Sebastian Ofner,R,191,AUT,24.799,169,410,DA81,5,,Taro Daniel,R,191,JPN,28.088,120,602,6-3 6-4,3,SF,81,9,0,51,30,21,14,9,1,2,3,2,65,35,23,14,10,5,9
2021-8285,Nur-Sultan 1,Hard,32,C,,20210228,30,M0FH,,,Tomas Machac,R,183,CZE,20.378,173,401,GA94,8,,Prajnesh Gunneswaran,L,188,IND,31.296,138,516,6-3 1-6 6-2,3,SF,91,5,1,68,43,31,12,12,4,8,1,6,72,38,27,14,12,7,12
2021-8285,Nur-Sultan 1,Hard,32,C,,20210228,31,M0FH,,,Tomas Machac,R,183,CZE,20.378,173,401,O513,,,Sebastian Ofner,R,191,AUT,24.799,169,410,4-6 6-4 6-4,3,F,142,4,1,107,58,44,25,15,11,13,12,3,99,62,46,16,15,3,6
2021-9456,Gran Canaria 1,Clay,32,C,,20210228,1,M0EJ,1,,Lorenzo Musetti,R,185,ITA,18.992,115,630,M0EY,,,Alex Marti Pujolras,R,185,ESP,22.051,796,23,6-3 7-5,3,R32,95,1,3,64,47,25,10,10,5,9,0,3,69,39,22,7,11,4,11
2021-9456,Gran Canaria 1,Clay,32,C,,20210228,2,CG94,,,Enzo Couacaud,R,183,FRA,25.999,216,305,TE16,2,,Carlos Taberner,R,183,ESP,23.559,131,541,7-6(3) 0-6 2-3 RET,3,R32,141,12,4,81,37,30,17,12,1,5,3,0,76,50,37,14,11,2,2
2021-9456,Gran Canaria 1,Clay,32,C,,20210228,3,K834,,,Blaz Kavcic,R,188,SLO,33.988,260,225,GB53,3,,Federico Gaio,R,178,ITA,28.986,133,526,6-3 6-3,3,R32,105,2,2,57,45,26,7,9,5,8,2,0,77,42,23,14,9,6,12
2021-9456,Gran Canaria 1,Clay,32,C,,20210228,4,MM66,4,,Nikola Milojevic,R,188,SRB,25.697,149,479,BV25,,,Javier Barranco Cosano,L,180,ESP,22.283,320,146,4-6 6-4 6-3,3,R32,124,5,2,76,44,36,15,14,0,3,4,3,92,53,32,21,15,6,11
2021-9456,Gran Canaria 1,Clay,32,C,,20210228,5,CG33,,,Kimmer Coppejans,R,178,BEL,27.058,182,387,PE02,5,,Danilo Petrovic,R,203,SRB,29.098,154,458,6-1 6-1,3,R32,64,4,0,42,24,20,11,7,2,2,4,8,50,17,11,9,7,6,11
2021-9456,Gran Canaria 1,Clay,32,C,,20210228,6,O340,,,Roberto Ortega-Olmedo,R,168,ESP,29.834,297,173,GA79,6,,Lorenzo Giustino,R,180,ITA,29.47,158,444,1-6 6-3 6-4,3,R32,121,0,2,75,43,28,17,13,3,7,5,8,74,35,25,21,13,5,9
2021-9456,Gran Canaria 1,Clay,32,C,,20210228,7,G983,7,,Alessandro Giannessi,L,185,ITA,30.752,163,423,N679,,,Stefano Napolitano,R,196,ITA,25.886,283,194,6-0 6-2,3,R32,61,3,0,37,28,23,6,7,1,1,0,1,49,32,13,9,7,4,9
2021-9456,Gran Canaria 1,Clay,32,C,,20210228,8,HA28,8,,Filip Horansky,R,191,SVK,28.142,170,405,O482,,,Gonzalo Oliveira,L,185,VEN,26.031,291,182,1-6 6-4 6-1,3,R32,121,3,8,87,58,37,9,12,8,13,0,3,92,59,30,17,12,10,16
2021-9456,Gran Canaria 1,Clay,32,C,,20210228,9,BI47,,,Riccardo Bonadio,R,180,ITA,27.63,295,177,KI74,,,Nicola Kuhn,R,185,GER,20.945,242,246,6-4 6-4,3,R32,95,3,4,63,34,26,16,10,2,3,1,1,65,57,35,2,10,2,5
2021-9456,Gran Canaria 1,Clay,32,C,,20210228,10,D916,,,Steven Diez,R,175,CAN,29.955,190,365,N0AM,,,Emilio Nava,R,185,USA,19.242,637,39,7-6(4) 6-7(4) 6-2,3,R32,177,5,8,117,70,48,20,16,9,15,11,9,119,70,42,20,16,3,11
2021-9456,Gran Canaria 1,Clay,32,C,,20210228,11,LB66,,,Constant Lestienne,R,180,FRA,28.769,217,296,MB53,,,Adrian Menendez-Maceiras,R,183,ESP,35.337,261,225,6-1 6-4,3,R32,91,4,1,48,24,18,18,9,0,0,2,2,55,34,20,10,8,4,7
2021-9456,Gran Canaria 1,Clay,32,C,,20210228,12,MV14,,,Alex Molcan,L,178,SVK,23.244,308,158,E0BN,,,Mark Owen Endler,,,GER,18.278,,,6-0 6-1,3,R32,43,4,0,36,21,17,12,7,0,0,0,2,35,24,9,3,6,3,8
2021-9456,Gran Canaria 1,Clay,32,C,,20210228,13,MP83,,,Gian Marco Moroni,R,185,ITA,23.042,231,262,GH33,,,Manuel Guinard,R,198,FRA,25.29,312,157,6-3 6-2,3,R32,82,2,2,48,36,28,5,9,2,3,3,2,47,17,11,13,8,0,4
2021-9456,Gran Canaria 1,Clay,32,C,,20210228,14,PH64,,,Andrea Pellegrino,R,185,ITA,23.937,284,194,G476,,,Guillermo Garcia-Lopez,R,185,ESP,37.739,232,258,6-4 6-3,3,R32,83,3,1,49,32,30,8,9,1,1,3,4,63,36,23,12,10,0,3
2021-9456,Gran Canaria 1,Clay,32,C,,20210228,15,R419,,,Tommy Robredo,R,180,ESP,38.831,220,284,SP80,,,Nino Serdarusic,R,191,CRO,24.211,298,172,6-0 6-4,3,R32,75,1,1,51,30,21,14,8,1,2,0,0,44,22,11,10,8,4,9
2021-9456,Gran Canaria 1,Clay,32,C,,20210228,16,TA29,,,Marco Trungelliti,R,178,ARG,31.077,257,226,G0AV,,,Carlos Gimeno Valero,R,191,ESP,19.68,399,104,1-6 7-6(7) 6-3,3,R32,131,8,2,99,51,32,21,15,3,10,1,6,80,55,36,11,13,3,8
2021-9456,Gran Canaria 1,Clay,32,C,,20210228,17,MV14,,,Alex Molcan,L,178,SVK,23.244,308,158,M0EJ,1,,Lorenzo Musetti,R,185,ITA,18.992,115,630,7-6(5) 7-6(4),3,R16,125,2,2,121,85,50,20,12,8,11,1,0,75,59,37,8,12,2,5
2021-9456,Gran Canaria 1,Clay,32,C,,20210228,18,MM66,4,,Nikola Milojevic,R,188,SRB,25.697,149,479,LB66,,,Constant Lestienne,R,180,FRA,28.769,217,296,6-2 6-4,3,R16,83,3,1,58,30,26,14,9,3,3,2,4,63,32,21,15,9,3,6
2021-9456,Gran Canaria 1,Clay,32,C,,20210228,19,D916,,,Steven Diez,R,175,CAN,29.955,190,365,G983,7,,Alessandro Giannessi,L,185,ITA,30.752,163,423,7-6(6) 7-6(8),3,R16,149,2,2,82,54,39,15,12,4,7,6,3,90,54,36,20,12,6,9
2021-9456,Gran Canaria 1,Clay,32,C,,20210228,20,HA28,8,,Filip Horansky,R,191,SVK,28.142,170,405,MP83,,,Gian Marco Moroni,R,185,ITA,23.042,231,262,7-6(3) 6-4,3,R16,138,1,4,77,45,29,16,11,5,8,3,5,86,51,33,10,11,7,11
2021-9456,Gran Canaria 1,Clay,32,C,,20210228,21,BI47,,,Riccardo Bonadio,R,180,ITA,27.63,295,177,K834,,,Blaz Kavcic,R,188,SLO,33.988,260,225,4-6 6-3 6-3,3,R16,164,3,3,95,59,37,14,14,12,18,1,3,93,71,38,6,14,7,15
2021-9456,Gran Canaria 1,Clay,32,C,,20210228,22,CG94,,,Enzo Couacaud,R,183,FRA,25.999,216,305,R419,,,Tommy Robredo,R,180,ESP,38.831,220,284,6-1 6-2,3,R16,76,5,2,55,21,18,17,8,2,3,0,2,54,38,18,6,7,6,11
2021-9456,Gran Canaria 1,Clay,32,C,,20210228,23,PH64,,,Andrea Pellegrino,R,185,ITA,23.937,284,194,O340,,,Roberto Ortega-Olmedo,R,168,ESP,29.834,297,173,6-4 7-5,3,R16,101,1,3,64,39,25,14,11,4,7,0,4,81,51,29,13,11,6,11
2021-9456,Gran Canaria 1,Clay,32,C,,20210228,24,TA29,,,Marco Trungelliti,R,178,ARG,31.077,257,226,CG33,,,Kimmer Coppejans,R,178,BEL,27.058,182,387,1-6 6-3 6-3,3,R16,138,2,2,82,44,26,23,12,7,10,2,3,85,41,29,21,13,5,9
2021-9456,Gran Canaria 1,Clay,32,C,,20210228,25,MM66,4,,Nikola Milojevic,R,188,SRB,25.697,149,479,PH64,,,Andrea Pellegrino,R,185,ITA,23.937,284,194,4-6 6-1 6-4,3,QF,115,6,7,77,39,31,20,14,4,7,0,1,83,54,30,16,13,7,12
2021-9456,Gran Canaria 1,Clay,32,C,,20210228,26,MV14,,,Alex Molcan,L,178,SVK,23.244,308,158,HA28,8,,Filip Horansky,R,191,SVK,28.142,170,405,6-2 6-3,3,QF,72,0,3,63,46,28,8,9,2,5,1,3,44,27,12,4,8,3,9
2021-9456,Gran Canaria 1,Clay,32,C,,20210228,27,CG94,,,Enzo Couacaud,R,183,FRA,25.999,216,305,TA29,,,Marco Trungelliti,R,178,ARG,31.077,257,226,6-1 0-6 7-6(6),3,QF,126,3,5,88,43,30,18,13,5,10,2,3,85,48,33,15,12,6,10
2021-9456,Gran Canaria 1,Clay,32,C,,20210228,28,D916,,,Steven Diez,R,175,CAN,29.955,190,365,BI47,,,Riccardo Bonadio,R,180,ITA,27.63,295,177,6-3 6-0,3,QF,65,0,1,36,21,18,10,7,0,0,1,2,43,23,10,8,8,3,8
2021-9456,Gran Canaria 1,Clay,32,C,,20210228,29,CG94,,,Enzo Couacaud,R,183,FRA,25.999,216,305,MM66,4,,Nikola Milojevic,R,188,SRB,25.697,149,479,6-2 6-2,3,SF,89,1,3,50,31,24,9,8,4,5,0,4,57,33,17,10,8,4,9
2021-9456,Gran Canaria 1,Clay,32,C,,20210228,30,D916,,,Steven Diez,R,175,CAN,29.955,190,365,MV14,,,Alex Molcan,L,178,SVK,23.244,308,158,6-2 3-6 7-5,3,SF,155,1,5,102,69,40,15,14,6,11,2,5,97,65,36,11,15,5,12
2021-9456,Gran Canaria 1,Clay,32,C,,20210228,31,CG94,,,Enzo Couacaud,R,183,FRA,25.999,216,305,D916,,,Steven Diez,R,175,CAN,29.955,190,365,7-6(5) 7-6(3),3,F,151,12,2,96,51,37,24,12,8,10,1,3,103,57,33,27,12,6,8
2021-9458,Gran Canaria 1,Clay,32,C,,20210228,1,A0E2,,,Carlos Alcaraz,R,183,ESP,17.821,127,554,J09X,,,Filip Cristian Jianu,R,180,ROU,19.447,387,110,6-3 6-7(3) 6-1,3,R32,118,4,3,84,49,39,24,15,0,1,1,2,80,46,34,16,13,5,9
2021-9458,Gran Canaria 1,Clay,32,C,,20210228,2,GB53,2,,Federico Gaio,R,178,ITA,28.986,133,526,BV25,,,Javier Barranco Cosano,L,180,ESP,22.283,320,146,6-7(3) 6-2 6-2,3,R32,140,6,1,96,61,41,19,14,2,4,0,4,106,60,36,21,14,12,18
2021-9458,Gran Canaria 1,Clay,32,C,,20210228,3,MM66,3,,Nikola Milojevic,R,188,SRB,25.697,149,479,R419,,,Tommy Robredo,R,180,ESP,38.831,220,284,6-2 6-3,3,R32,80,6,4,52,31,22,12,8,3,4,0,5,59,35,19,9,9,8,13
2021-9458,Gran Canaria 1,Clay,32,C,,20210228,4,BI47,,,Riccardo Bonadio,R,180,ITA,27.63,295,177,PE02,4,,Danilo Petrovic,R,203,SRB,29.098,154,458,5-2 RET,3,R32,29,1,0,15,10,9,3,3,0,0,3,4,32,12,9,7,4,0,2
2021-9458,Gran Canaria 1,Clay,32,C,,20210228,5,CG94,,,Enzo Couacaud,R,183,FRA,25.999,216,305,GA79,5,,Lorenzo Giustino,R,180,ITA,29.47,158,444,7-6(2) 5-7 6-1,3,R32,163,6,2,108,52,33,32,16,8,12,1,4,105,57,35,25,15,8,13
2021-9458,Gran Canaria 1,Clay,32,C,,20210228,6,G983,6,,Alessandro Giannessi,L,185,ITA,30.752,163,423,N0AM,,,Emilio Nava,R,185,USA,19.242,637,39,6-2 6-3,3,R32,68,4,4,51,29,23,11,8,0,1,2,4,55,33,21,7,9,4,9
2021-9458,Gran Canaria 1,Clay,32,C,,20210228,7,HA28,7,,Filip Horansky,R,191,SVK,28.142,170,405,E780,,,Sandro Ehrat,R,180,SUI,29.867,386,110,7-6(9) 5-7 6-3,3,R32,146,2,6,105,67,42,16,17,2,9,3,4,104,53,35,21,16,4,11
2021-9458,Gran Canaria 1,Clay,32,C,,20210228,8,CG33,8,,Kimmer Coppejans,R,178,BEL,27.058,182,387,O482,,,Gonzalo Oliveira,L,185,VEN,26.031,291,182,7-5 7-6(2),3,R32,120,2,0,75,48,33,17,12,2,5,4,4,93,71,38,11,12,7,11
2021-9458,Gran Canaria 1,Clay,32,C,,20210228,9,D916,,,Steven Diez,R,175,CAN,29.955,190,365,KI74,,,Nicola Kuhn,R,185,GER,20.945,242,246,6-2 6-2,3,R32,92,0,4,66,36,21,19,8,6,7,0,0,53,36,17,6,8,5,10
2021-9458,Gran Canaria 1,Clay,32,C,,20210228,10,E830,,,Eduard Esteve Lobato,R,188,ESP,26.448,483,75,G476,,,Guillermo Garcia-Lopez,R,185,ESP,37.739,232,258,7-6(4) 6-2,3,R32,115,1,1,62,46,34,6,10,1,4,1,3,90,54,30,15,10,12,17
2021-9458,Gran Canaria 1,Clay,32,C,,20210228,11,G0AV,,,Carlos Gimeno Valero,R,191,ESP,19.68,399,104,LB66,,,Constant Lestienne,R,180,FRA,28.769,217,296,6-4 3-1 RET,3,R32,59,2,5,37,16,12,14,7,0,1,2,3,48,22,12,11,7,4,7
2021-9458,Gran Canaria 1,Clay,32,C,,20210228,12,K834,,,Blaz Kavcic,R,188,SLO,33.988,260,225,V0B2,,,Michael Vrbensky,R,,CZE,21.177,309,158,6-4 6-4,3,R32,116,0,2,64,40,25,10,10,5,9,1,6,68,29,18,14,10,6,12
2021-9458,Gran Canaria 1,Clay,32,C,,20210228,13,MV14,,,Alex Molcan,L,178,SVK,23.244,308,158,O340,,,Roberto Ortega-Olmedo,R,168,ESP,29.834,297,173,6-3 7-6(4),3,R32,126,2,0,69,43,32,16,11,2,3,2,1,102,67,44,12,10,12,14
2021-9458,Gran Canaria 1,Clay,32,C,,20210228,14,S0GZ,,,Nikolas Sanchez Izquierdo,R,185,ESP,21.96,361,120,PH64,,,Andrea Pellegrino,R,185,ITA,23.937,284,194,5-7 7-5 6-3,3,R32,144,1,7,111,70,43,24,17,7,11,4,4,101,68,41,18,16,9,14
2021-9458,Gran Canaria 1,Clay,32,C,,20210228,15,TA29,,,Marco Trungelliti,R,178,ARG,31.077,257,226,MB53,,,Adrian Menendez-Maceiras,R,183,ESP,35.337,261,225,6-0 6-2,3,R32,59,1,4,44,17,11,16,7,1,2,1,1,42,21,9,5,7,4,10
2021-9458,Gran Canaria 1,Clay,32,C,,20210228,16,Z0A1,,,Giulio Zeppieri,L,183,ITA,19.228,331,135,GH33,,,Manuel Guinard,R,198,FRA,25.29,312,157,6-0 6-3,3,R32,65,0,0,38,30,26,7,8,0,0,1,2,47,18,9,13,7,3,7
2021-9458,Gran Canaria 1,Clay,32,C,,20210228,17,TA29,,,Marco Trungelliti,R,178,ARG,31.077,257,226,A0E2,,,Carlos Alcaraz,R,183,ESP,17.821,127,554,7-6(5) 6-3,3,R16,88,2,5,70,21,16,26,11,0,3,1,3,57,34,23,8,10,2,6
2021-9458,Gran Canaria 1,Clay,32,C,,20210228,18,G0AV,,,Carlos Gimeno Valero,R,191,ESP,19.68,399,104,GB53,2,,Federico Gaio,R,178,ITA,28.986,133,526,6-0 3-6 6-3,3,R16,109,1,5,69,43,32,11,12,5,8,7,5,87,49,33,10,12,6,12
2021-9458,Gran Canaria 1,Clay,32,C,,20210228,19,E830,,,Eduard Esteve Lobato,R,188,ESP,26.448,483,75,MM66,3,,Nikola Milojevic,R,188,SRB,25.697,149,479,7-5 6-3,3,R16,101,2,0,86,54,40,17,11,6,6,2,5,55,28,22,13,10,1,3
2021-9458,Gran Canaria 1,Clay,32,C,,20210228,20,G983,6,,Alessandro Giannessi,L,185,ITA,30.752,163,423,S0GZ,,,Nikolas Sanchez Izquierdo,R,185,ESP,21.96,361,120,7-6(9) 7-5,3,R16,138,2,2,85,56,38,18,12,8,10,3,3,89,61,38,15,12,6,9
2021-9458,Gran Canaria 1,Clay,32,C,,20210228,21,Z0A1,,,Giulio Zeppieri,L,183,ITA,19.228,331,135,HA28,7,,Filip Horansky,R,191,SVK,28.142,170,405,7-6(7) 6-1,3,R16,98,3,3,81,56,34,15,9,6,8,0,6,79,54,32,7,10,6,11
2021-9458,Gran Canaria 1,Clay,32,C,,20210228,22,CG33,8,,Kimmer Coppejans,R,178,BEL,27.058,182,387,D916,,,Steven Diez,R,175,CAN,29.955,190,365,2-6 6-0 7-5,3,R16,156,5,1,107,75,50,14,13,8,10,0,3,87,51,35,14,13,5,9
2021-9458,Gran Canaria 1,Clay,32,C,,20210228,23,K834,,,Blaz Kavcic,R,188,SLO,33.988,260,225,BI47,,,Riccardo Bonadio,R,180,ITA,27.63,295,177,6-2 6-4,3,R16,100,0,1,53,32,22,14,9,3,4,1,3,67,38,22,12,9,4,8
2021-9458,Gran Canaria 1,Clay,32,C,,20210228,24,MV14,,,Alex Molcan,L,178,SVK,23.244,308,158,CG94,,,Enzo Couacaud,R,183,FRA,25.999,216,305,6-2 6-4,3,R16,81,1,2,62,39,22,14,9,1,3,3,0,66,42,24,8,9,3,8
2021-9458,Gran Canaria 1,Clay,32,C,,20210228,25,G0AV,,,Carlos Gimeno Valero,R,191,ESP,19.68,399,104,G983,6,,Alessandro Giannessi,L,185,ITA,30.752,163,423,6-2 4-6 6-2,3,QF,166,4,10,101,66,42,19,13,7,9,1,4,89,47,28,20,13,5,10
2021-9458,Gran Canaria 1,Clay,32,C,,20210228,26,CG33,8,,Kimmer Coppejans,R,178,BEL,27.058,182,387,TA29,,,Marco Trungelliti,R,178,ARG,31.077,257,226,7-6(4) 5-7 6-0,3,QF,157,3,1,108,73,44,19,15,6,10,4,7,111,70,41,18,15,5,11
2021-9458,Gran Canaria 1,Clay,32,C,,20210228,27,E830,,,Eduard Esteve Lobato,R,188,ESP,26.448,483,75,Z0A1,,,Giulio Zeppieri,L,183,ITA,19.228,331,135,6-4 5-7 6-4,3,QF,153,0,1,114,87,58,14,16,3,5,4,4,112,75,48,21,16,7,10
2021-9458,Gran Canaria 1,Clay,32,C,,20210228,28,K834,,,Blaz Kavcic,R,188,SLO,33.988,260,225,MV14,,,Alex Molcan,L,178,SVK,23.244,308,158,6-4 7-5,3,QF,124,2,2,73,53,29,8,11,6,11,1,6,80,53,29,6,11,6,13
2021-9458,Gran Canaria 1,Clay,32,C,,20210228,29,CG33,8,,Kimmer Coppejans,R,178,BEL,27.058,182,387,E830,,,Eduard Esteve Lobato,R,188,ESP,26.448,483,75,7-6(1) 6-2,3,SF,95,3,2,71,50,35,7,10,2,5,1,1,71,55,28,6,10,3,8
2021-9458,Gran Canaria 1,Clay,32,C,,20210228,30,G0AV,,,Carlos Gimeno Valero,R,191,ESP,19.68,399,104,K834,,,Blaz Kavcic,R,188,SLO,33.988,260,225,3-6 6-1 7-5,3,SF,134,0,8,89,62,36,9,14,8,15,1,7,88,68,35,4,14,7,16
2021-9458,Gran Canaria 1,Clay,32,C,,20210228,31,G0AV,,,Carlos Gimeno Valero,R,191,ESP,19.68,399,104,CG33,8,,Kimmer Coppejans,R,178,BEL,27.058,182,387,6-4 6-2,3,F,95,1,3,65,50,35,9,9,8,8,4,3,70,53,30,8,9,6,9
2021-9536,Nur-Sultan 1,Hard,32,C,,20210228,1,SC77,2,,Sergiy Stakhovsky,R,193,UKR,35.146,192,359,LC54,,,Benjamin Lock,R,198,ZIM,27.989,447,87,6-3 3-6 7-5,3,R32,131,14,9,105,58,42,23,15,8,10,5,2,85,55,38,17,15,2,5
2021-9536,Nur-Sultan 1,Hard,32,C,,20210228,2,KB54,,,Andrey Kuznetsov,R,183,RUS,30.018,506,69,CI14,3,,Jay Clarke,R,183,GBR,22.593,201,345,7-6(6) 6-4,3,R32,105,4,3,71,41,26,15,11,0,4,2,6,91,56,33,13,11,6,11
2021-9536,Nur-Sultan 1,Hard,32,C,,20210228,3,GF95,4,,Hugo Grenier,R,196,FRA,24.936,251,235,CH90,,,Yun seong Chung,R,178,KOR,22.927,364,118,6-7(5) 6-3 6-1,3,R32,111,5,0,77,53,42,16,14,0,1,4,2,103,60,37,23,14,3,8
2021-9536,Nur-Sultan 1,Hard,32,C,,20210228,4,PB22,5,,Peter Polansky,R,183,CAN,32.706,218,286,DG97,,,Artem Dubrivnyy,R,183,RUS,22.078,433,90,7-5 7-6(5),3,R32,96,2,3,77,43,25,25,12,4,6,6,4,77,40,30,15,12,3,6
2021-9536,Nur-Sultan 1,Hard,32,C,,20210228,5,D0C1,6,,Jesper de Jong,R,180,NED,20.747,313,156,Y171,,,Denis Yevseyev,R,188,KAZ,27.773,390,109,4-6 6-0 6-3,3,R32,95,1,7,75,38,31,20,13,3,4,3,4,79,51,31,14,12,6,10
2021-9536,Nur-Sultan 1,Hard,32,C,,20210228,6,T0AP,7,,Chun-Hsin Tseng,R,175,TPE,19.559,281,204,DF92,,,Corentin Denolly,L,188,FRA,23.732,337,131,6-4 6-4,3,R32,89,3,3,63,29,21,19,10,3,5,5,5,75,40,26,15,10,6,10
2021-9536,Nur-Sultan 1,Hard,32,C,,20210228,7,K0DP,,,Oleksii Krutykh,R,185,UKR,20.972,559,55,W857,8,,Tung-Lin Wu,R,188,TPE,22.801,246,241,6-2 6-2,3,R32,61,6,4,50,33,27,7,8,2,2,2,1,44,29,17,5,8,2,6
2021-9536,Nur-Sultan 1,Hard,32,C,,20210228,8,BE67,,,Mirza Basic,R,188,BIH,29.634,310,157,SQ80,,,Akira Santillan,R,180,AUS,23.773,256,227,6-2 6-2,3,R32,55,3,2,47,28,21,14,8,3,3,0,6,44,23,14,7,8,3,7
2021-9536,Nur-Sultan 1,Hard,32,C,,20210228,9,CF10,,,Nick Chappell,L,178,USA,28.444,345,128,LG37,,,Grigoriy Lomakin,R,198,KAZ,22.951,819,21,6-3 7-6(3),3,R32,103,4,5,76,48,36,17,11,4,5,5,1,76,42,27,18,10,3,5
2021-9536,Nur-Sultan 1,Hard,32,C,,20210228,10,H09F,,,Yu Hsiou Hsu,R,178,TPE,21.911,456,82,BF98,,,Alessandro Bega,R,170,ITA,30.133,355,124,6-3 1-6 6-3,3,R32,103,8,0,74,50,37,10,13,0,3,2,3,88,58,38,14,12,6,9
2021-9536,Nur-Sultan 1,Hard,32,C,,20210228,11,J267,,,Malek Jaziri,R,185,TUN,37.109,264,221,Z0AB,,,Alexey Zakharov,R,188,RUS,20.857,415,98,6-0 6-2,3,R32,65,2,1,40,25,22,9,7,2,2,3,5,60,24,14,14,7,9,14
2021-9536,Nur-Sultan 1,Hard,32,C,,20210228,12,K09F,,,Pavel Kotov,R,191,RUS,22.281,273,214,LD26,,,Edan Leshem,R,183,ISR,23.948,384,111,3-6 6-1 6-4,3,R32,109,6,4,80,51,38,12,13,5,8,0,5,82,56,35,12,13,9,14
2021-9536,Nur-Sultan 1,Hard,32,C,,20210228,13,KB95,,,Jason Kubler,R,178,AUS,27.781,255,228,SR81,,,Khumoyun Sultanov,R,180,UZB,22.341,326,138,6-3 7-5,3,R32,94,6,1,48,35,28,9,10,1,2,3,1,87,55,32,16,11,7,11
2021-9536,Nur-Sultan 1,Hard,32,C,,20210228,14,N561,,,Ivan Nedelko,R,185,RUS,34.801,348,127,T09L,,,Dostanbek Tashbulatov,R,175,KAZ,20.674,913,15,6-3 6-2,3,R32,83,2,1,52,36,23,12,9,2,4,3,2,64,31,19,11,8,5,10
2021-9536,Nur-Sultan 1,Hard,32,C,,20210228,15,PH78,,,Ryan Peniston,L,180,GBR,25.303,378,115,KI48,,,Ergi Kirkin,R,180,TUR,22.089,392,108,6-2 6-3,3,R32,74,1,2,49,28,20,12,9,2,4,1,2,56,28,17,9,8,7,12
2021-9536,Nur-Sultan 1,Hard,32,C,,20210228,16,Z09Z,,,Beibit Zhukayev,R,198,KAZ,20.381,729,24,CN78,,,Lucas Catarina,R,185,MON,24.509,430,91,6-2 6-4,3,R32,81,12,6,68,40,33,10,9,9,10,2,7,55,30,19,10,9,3,7
2021-9536,Nur-Sultan 1,Hard,32,C,,20210228,17,CF10,,,Nick Chappell,L,178,USA,28.444,345,128,SC77,2,,Sergiy Stakhovsky,R,193,UKR,35.146,192,359,7-6(4) 6-4,3,R16,97,2,0,74,44,34,17,11,3,4,3,5,70,40,35,14,11,1,3
2021-9536,Nur-Sultan 1,Hard,32,C,,20210228,18,GF95,4,,Hugo Grenier,R,196,FRA,24.936,251,235,N561,,,Ivan Nedelko,R,185,RUS,34.801,348,127,6-5 RET,3,R16,59,2,1,30,18,15,7,5,1,1,0,1,42,22,15,10,6,3,4
2021-9536,Nur-Sultan 1,Hard,32,C,,20210228,19,PB22,5,,Peter Polansky,R,183,CAN,32.706,218,286,J267,,,Malek Jaziri,R,185,TUN,37.109,264,221,3-6 7-5 7-6(4),3,R16,159,1,5,100,55,42,22,16,4,7,7,4,114,55,42,30,17,4,7
2021-9536,Nur-Sultan 1,Hard,32,C,,20210228,20,K09F,,,Pavel Kotov,R,191,RUS,22.281,273,214,D0C1,6,,Jesper de Jong,R,180,NED,20.747,313,156,6-3 7-6(3),3,R16,95,7,1,60,35,30,18,10,0,0,4,8,79,39,32,18,11,4,6
2021-9536,Nur-Sultan 1,Hard,32,C,,20210228,21,KB95,,,Jason Kubler,R,178,AUS,27.781,255,228,T0AP,7,,Chun-Hsin Tseng,R,175,TPE,19.559,281,204,0-6 6-3 7-5,3,R16,111,3,7,70,43,32,9,13,1,6,5,5,83,44,33,15,14,5,10
2021-9536,Nur-Sultan 1,Hard,32,C,,20210228,22,K0DP,,,Oleksii Krutykh,R,185,UKR,20.972,559,55,BE67,,,Mirza Basic,R,188,BIH,29.634,310,157,4-6 7-5 6-2,3,R16,130,12,3,92,57,41,17,15,4,7,6,8,116,70,48,17,15,8,13
2021-9536,Nur-Sultan 1,Hard,32,C,,20210228,23,KB54,,,Andrey Kuznetsov,R,183,RUS,30.018,506,69,Z09Z,,,Beibit Zhukayev,R,198,KAZ,20.381,729,24,6-2 7-5,3,R16,68,6,4,56,34,28,11,10,0,1,5,8,53,24,16,13,10,0,4
2021-9536,Nur-Sultan 1,Hard,32,C,,20210228,24,PH78,,,Ryan Peniston,L,180,GBR,25.303,378,115,H09F,,,Yu Hsiou Hsu,R,178,TPE,21.911,456,82,6-3 6-4,3,R16,90,5,4,67,37,28,16,10,8,9,4,0,54,31,19,11,9,2,5
2021-9536,Nur-Sultan 1,Hard,32,C,,20210228,25,KB95,,,Jason Kubler,R,178,AUS,27.781,255,228,GF95,4,,Hugo Grenier,R,196,FRA,24.936,251,235,7-6(4) 6-1,3,QF,113,4,1,66,47,40,10,10,5,5,5,5,82,50,33,15,9,10,12
2021-9536,Nur-Sultan 1,Hard,32,C,,20210228,26,KB54,,,Andrey Kuznetsov,R,183,RUS,30.018,506,69,PB22,5,,Peter Polansky,R,183,CAN,32.706,218,286,6-2 3-6 6-2,3,QF,103,13,6,67,35,28,20,12,1,2,6,4,88,47,32,17,13,5,9
2021-9536,Nur-Sultan 1,Hard,32,C,,20210228,27,K09F,,,Pavel Kotov,R,191,RUS,22.281,273,214,PH78,,,Ryan Peniston,L,180,GBR,25.303,378,115,6-4 6-2,3,QF,93,5,4,63,40,30,13,9,5,5,5,1,62,36,25,10,9,7,10
2021-9536,Nur-Sultan 1,Hard,32,C,,20210228,28,K0DP,,,Oleksii Krutykh,R,185,UKR,20.972,559,55,CF10,,,Nick Chappell,L,178,USA,28.444,345,128,3-6 6-3 7-5,3,QF,134,7,3,102,55,40,27,15,5,7,5,1,87,56,40,18,15,3,6
2021-9536,Nur-Sultan 1,Hard,32,C,,20210228,29,KB95,,,Jason Kubler,R,178,AUS,27.781,255,228,K0DP,,,Oleksii Krutykh,R,185,UKR,20.972,559,55,6-1 6-3,3,SF,70,2,1,41,25,19,14,8,3,3,2,4,59,39,22,7,8,6,10
2021-9536,Nur-Sultan 1,Hard,32,C,,20210228,30,KB54,,,Andrey Kuznetsov,R,183,RUS,30.018,506,69,K09F,,,Pavel Kotov,R,191,RUS,22.281,273,214,6-2 6-7(4) 6-4,3,SF,151,3,8,102,48,37,24,15,5,9,7,5,111,57,35,23,15,11,18
2021-9536,Nur-Sultan 1,Hard,32,C,,20210228,31,KB54,,,Andrey Kuznetsov,R,183,RUS,30.018,506,69,KB95,,,Jason Kubler,R,178,AUS,27.781,255,228,6-3 2-1 RET,3,F,49,6,0,29,18,13,9,6,0,1,1,3,37,23,12,8,6,3,6
2021-9464,St. Petersburg 1,Hard,32,C,,20210307,1,TD47,,,Evgenii Tiurnev,R,191,RUS,23.912,407,102,SX50,1,,Roman Safiullin,R,185,RUS,23.581,164,420,7-5 6-4,3,R32,85,11,1,65,39,29,18,11,1,1,3,4,81,54,36,15,11,10,12
2021-9464,St. Petersburg 1,Hard,32,C,,20210307,2,I306,2,,Cem Ilkel,R,185,TUR,25.544,210,324,SL92,,,Shuichi Sekiguchi,R,168,JPN,29.645,299,178,6-3 6-2,3,R32,65,2,1,46,20,14,18,9,0,1,2,0,47,33,23,3,8,1,5
2021-9464,St. Petersburg 1,Hard,32,C,,20210307,3,DC76,,,Viktor Durasovic,R,185,NOR,23.967,345,129,M0AC,3,,Rudolf Molleker,R,188,GER,20.361,226,277,7-6(2) 6-4,3,R32,98,6,1,62,37,31,17,11,3,4,3,3,88,45,31,22,11,9,11
2021-9464,St. Petersburg 1,Hard,32,C,,20210307,4,CN78,,,Lucas Catarina,R,185,MON,24.528,432,91,E865,4,,Christopher Eubanks,R,201,USA,24.838,239,252,7-5 6-2,3,R32,70,1,1,51,31,25,12,10,2,3,4,3,69,51,30,8,10,5,9
2021-9464,St. Petersburg 1,Hard,32,C,,20210307,5,K09F,,,Pavel Kotov,R,191,RUS,22.3,265,224,G681,5,,Teymuraz Gabashvili,R,185,GEO,35.789,249,240,6-4 6-2,3,R32,68,5,0,47,31,24,10,9,1,2,2,0,48,30,19,9,9,6,10
2021-9464,St. Petersburg 1,Hard,32,C,,20210307,6,V717,6,,Alexey Vatutin,R,178,RUS,28.359,262,225,SP80,,,Nino Serdarusic,R,191,CRO,24.23,302,172,6-4 3-6 6-0,3,R32,98,3,2,79,53,32,15,12,5,8,7,4,66,39,27,9,13,0,6
2021-9464,St. Petersburg 1,Hard,32,C,,20210307,7,Q941,7,,Roberto Quiroz,L,193,ECU,29.035,266,224,LE01,,,Duckhee Lee,R,170,KOR,22.773,288,193,6-2 6-2,3,R32,81,1,3,62,42,25,13,8,4,5,0,3,55,30,17,8,8,8,13
2021-9464,St. Petersburg 1,Hard,32,C,,20210307,8,BE67,,,Mirza Basic,R,188,BIH,29.654,314,157,KD87,8,,Evgeny Karlovskiy,R,191,RUS,26.582,269,220,6-0 6-4,3,R32,63,5,2,55,29,21,14,8,4,5,1,3,52,40,18,6,8,7,12
2021-9464,St. Petersburg 1,Hard,32,C,,20210307,9,BU13,,,Zizou Bergs,R,185,BEL,21.76,435,90,BJ05,,,Harry Bourchier,R,185,AUS,25.117,322,145,6-4 6-2,3,R32,74,1,0,45,32,25,9,9,0,1,0,1,57,35,18,11,9,3,7
2021-9464,St. Petersburg 1,Hard,32,C,,20210307,10,CH05,,,Altug Celikbilek,R,183,TUR,24.496,286,196,SR81,,,Khumoyun Sultanov,R,180,UZB,22.36,327,138,6-4 6-1,3,R32,74,3,1,64,36,22,16,9,6,8,1,0,55,43,21,5,8,4,9
2021-9464,St. Petersburg 1,Hard,32,C,,20210307,11,D0C1,,,Jesper de Jong,R,180,NED,20.767,315,156,I236,,,Uladzimir Ignatik,R,183,BLR,30.648,338,132,6-4 4-6 6-3,3,R32,115,4,1,83,50,34,20,15,1,4,3,4,74,49,33,14,14,1,5
2021-9464,St. Petersburg 1,Hard,32,C,,20210307,12,DG97,,,Artem Dubrivnyy,R,183,RUS,22.097,436,90,SF36,,,Igor Sijsling,R,191,NED,33.552,298,178,3-6 6-4 6-3,3,R32,86,4,2,84,54,33,20,14,2,4,5,1,75,53,37,12,14,5,8
2021-9464,St. Petersburg 1,Hard,32,C,,20210307,13,E690,,,Matthew Ebden,R,188,AUS,33.279,285,196,KD70,,,Pedja Krstin,R,183,SRB,26.508,276,211,6-1 6-4,3,R32,55,12,0,43,34,29,6,9,1,2,2,2,49,26,17,9,8,4,8
2021-9464,St. Petersburg 1,Hard,32,C,,20210307,14,KI82,,,Vit Kopriva,R,178,CZE,23.726,305,170,GE28,,,Ivan Gakhov,L,191,RUS,24.337,497,72,7-5 1-6 7-6(7),3,R32,149,5,1,102,73,50,11,16,4,10,2,2,104,70,45,16,15,7,11
2021-9464,St. Petersburg 1,Hard,32,C,,20210307,15,KB54,,,Andrey Kuznetsov,R,183,RUS,30.037,508,69,PH42,,,Matija Pecotic,L,185,CRO,31.677,343,129,7-6(0) 6-2,3,R32,77,2,5,68,44,36,9,10,1,2,0,2,66,50,29,7,10,2,5
2021-9464,St. Petersburg 1,Hard,32,C,,20210307,16,S0LA,,,Dominic Stricker,L,183,SUI,18.557,1018,10,A0CJ,,,Duje Ajdukovic,R,188,CRO,20.082,309,161,5-7 6-4 6-2,3,R32,118,7,1,101,56,43,22,15,14,16,4,3,105,59,41,20,15,6,10
2021-9464,St. Petersburg 1,Hard,32,C,,20210307,17,I306,2,,Cem Ilkel,R,185,TUR,25.544,210,324,S0LA,,,Dominic Stricker,L,183,SUI,18.557,1018,10,6-7(5) 6-3 6-3,3,R16,107,9,5,77,47,37,21,15,0,1,17,5,104,62,42,18,15,2,6
2021-9464,St. Petersburg 1,Hard,32,C,,20210307,18,CH05,,,Altug Celikbilek,R,183,TUR,24.496,286,196,V717,6,,Alexey Vatutin,R,178,RUS,28.359,262,225,6-3 7-6(3),3,R16,108,11,2,98,51,40,22,11,4,5,2,3,72,42,30,15,10,4,6
2021-9464,St. Petersburg 1,Hard,32,C,,20210307,19,KI82,,,Vit Kopriva,R,178,CZE,23.726,305,170,Q941,7,,Roberto Quiroz,L,193,ECU,29.035,266,224,6-2 6-4,3,R16,76,0,0,52,35,22,8,9,4,7,1,4,55,36,20,4,9,4,10
2021-9464,St. Petersburg 1,Hard,32,C,,20210307,20,BU13,,,Zizou Bergs,R,185,BEL,21.76,435,90,K09F,,,Pavel Kotov,R,191,RUS,22.3,265,224,6-0 7-5,3,R16,77,2,0,50,42,28,5,9,3,5,0,0,62,45,22,4,9,5,11
2021-9464,St. Petersburg 1,Hard,32,C,,20210307,21,CN78,,,Lucas Catarina,R,185,MON,24.528,432,91,E690,,,Matthew Ebden,R,188,AUS,33.279,285,196,7-6(4) 6-2,3,R16,103,3,1,73,45,27,15,10,3,6,3,2,66,40,22,12,10,1,6
2021-9464,St. Petersburg 1,Hard,32,C,,20210307,22,D0C1,,,Jesper de Jong,R,180,NED,20.767,315,156,TD47,,,Evgenii Tiurnev,R,191,RUS,23.912,407,102,6-3 6-3,3,R16,60,0,2,50,35,28,10,9,1,1,5,4,58,39,24,7,9,4,7
2021-9464,St. Petersburg 1,Hard,32,C,,20210307,23,DG97,,,Artem Dubrivnyy,R,183,RUS,22.097,436,90,DC76,,,Viktor Durasovic,R,185,NOR,23.967,345,129,7-5 3-6 6-3,3,R16,113,7,3,92,64,46,17,15,6,8,3,1,86,54,39,18,15,4,7
2021-9464,St. Petersburg 1,Hard,32,C,,20210307,24,KB54,,,Andrey Kuznetsov,R,183,RUS,30.037,508,69,BE67,,,Mirza Basic,R,188,BIH,29.654,314,157,6-1 6-1,3,R16,62,2,3,70,42,31,11,7,9,9,2,3,41,25,10,7,7,4,9
2021-9464,St. Petersburg 1,Hard,32,C,,20210307,25,KI82,,,Vit Kopriva,R,178,CZE,23.726,305,170,I306,2,,Cem Ilkel,R,185,TUR,25.544,210,324,7-5 6-2,3,QF,106,2,3,63,44,32,10,10,3,4,0,0,74,46,29,12,10,6,10
2021-9464,St. Petersburg 1,Hard,32,C,,20210307,26,BU13,,,Zizou Bergs,R,185,BEL,21.76,435,90,CN78,,,Lucas Catarina,R,185,MON,24.528,432,91,6-3 6-4,3,QF,80,1,0,58,42,30,8,10,0,2,1,1,54,36,21,8,9,9,13
2021-9464,St. Petersburg 1,Hard,32,C,,20210307,27,CH05,,,Altug Celikbilek,R,183,TUR,24.496,286,196,D0C1,,,Jesper de Jong,R,180,NED,20.767,315,156,7-6(7) 6-0,3,QF,102,1,4,64,36,27,13,9,2,3,2,2,84,54,32,10,9,14,18
2021-9464,St. Petersburg 1,Hard,32,C,,20210307,28,DG97,,,Artem Dubrivnyy,R,183,RUS,22.097,436,90,KB54,,,Andrey Kuznetsov,R,183,RUS,30.037,508,69,6-3 6-7(8) 6-3,3,QF,113,8,2,93,69,57,15,16,2,2,3,2,97,59,43,21,14,5,7
2021-9464,St. Petersburg 1,Hard,32,C,,20210307,29,BU13,,,Zizou Bergs,R,185,BEL,21.76,435,90,KI82,,,Vit Kopriva,R,178,CZE,23.726,305,170,7-6(7) 6-2,3,SF,122,3,0,90,66,39,15,10,7,9,1,2,83,58,34,10,10,6,10
2021-9464,St. Petersburg 1,Hard,32,C,,20210307,30,CH05,,,Altug Celikbilek,R,183,TUR,24.496,286,196,DG97,,,Artem Dubrivnyy,R,183,RUS,22.097,436,90,5-7 6-2 6-3,3,SF,136,10,1,112,66,48,24,15,8,10,7,1,105,67,43,18,14,6,10
2021-9464,St. Petersburg 1,Hard,32,C,,20210307,31,BU13,,,Zizou Bergs,R,185,BEL,21.76,435,90,CH05,,,Altug Celikbilek,R,183,TUR,24.496,286,196,6-4 3-6 6-4,3,F,123,9,3,115,78,55,16,14,10,12,5,5,89,58,42,13,15,2,5
2021-9468,St. Petersburg 1,Hard,32,C,,20210307,1,BE67,,,Mirza Basic,R,188,BIH,29.654,314,157,SX50,1,,Roman Safiullin,R,185,RUS,23.581,164,420,6-4 7-6(7),3,R32,83,4,0,66,46,36,13,11,3,4,3,0,77,47,31,18,11,6,8
2021-9468,St. Petersburg 1,Hard,32,C,,20210307,2,PG20,2,,Dmitry Popko,R,191,KAZ,24.367,183,391,SP80,,,Nino Serdarusic,R,191,CRO,24.23,302,172,6-4 6-4,3,R32,85,7,0,58,40,26,13,10,2,3,6,3,65,40,28,9,10,5,8
2021-9468,St. Petersburg 1,Hard,32,C,,20210307,3,SM25,,,Jack Sock,R,191,USA,28.449,272,217,I306,3,,Cem Ilkel,R,185,TUR,25.544,210,324,5-7 6-4 6-4,3,R32,137,12,2,84,52,39,20,16,1,3,7,4,104,61,40,24,16,8,11
2021-9468,St. Petersburg 1,Hard,32,C,,20210307,4,CA99,4,,Marius Copil,R,191,ROU,30.387,224,279,V0B2,,,Michael Vrbensky,R,,CZE,21.196,312,158,6-3 6-1,3,R32,83,6,1,55,24,18,17,8,1,2,1,3,70,34,19,15,8,6,11
2021-9468,St. Petersburg 1,Hard,32,C,,20210307,5,M0AC,5,,Rudolf Molleker,R,188,GER,20.361,226,277,KD87,,,Evgeny Karlovskiy,R,191,RUS,26.582,269,220,6-3 7-5,3,R32,72,10,0,61,43,32,10,11,1,2,1,3,56,40,24,9,10,0,3
2021-9468,St. Petersburg 1,Hard,32,C,,20210307,6,Z09D,6,,Kacper Zuk,R,183,POL,22.125,232,263,SF36,,,Igor Sijsling,R,191,NED,33.552,298,178,6-4 6-3,3,R32,57,12,1,52,32,25,10,9,1,2,3,1,60,39,22,10,10,1,5
2021-9468,St. Petersburg 1,Hard,32,C,,20210307,7,E865,7,,Christopher Eubanks,R,201,USA,24.838,239,252,D0C1,,,Jesper de Jong,R,180,NED,20.767,315,156,7-5 6-4,3,R32,81,6,3,90,63,43,12,11,12,14,2,4,59,40,26,8,11,3,7
2021-9468,St. Petersburg 1,Hard,32,C,,20210307,8,CH05,,,Altug Celikbilek,R,183,TUR,24.496,286,196,G681,8,,Teymuraz Gabashvili,R,185,GEO,35.789,249,240,6-2 6-2,3,R32,59,4,1,41,26,22,8,8,1,2,2,2,54,39,17,6,8,6,11
2021-9468,St. Petersburg 1,Hard,32,C,,20210307,9,A0CJ,,,Duje Ajdukovic,R,188,CRO,20.082,309,161,SL92,,,Shuichi Sekiguchi,R,168,JPN,29.645,299,178,7-5 6-2,3,R32,79,2,2,64,40,27,15,10,3,4,0,3,65,37,24,12,10,8,12
2021-9468,St. Petersburg 1,Hard,32,C,,20210307,10,BU13,,,Zizou Bergs,R,185,BEL,21.76,435,90,KD70,,,Pedja Krstin,R,183,SRB,26.508,276,211,6-2 6-1,3,R32,49,9,1,35,23,21,8,7,0,0,1,1,54,31,12,14,8,4,9
2021-9468,St. Petersburg 1,Hard,32,C,,20210307,11,K09F,,,Pavel Kotov,R,191,RUS,22.3,265,224,V942,,,Tim van Rijthoven,R,188,NED,23.869,331,136,6-2 6-4,3,R32,72,2,0,60,41,30,12,9,1,1,4,2,56,41,26,7,9,4,7
2021-9468,St. Petersburg 1,Hard,32,C,,20210307,12,L0BV,,,Jiri Lehecka,R,185,CZE,19.326,328,137,PH42,,,Matija Pecotic,L,185,CRO,31.677,343,129,6-2 7-6(4),3,R32,82,5,0,67,50,34,12,10,5,6,1,0,60,39,24,13,10,1,4
2021-9468,St. Petersburg 1,Hard,32,C,,20210307,13,O340,,,Roberto Ortega-Olmedo,R,168,ESP,29.854,301,177,Q941,,,Roberto Quiroz,L,193,ECU,29.035,266,224,6-3 6-3,3,R32,62,0,1,45,24,18,16,9,1,2,2,3,49,34,20,8,9,3,7
2021-9468,St. Petersburg 1,Hard,32,C,,20210307,14,TD47,,,Evgenii Tiurnev,R,191,RUS,23.912,407,102,KI82,,,Vit Kopriva,R,178,CZE,23.726,305,170,6-4 6-2,3,R32,70,11,2,55,33,29,13,9,0,0,1,1,57,31,19,15,9,3,6
2021-9468,St. Petersburg 1,Hard,32,C,,20210307,15,V717,,,Alexey Vatutin,R,178,RUS,28.359,262,225,LE01,,,Duckhee Lee,R,170,KOR,22.773,288,193,0-6 6-1 6-1,3,R32,74,1,4,48,34,23,5,10,0,4,0,3,60,43,24,6,10,2,8
2021-9468,St. Petersburg 1,Hard,32,C,,20210307,16,Y171,,,Denis Yevseyev,R,188,KAZ,27.792,391,109,U081,,,Vaja Uzakov,,,UZB,32.756,1431,3,6-0 6-0,3,R32,32,5,1,30,17,16,8,6,0,0,0,1,33,27,6,1,6,2,8
2021-9468,St. Petersburg 1,Hard,32,C,,20210307,17,PG20,2,,Dmitry Popko,R,191,KAZ,24.367,183,391,Y171,,,Denis Yevseyev,R,188,KAZ,27.792,391,109,6-4 2-6 6-4,3,R16,126,5,4,88,49,35,19,14,3,7,0,2,91,78,45,7,14,4,8
2021-9468,St. Petersburg 1,Hard,32,C,,20210307,18,CA99,4,,Marius Copil,R,191,ROU,30.387,224,279,V717,,,Alexey Vatutin,R,178,RUS,28.359,262,225,5-7 6-3 6-1,3,R16,133,12,2,96,48,38,23,14,4,6,2,4,111,67,40,23,14,16,21
2021-9468,St. Petersburg 1,Hard,32,C,,20210307,19,L0BV,,,Jiri Lehecka,R,185,CZE,19.326,328,137,M0AC,5,,Rudolf Molleker,R,188,GER,20.361,226,277,6-2 6-3,3,R16,55,5,1,59,43,32,7,8,2,2,1,2,41,22,13,8,9,1,5
2021-9468,St. Petersburg 1,Hard,32,C,,20210307,20,Z09D,6,,Kacper Zuk,R,183,POL,22.125,232,263,BU13,,,Zizou Bergs,R,185,BEL,21.76,435,90,1-6 6-4 6-3,3,R16,94,1,2,75,54,35,11,13,4,8,8,1,73,48,30,14,13,6,10
2021-9468,St. Petersburg 1,Hard,32,C,,20210307,21,E865,7,,Christopher Eubanks,R,201,USA,24.838,239,252,A0CJ,,,Duje Ajdukovic,R,188,CRO,20.082,309,161,6-3 6-3,3,R16,58,5,2,47,31,27,9,9,0,0,5,2,62,42,27,10,9,10,13
2021-9468,St. Petersburg 1,Hard,32,C,,20210307,22,BE67,,,Mirza Basic,R,188,BIH,29.654,314,157,O340,,,Roberto Ortega-Olmedo,R,168,ESP,29.854,301,177,6-1 7-6(3),3,R16,72,1,0,56,38,28,13,10,0,2,2,3,55,34,17,9,9,1,5
2021-9468,St. Petersburg 1,Hard,32,C,,20210307,23,SM25,,,Jack Sock,R,191,USA,28.449,272,217,K09F,,,Pavel Kotov,R,191,RUS,22.3,265,224,6-4 6-3,3,R16,86,6,1,63,40,29,13,9,7,7,3,2,66,43,29,11,10,3,6
2021-9468,St. Petersburg 1,Hard,32,C,,20210307,24,TD47,,,Evgenii Tiurnev,R,191,RUS,23.912,407,102,CH05,,,Altug Celikbilek,R,183,TUR,24.496,286,196,6-3 2-6 6-3,3,R16,81,8,5,76,45,35,16,13,7,9,3,3,67,47,33,12,13,0,3
2021-9468,St. Petersburg 1,Hard,32,C,,20210307,25,L0BV,,,Jiri Lehecka,R,185,CZE,19.326,328,137,PG20,2,,Dmitry Popko,R,191,KAZ,24.367,183,391,6-4 6-4,3,QF,76,3,0,55,39,28,11,10,2,3,1,3,59,37,27,11,10,3,6
2021-9468,St. Petersburg 1,Hard,32,C,,20210307,26,CA99,4,,Marius Copil,R,191,ROU,30.387,224,279,E865,7,,Christopher Eubanks,R,201,USA,24.838,239,252,7-6(1) 7-5,3,QF,80,14,2,69,52,44,11,12,1,1,5,0,71,54,41,8,12,2,3
2021-9468,St. Petersburg 1,Hard,32,C,,20210307,27,Z09D,6,,Kacper Zuk,R,183,POL,22.125,232,263,SM25,,,Jack Sock,R,191,USA,28.449,272,217,6-3 6-2,3,QF,69,8,1,52,35,27,10,9,2,3,3,3,51,21,11,16,8,3,7
2021-9468,St. Petersburg 1,Hard,32,C,,20210307,28,TD47,,,Evgenii Tiurnev,R,191,RUS,23.912,407,102,BE67,,,Mirza Basic,R,188,BIH,29.654,314,157,6-4 6-2,3,QF,73,11,7,66,37,31,12,9,6,7,0,3,64,42,23,11,9,5,9
2021-9468,St. Petersburg 1,Hard,32,C,,20210307,29,TD47,,,Evgenii Tiurnev,R,191,RUS,23.912,407,102,CA99,4,,Marius Copil,R,191,ROU,30.387,224,279,7-6(4) 6-2,3,SF,85,14,2,64,40,36,14,10,3,3,6,3,67,40,29,13,10,0,2
2021-9468,St. Petersburg 1,Hard,32,C,,20210307,30,Z09D,6,,Kacper Zuk,R,183,POL,22.125,232,263,L0BV,,,Jiri Lehecka,R,185,CZE,19.326,328,137,7-6(7) 6-3,3,SF,87,2,2,62,50,39,8,10,0,1,5,1,85,63,41,10,11,6,9
2021-9468,St. Petersburg 1,Hard,32,C,,20210307,31,TD47,,,Evgenii Tiurnev,R,191,RUS,23.912,407,102,Z09D,6,,Kacper Zuk,R,183,POL,22.125,232,263,6-4 6-2,3,F,57,14,0,39,25,25,11,9,0,0,4,1,55,32,23,10,9,0,3
2021-3406,Santiago,Clay,32,C,,20210321,1,CF59,1,,Roberto Carballes Baena,R,183,ESP,27.995,95,806,BD20,,,Thomaz Bellucci,L,188,BRA,33.224,303,174,2-6 6-2 7-6(0),3,R32,143,1,3,84,55,39,14,14,4,8,1,0,78,52,34,14,14,3,7
2021-3406,Santiago,Clay,32,C,,20210321,2,MF35,2,,Andrej Martin,R,183,SVK,31.499,106,763,O482,,,Gonzalo Oliveira,L,185,VEN,26.089,295,182,7-6(2) 7-5,3,R32,118,4,1,74,49,37,10,12,1,4,3,3,78,49,32,11,12,5,9
2021-3406,Santiago,Clay,32,C,,20210321,3,S483,3,,Pedro Sousa,R,180,POR,32.816,110,716,MO41,,,Rafael Matos,L,183,BRA,25.205,512,67,6-4 6-3,3,R32,81,4,1,42,29,25,9,9,0,1,0,2,81,55,32,12,10,8,12
2021-3406,Santiago,Clay,32,C,,20210321,4,KC29,,,Nicolas Kicker,R,178,ARG,28.594,972,12,KC04,5,,Jozef Kovalik,R,183,SVK,28.375,129,583,6-2 6-3,3,R32,93,1,2,62,45,25,12,8,4,6,2,4,57,29,14,10,9,3,9
2021-3406,Santiago,Clay,32,C,,20210321,5,AE14,6,,Daniel Altmaier,R,188,GER,22.522,142,516,A887,,,Guido Andreozzi,R,183,ARG,29.626,199,355,6-4 6-3,3,R32,76,6,3,59,36,30,13,10,1,1,0,0,54,34,21,13,9,2,4
2021-3406,Santiago,Clay,32,C,,20210321,6,CG33,7,,Kimmer Coppejans,R,178,BEL,27.116,168,421,LF26,,,Orlando Luz,R,180,BRA,23.113,323,152,6-3 6-1,3,R32,65,3,2,45,34,26,7,8,0,0,0,1,54,39,18,11,8,5,9
2021-3406,Santiago,Clay,32,C,,20210321,7,J551,,,Nicolas Jarry,R,201,CHI,25.443,749,27,TE30,8,,Alejandro Tabilo,L,188,CHI,23.8,166,431,6-3 6-2,3,R32,57,9,1,44,26,20,17,9,3,3,5,1,42,33,23,2,8,2,5
2021-3406,Santiago,Clay,32,C,,20210321,8,AC58,,,Nicolas Alvarez,R,185,PER,24.783,357,126,SL94,,,Pedro Sakamoto,R,178,BRA,27.726,296,181,3-6 6-4 6-3,3,R32,157,2,3,96,69,48,13,14,9,11,2,3,94,68,48,10,14,5,8
2021-3406,Santiago,Clay,32,C,,20210321,9,B0BI,,,Sebastian Baez,R,170,ARG,20.227,253,237,R0DG,,,Holger Rune,R,188,DEN,17.895,317,158,6-2 6-4,3,R32,110,1,1,78,60,37,8,9,12,14,0,1,69,47,26,8,9,9,14
2021-3406,Santiago,Clay,32,C,,20210321,10,BS86,,,Tomas Barrios Vera,R,191,CHI,23.277,263,228,LA94,,,Christian Lindell,R,193,SWE,29.333,329,142,4-6 6-1 7-6(4),3,R32,150,3,2,96,66,43,16,14,6,11,4,4,83,48,28,17,15,3,10
2021-3406,Santiago,Clay,32,C,,20210321,11,BT68,,,Elliot Benchetrit,R,193,MAR,22.467,234,262,BU54,,,Geoffrey Blancaneaux,R,180,FRA,22.617,300,180,6-4 6-4,3,R32,113,0,3,60,26,21,16,10,5,7,0,3,67,53,30,7,10,3,7
2021-3406,Santiago,Clay,32,C,,20210321,12,LB07,,,Gonzalo Lama,R,180,CHI,27.899,662,36,EA24,,,Tomas Martin Etcheverry,R,196,ARG,21.676,225,286,6-4 6-2,3,R32,93,4,1,76,45,28,21,9,9,9,0,0,50,42,29,1,9,4,7
2021-3406,Santiago,Clay,32,C,,20210321,13,MW75,,,Felipe Meligeni Alves,R,185,BRA,23.083,235,261,MN70,,,Joao Menezes,R,185,BRA,24.257,201,353,5-7 6-3 7-5,3,R32,150,3,3,111,73,47,22,17,4,7,2,1,94,67,49,11,16,1,5
2021-3406,Santiago,Clay,32,C,,20210321,14,U182,,,Camilo Ugo Carabelli,R,185,ARG,21.76,353,127,CC98,,,Martin Cuevas,R,191,URU,29.183,500,72,6-4 6-0,3,R32,91,1,3,57,37,27,11,8,4,4,0,3,55,30,16,11,8,3,7
2021-3406,Santiago,Clay,32,C,,20210321,15,V836,,,Juan Pablo Varillas,R,185,PER,25.457,162,445,O376,,,Renzo Olivo,R,178,ARG,29.016,227,284,6-4 3-6 7-5,3,R32,167,1,1,115,69,43,24,15,11,15,6,3,101,68,44,15,16,7,12
2021-3406,Santiago,Clay,32,C,,20210321,16,V821,,,Gonzalo Villanueva,R,175,ARG,26.185,420,98,CC66,,,Andrea Collarini,L,183,ARG,29.136,214,316,6-4 6-4,3,R32,113,5,0,75,51,34,17,10,5,5,1,1,62,30,18,20,10,1,3
2021-3406,Santiago,Clay,32,C,,20210321,17,LB07,,,Gonzalo Lama,R,180,CHI,27.899,662,36,CF59,1,,Roberto Carballes Baena,R,183,ESP,27.995,95,806,2-6 7-6(5) 7-6(8),3,R16,192,1,2,129,86,51,24,16,8,14,5,3,114,79,47,23,16,5,9
2021-3406,Santiago,Clay,32,C,,20210321,18,V836,,,Juan Pablo Varillas,R,185,PER,25.457,162,445,MF35,2,,Andrej Martin,R,183,SVK,31.499,106,763,6-4 6-7(9) 6-4,3,R16,201,3,1,119,80,52,16,16,6,12,4,5,136,87,49,22,16,11,19
2021-3406,Santiago,Clay,32,C,,20210321,19,MW75,,,Felipe Meligeni Alves,R,185,BRA,23.083,235,261,S483,3,,Pedro Sousa,R,180,POR,32.816,110,716,6-4 6-2,3,R16,72,1,0,56,37,25,11,9,6,7,5,4,64,33,21,13,9,4,8
2021-3406,Santiago,Clay,32,C,,20210321,20,U182,,,Camilo Ugo Carabelli,R,185,ARG,21.76,353,127,AE14,6,,Daniel Altmaier,R,188,GER,22.522,142,516,6-4 3-6 6-3,3,R16,108,0,0,72,49,41,14,14,1,2,7,3,83,52,41,15,14,4,6
2021-3406,Santiago,Clay,32,C,,20210321,21,BS86,,,Tomas Barrios Vera,R,191,CHI,23.277,263,228,CG33,7,,Kimmer Coppejans,R,178,BEL,27.116,168,421,6-4 6-4,3,R16,118,3,0,70,41,28,21,10,3,3,4,2,81,60,42,6,10,14,16
2021-3406,Santiago,Clay,32,C,,20210321,22,B0BI,,,Sebastian Baez,R,170,ARG,20.227,253,237,V821,,,Gonzalo Villanueva,R,175,ARG,26.185,420,98,7-5 6-2,3,R16,80,0,1,55,42,27,6,10,0,3,2,1,57,40,20,5,10,5,11
2021-3406,Santiago,Clay,32,C,,20210321,23,J551,,,Nicolas Jarry,R,201,CHI,25.443,749,27,AC58,,,Nicolas Alvarez,R,185,PER,24.783,357,126,6-3 6-4,3,R16,93,12,1,54,38,33,9,10,2,2,2,1,72,49,32,11,9,8,10
2021-3406,Santiago,Clay,32,C,,20210321,24,KC29,,,Nicolas Kicker,R,178,ARG,28.594,972,12,BT68,,,Elliot Benchetrit,R,193,MAR,22.467,234,262,6-2 6-4,3,R16,80,3,2,51,36,28,7,9,4,5,2,0,55,39,21,6,9,1,5
2021-3406,Santiago,Clay,32,C,,20210321,25,B0BI,,,Sebastian Baez,R,170,ARG,20.227,253,237,U182,,,Camilo Ugo Carabelli,R,185,ARG,21.76,353,127,6-2 6-1,3,QF,60,1,0,40,32,22,4,7,1,2,1,0,47,32,14,5,8,2,8
2021-3406,Santiago,Clay,32,C,,20210321,26,BS86,,,Tomas Barrios Vera,R,191,CHI,23.277,263,228,LB07,,,Gonzalo Lama,R,180,CHI,27.899,662,36,7-6(4) 7-6(5),3,QF,115,9,2,79,55,44,15,12,0,0,5,4,87,51,40,20,12,4,4
2021-3406,Santiago,Clay,32,C,,20210321,27,MW75,,,Felipe Meligeni Alves,R,185,BRA,23.083,235,261,KC29,,,Nicolas Kicker,R,178,ARG,28.594,972,12,6-1 7-5,3,QF,95,2,0,69,44,27,15,10,4,6,0,0,60,41,20,11,9,5,10
2021-3406,Santiago,Clay,32,C,,20210321,28,V836,,,Juan Pablo Varillas,R,185,PER,25.457,162,445,J551,,,Nicolas Jarry,R,201,CHI,25.443,749,27,6-2 6-4,3,QF,74,3,1,49,30,26,10,9,0,0,1,6,51,28,23,7,9,3,6
2021-3406,Santiago,Clay,32,C,,20210321,29,B0BI,,,Sebastian Baez,R,170,ARG,20.227,253,237,V836,,,Juan Pablo Varillas,R,185,PER,25.457,162,445,6-1 7-6(3),3,SF,84,2,1,58,40,30,13,10,3,4,1,0,65,40,23,13,9,3,6
2021-3406,Santiago,Clay,32,C,,20210321,30,BS86,,,Tomas Barrios Vera,R,191,CHI,23.277,263,228,MW75,,,Felipe Meligeni Alves,R,185,BRA,23.083,235,261,7-6(5) 1-1 RET,3,SF,72,1,1,41,25,21,9,7,1,2,2,1,52,32,22,11,7,4,5
2021-3406,Santiago,Clay,32,C,,20210321,31,B0BI,,,Sebastian Baez,R,170,ARG,20.227,253,237,BS86,,,Tomas Barrios Vera,R,191,CHI,23.277,263,228,6-3 7-6(4),3,F,94,2,1,74,57,35,11,11,3,6,4,1,69,50,28,9,10,0,4
2021-9154,Cleveland,Hard,32,C,,20210321,1,RC62,,,Michael Redlicki,L,203,USA,27.343,400,106,D994,1,,James Duckworth,R,183,AUS,29.164,103,771,7-6(11) 6-1,3,R32,113,5,0,82,60,41,13,10,4,5,5,1,72,45,30,13,9,0,3
2021-9154,Cleveland,Hard,32,C,,20210321,2,Y124,,,Donald Young,L,183,USA,31.661,325,147,SC47,2,,Go Soeda,R,178,JPN,36.539,144,510,6-3 6-7(5) 7-5,3,R32,169,0,7,114,63,44,27,17,2,5,4,4,111,72,46,21,16,6,11
2021-9154,Cleveland,Hard,32,C,,20210321,3,GA36,3,,Emilio Gomez,R,185,ECU,29.311,177,402,KB37,,,Evan King,L,185,USA,28.988,442,89,6-4 6-2,3,R32,92,7,5,57,38,32,9,9,4,4,1,1,61,36,23,12,9,4,7
2021-9154,Cleveland,Hard,32,C,,20210321,4,CN78,,,Lucas Catarina,R,185,MON,24.567,417,99,TC12,4,,Mikael Torpegaard,R,193,DEN,26.869,191,369,5-7 6-3 6-4,3,R32,141,1,1,104,67,37,22,16,6,12,3,0,83,51,32,11,15,2,9
2021-9154,Cleveland,Hard,32,C,,20210321,5,KC86,,,Darian King,R,188,BAR,28.901,302,177,KC12,5,,Mitchell Krueger,R,188,USA,27.187,204,345,6-3 5-7 7-5,3,R32,156,3,2,87,49,39,22,17,1,4,2,4,97,57,36,22,16,6,10
2021-9154,Cleveland,Hard,32,C,,20210321,6,SP24,6,,Brayden Schnur,R,193,CAN,25.714,219,302,CN15,,,Felix Corwin,R,188,USA,24.819,520,65,7-6(0) 7-6(4),3,R32,138,5,4,95,73,53,7,12,11,14,6,3,101,55,36,20,12,5,8
2021-9154,Cleveland,Hard,32,C,,20210321,7,F811,,,Bjorn Fratangelo,R,183,USA,27.671,286,198,KD35,7,,Thai-Son Kwiatkowski,R,188,USA,26.1,222,297,6-4 6-2,3,R32,86,2,2,54,32,27,13,9,4,4,2,3,65,30,21,16,9,4,7
2021-9154,Cleveland,Hard,32,C,,20210321,8,K0AZ,,,Aleksandar Kovacevic,R,183,USA,22.56,537,61,CF88,8,,Roberto Cid Subervi,R,193,DOM,27.556,236,259,6-2 6-4,3,R32,86,7,0,55,30,23,16,9,3,4,2,1,62,44,23,9,9,5,9
2021-9154,Cleveland,Hard,32,C,,20210321,9,B0CD,,,Jenson Brooksby,R,193,USA,20.4,254,235,S0K7,,,Zachary Svajda,R,175,USA,18.308,787,23,7-6(4) 7-6(5),3,R32,133,2,1,97,61,44,17,12,5,8,2,1,84,49,32,18,12,2,5
2021-9154,Cleveland,Hard,32,C,,20210321,10,D0DP,,,Liam Draxl,R,185,CAN,19.291,906,15,Q941,,,Roberto Quiroz,L,193,ECU,29.073,268,223,7-6(6) 6-4,3,R32,120,3,4,77,42,33,18,11,3,4,5,3,96,68,45,12,11,13,15
2021-9154,Cleveland,Hard,32,C,,20210321,11,E865,,,Christopher Eubanks,R,201,USA,24.876,231,266,MI01,,,Hiroki Moriya,R,168,JPN,30.428,262,228,4-6 6-4 6-2,3,R32,127,14,5,97,53,40,25,14,7,9,2,5,77,42,29,18,14,4,8
2021-9154,Cleveland,Hard,32,C,,20210321,12,GK06,,,Alexis Galarneau,R,180,CAN,22.053,521,64,SL92,,,Shuichi Sekiguchi,R,168,JPN,29.684,304,173,6-3 6-1,3,R32,75,1,2,60,38,29,10,8,4,5,3,2,45,26,14,7,8,2,7
2021-9154,Cleveland,Hard,32,C,,20210321,13,M0AW,,,Nicolas Mejia,R,183,COL,21.106,473,79,SP05,,,Evan Song,L,178,USA,28.786,534,62,6-3 4-6 6-3,3,R32,147,3,2,85,44,34,19,14,6,8,1,2,76,44,29,18,14,2,6
2021-9154,Cleveland,Hard,32,C,,20210321,14,RC04,,,Alexander Ritschard,R,193,SUI,26.992,311,167,AB71,,,JC Aragone,R,178,USA,25.73,314,161,7-6(5) 5-7 7-5,3,R32,190,5,6,135,71,46,30,18,11,17,8,17,125,75,50,22,18,9,15
2021-9154,Cleveland,Hard,32,C,,20210321,15,S0DH,,,Roy Smith,L,191,USA,22.519,567,54,CF10,,,Nick Chappell,L,178,USA,28.501,351,128,6-4 5-7 6-4,3,R32,142,7,1,86,64,44,11,16,3,7,5,3,98,58,42,17,16,5,10
2021-9154,Cleveland,Hard,32,C,,20210321,16,WB08,,,Yosuke Watanuki,R,180,JPN,22.94,273,219,KB14,,,Kevin King,L,191,USA,30.059,312,163,6-4 7-6(1),3,R32,106,3,4,71,44,35,14,11,2,4,2,5,72,55,35,7,11,5,8
2021-9154,Cleveland,Hard,32,C,,20210321,17,GA36,3,,Emilio Gomez,R,185,ECU,29.311,177,402,M0AW,,,Nicolas Mejia,R,183,COL,21.106,473,79,1-6 7-6(4) 6-1,3,R16,141,6,5,80,54,38,17,12,5,7,3,2,93,58,41,15,14,4,7
2021-9154,Cleveland,Hard,32,C,,20210321,18,B0CD,,,Jenson Brooksby,R,193,USA,20.4,254,235,SP24,6,,Brayden Schnur,R,193,CAN,25.714,219,302,6-2 7-6(5),3,R16,110,1,2,73,47,35,15,10,2,2,3,2,72,43,29,15,10,2,4
2021-9154,Cleveland,Hard,32,C,,20210321,19,E865,,,Christopher Eubanks,R,201,USA,24.876,231,266,KC86,,,Darian King,R,188,BAR,28.901,302,177,6-1 6-2,3,R16,48,2,0,38,30,26,7,8,1,1,2,0,42,30,13,6,7,1,5
2021-9154,Cleveland,Hard,32,C,,20210321,20,F811,,,Bjorn Fratangelo,R,183,USA,27.671,286,198,RC04,,,Alexander Ritschard,R,193,SUI,26.992,311,167,6-3 6-2,3,R16,71,4,1,50,34,27,7,9,3,5,1,5,44,23,11,9,8,5,10
2021-9154,Cleveland,Hard,32,C,,20210321,21,GK06,,,Alexis Galarneau,R,180,CAN,22.053,521,64,Y124,,,Donald Young,L,183,USA,31.661,325,147,7-5 7-5,3,R16,118,9,4,65,35,27,11,12,1,5,2,7,86,55,33,11,12,4,10
2021-9154,Cleveland,Hard,32,C,,20210321,22,K0AZ,,,Aleksandar Kovacevic,R,183,USA,22.56,537,61,S0DH,,,Roy Smith,L,191,USA,22.519,567,54,7-6(4) 6-3,3,R16,98,20,2,66,40,37,12,11,3,5,2,2,65,37,23,16,10,5,8
2021-9154,Cleveland,Hard,32,C,,20210321,23,RC62,,,Michael Redlicki,L,203,USA,27.343,400,106,D0DP,,,Liam Draxl,R,185,CAN,19.291,906,15,6-3 6-3,3,R16,90,1,1,52,42,32,3,9,1,3,2,3,63,40,21,9,9,5,10
2021-9154,Cleveland,Hard,32,C,,20210321,24,WB08,,,Yosuke Watanuki,R,180,JPN,22.94,273,219,CN78,,,Lucas Catarina,R,185,MON,24.567,417,99,6-3 5-7 6-1,3,R16,142,12,4,83,43,32,20,14,6,10,2,5,100,58,32,21,14,13,20
2021-9154,Cleveland,Hard,32,C,,20210321,25,GA36,3,,Emilio Gomez,R,185,ECU,29.311,177,402,E865,,,Christopher Eubanks,R,201,USA,24.876,231,266,6-3 6-3,3,QF,69,3,1,52,36,26,11,9,1,1,7,1,52,34,23,8,9,4,7
2021-9154,Cleveland,Hard,32,C,,20210321,26,B0CD,,,Jenson Brooksby,R,193,USA,20.4,254,235,RC62,,,Michael Redlicki,L,203,USA,27.343,400,106,7-6(5) 6-4,3,QF,121,4,0,70,55,37,9,11,6,8,0,1,83,60,39,9,11,3,6
2021-9154,Cleveland,Hard,32,C,,20210321,27,F811,,,Bjorn Fratangelo,R,183,USA,27.671,286,198,GK06,,,Alexis Galarneau,R,180,CAN,22.053,521,64,6-3 5-0 RET,3,QF,76,3,0,37,22,19,10,7,1,1,2,2,58,36,22,6,7,8,12
2021-9154,Cleveland,Hard,32,C,,20210321,28,K0AZ,,,Aleksandar Kovacevic,R,183,USA,22.56,537,61,WB08,,,Yosuke Watanuki,R,180,JPN,22.94,273,219,5-7 6-2 6-3,3,QF,129,7,3,89,52,35,18,15,2,6,6,8,90,58,34,13,14,7,13
2021-9154,Cleveland,Hard,32,C,,20210321,29,B0CD,,,Jenson Brooksby,R,193,USA,20.4,254,235,GA36,3,,Emilio Gomez,R,185,ECU,29.311,177,402,2-6 7-5 6-4,3,SF,141,2,0,88,68,39,14,15,7,12,6,1,86,56,36,14,15,4,9
2021-9154,Cleveland,Hard,32,C,,20210321,30,F811,,,Bjorn Fratangelo,R,183,USA,27.671,286,198,K0AZ,,,Aleksandar Kovacevic,R,183,USA,22.56,537,61,6-3 2-6 6-1,3,SF,125,3,4,89,54,38,14,12,2,5,6,4,80,46,30,12,12,13,18
2021-9154,Cleveland,Hard,32,C,,20210321,31,F811,,,Bjorn Fratangelo,R,183,USA,27.671,286,198,B0CD,,,Jenson Brooksby,R,193,USA,20.4,254,235,7-5 6-4,3,F,117,2,3,61,41,31,8,11,1,3,2,1,90,60,32,16,11,7,11
2021-9589,Santiago,Clay,32,C,,20210321,1,KC29,,,Nicolas Kicker,R,178,ARG,28.594,972,12,C0C8,1,,Juan Manuel Cerundolo,L,183,ARG,19.346,175,410,6-0 6-1,3,R32,74,2,1,41,26,20,8,6,3,3,0,2,55,33,14,8,7,5,11
2021-9589,Santiago,Clay,32,C,,20210321,2,C0AU,2,,Francisco Cerundolo,R,185,ARG,22.604,114,686,R913,,,Cristian Rodriguez,R,180,COL,30.741,483,76,6-3 3-6 6-2,3,R32,126,4,2,75,49,38,12,13,5,8,3,4,96,54,36,16,13,10,15
2021-9589,Santiago,Clay,32,C,,20210321,3,V836,3,,Juan Pablo Varillas,R,185,PER,25.457,162,445,CG07,,,Hernan Casanova,R,178,ARG,27.118,376,117,7-6(8) 7-6(7),3,R32,,8,0,88,53,46,14,12,3,5,0,0,94,64,45,13,12,2,4
2021-9589,Santiago,Clay,32,C,,20210321,4,DA31,4,,Hugo Dellien,R,180,BOL,27.762,121,629,CN78,,,Lucas Catarina,R,185,MON,24.567,417,99,4-6 6-3 6-3,3,R32,137,0,1,79,67,46,6,14,4,7,2,3,92,54,32,19,14,7,12
2021-9589,Santiago,Clay,32,C,,20210321,5,B0BI,5,,Sebastian Baez,R,170,ARG,20.227,253,237,S0GD,,,Dalibor Svrcina,R,178,CZE,18.467,857,18,6-2 7-5,3,R32,,2,0,53,38,27,9,10,1,3,1,3,62,42,28,4,10,3,8
2021-9589,Santiago,Clay,32,C,,20210321,6,D0CG,,,Facundo Diaz Acosta,L,183,ARG,20.263,402,106,BS86,6,,Tomas Barrios Vera,R,191,CHI,23.277,263,228,6-3 5-7 6-1,3,R32,143,6,5,91,43,32,25,14,6,9,1,3,86,48,32,15,14,5,11
2021-9589,Santiago,Clay,32,C,,20210321,7,T0A1,,,Thiago Agustin Tirante,R,185,ARG,19.945,391,111,LB84,7,,Juan Ignacio Londero,R,180,ARG,27.598,91,832,6-2 6-3,3,R32,79,2,0,58,47,36,6,9,2,2,1,3,51,34,22,6,8,2,5
2021-9589,Santiago,Clay,32,C,,20210321,8,LB07,,,Gonzalo Lama,R,180,CHI,27.899,662,36,MW75,8,,Felipe Meligeni Alves,R,185,BRA,23.083,235,261,4-6 6-3 6-4,3,R32,156,2,5,113,66,45,25,15,9,11,4,3,98,71,47,13,14,11,14
2021-9589,Santiago,Clay,32,C,,20210321,9,CF10,,,Nick Chappell,L,178,USA,28.501,351,128,F0C4,,,Diego Fernandez Flores,R,185,CHI,20.452,1110,8,6-3 3-6 7-5,3,R32,,3,4,84,56,37,16,15,4,8,0,3,93,64,37,16,15,11,16
2021-9589,Santiago,Clay,32,C,,20210321,10,GJ05,,,Alexis Gautier,R,198,FRA,23.953,553,58,P0DF,,,Matheus Pucinelli De Almeida,R,183,BRA,19.97,675,34,4-6 6-1 6-3,3,R32,142,2,3,93,48,34,25,13,8,10,2,1,91,67,39,10,13,0,5
2021-9589,Santiago,Clay,32,C,,20210321,11,J551,,,Nicolas Jarry,R,201,CHI,25.443,749,27,FA43,,,Juan Pablo Ficovich,R,188,ARG,24.153,215,311,6-4 6-4,3,R32,77,11,4,46,26,25,15,10,0,0,3,6,64,37,26,12,10,4,6
2021-9589,Santiago,Clay,32,C,,20210321,12,LB51,,,Julian Lenz,R,188,GER,28.088,264,227,N583,,,Victor Nunez,R,173,CHI,29.823,1539,2,6-0 6-2,3,R32,53,3,2,37,22,19,9,7,0,0,0,4,41,22,13,5,7,2,7
2021-9589,Santiago,Clay,32,C,,20210321,13,MI43,,,Gerald Melzer,L,188,AUT,30.689,1121,7,A887,,,Guido Andreozzi,R,183,ARG,29.626,199,355,6-2 6-4,3,R32,90,1,2,50,35,26,6,9,1,3,0,2,56,31,19,8,9,6,11
2021-9589,Santiago,Clay,32,C,,20210321,14,MJ98,,,Facundo Mena,R,183,ARG,28.493,247,246,CF88,,,Roberto Cid Subervi,R,193,DOM,27.556,236,259,6-4 6-7(2) 7-5,3,R32,,4,0,110,69,46,22,17,6,10,1,5,122,67,42,29,17,8,14
2021-9589,Santiago,Clay,32,C,,20210321,15,O482,,,Gonzalo Oliveira,L,185,VEN,26.089,295,182,C0AK,,,Oliver Crawford,R,180,GBR,21.892,576,51,6-4 6-2,3,R32,87,2,1,50,29,21,14,9,1,2,1,4,56,26,18,13,9,0,4
2021-9589,Santiago,Clay,32,C,,20210321,16,U182,,,Camilo Ugo Carabelli,R,185,ARG,21.76,353,127,AC58,,,Nicolas Alvarez,R,185,PER,24.783,357,126,7-5 6-1,3,R32,83,6,2,59,37,29,13,10,2,3,2,2,57,43,25,5,9,6,10
2021-9589,Santiago,Clay,32,C,,20210321,17,C0AU,2,,Francisco Cerundolo,R,185,ARG,22.604,114,686,GJ05,,,Alexis Gautier,R,198,FRA,23.953,553,58,6-4 6-2,3,R16,78,0,1,48,36,26,7,9,3,4,0,3,56,33,21,9,9,2,6
2021-9589,Santiago,Clay,32,C,,20210321,18,V836,3,,Juan Pablo Varillas,R,185,PER,25.457,162,445,LB51,,,Julian Lenz,R,188,GER,28.088,264,227,6-2 6-4,3,R16,79,2,0,45,28,23,8,9,0,2,3,3,61,31,19,11,9,5,10
2021-9589,Santiago,Clay,32,C,,20210321,19,DA31,4,,Hugo Dellien,R,180,BOL,27.762,121,629,U182,,,Camilo Ugo Carabelli,R,185,ARG,21.76,353,127,6-2 4-6 6-2,3,R16,135,1,2,93,73,51,7,13,8,10,3,3,79,45,31,11,13,6,11
2021-9589,Santiago,Clay,32,C,,20210321,20,B0BI,5,,Sebastian Baez,R,170,ARG,20.227,253,237,CF10,,,Nick Chappell,L,178,USA,28.501,351,128,5-7 6-4 6-1,3,R16,138,1,1,82,50,28,20,14,2,7,3,1,93,58,34,12,15,7,15
2021-9589,Santiago,Clay,32,C,,20210321,21,J551,,,Nicolas Jarry,R,201,CHI,25.443,749,27,D0CG,,,Facundo Diaz Acosta,L,183,ARG,20.263,402,106,6-7(4) 7-5 6-4,3,R16,169,7,6,107,66,54,24,17,7,7,6,7,109,57,43,33,17,6,8
2021-9589,Santiago,Clay,32,C,,20210321,22,LB07,,,Gonzalo Lama,R,180,CHI,27.899,662,36,O482,,,Gonzalo Oliveira,L,185,VEN,26.089,295,182,6-4 3-6 7-5,3,R16,153,4,5,111,63,37,22,16,10,16,8,1,91,55,35,17,15,9,15
2021-9589,Santiago,Clay,32,C,,20210321,23,MI43,,,Gerald Melzer,L,188,AUT,30.689,1121,7,T0A1,,,Thiago Agustin Tirante,R,185,ARG,19.945,391,111,6-4 6-2,3,R16,80,1,2,53,38,26,11,9,3,4,2,2,52,36,21,6,9,0,4
2021-9589,Santiago,Clay,32,C,,20210321,24,MJ98,,,Facundo Mena,R,183,ARG,28.493,247,246,KC29,,,Nicolas Kicker,R,178,ARG,28.594,972,12,6-4 6-4,3,R16,111,4,1,68,39,29,16,10,4,5,3,2,73,37,24,19,10,5,8
2021-9589,Santiago,Clay,32,C,,20210321,25,C0AU,2,,Francisco Cerundolo,R,185,ARG,22.604,114,686,LB07,,,Gonzalo Lama,R,180,CHI,27.899,662,36,7-6(6) 6-4,3,QF,145,0,3,95,68,40,11,11,13,17,2,2,104,59,34,21,11,9,14
2021-9589,Santiago,Clay,32,C,,20210321,26,V836,3,,Juan Pablo Varillas,R,185,PER,25.457,162,445,MI43,,,Gerald Melzer,L,188,AUT,30.689,1121,7,6-1 6-3,3,QF,76,1,1,46,24,15,16,8,1,2,3,1,48,28,15,8,8,5,10
2021-9589,Santiago,Clay,32,C,,20210321,27,J551,,,Nicolas Jarry,R,201,CHI,25.443,749,27,DA31,4,,Hugo Dellien,R,180,BOL,27.762,121,629,7-6(4) 6-4,3,QF,118,8,1,72,51,36,12,11,2,3,4,1,91,65,44,9,11,8,10
2021-9589,Santiago,Clay,32,C,,20210321,28,B0BI,5,,Sebastian Baez,R,170,ARG,20.227,253,237,MJ98,,,Facundo Mena,R,183,ARG,28.493,247,246,6-3 6-1,3,QF,75,0,0,59,46,32,4,8,4,5,0,2,54,29,15,8,8,1,6
2021-9589,Santiago,Clay,32,C,,20210321,29,V836,3,,Juan Pablo Varillas,R,185,PER,25.457,162,445,C0AU,2,,Francisco Cerundolo,R,185,ARG,22.604,114,686,6-3 6-7(8) 6-3,3,SF,158,1,0,93,65,47,13,14,7,9,1,5,119,71,39,24,16,6,12
2021-9589,Santiago,Clay,32,C,,20210321,30,B0BI,5,,Sebastian Baez,R,170,ARG,20.227,253,237,J551,,,Nicolas Jarry,R,201,CHI,25.443,749,27,6-4 6-4,3,SF,85,0,4,61,41,29,15,10,2,2,4,2,63,37,24,15,10,2,4
2021-9589,Santiago,Clay,32,C,,20210321,31,V836,3,,Juan Pablo Varillas,R,185,PER,25.457,162,445,B0BI,5,,Sebastian Baez,R,170,ARG,20.227,253,237,6-4 7-5,3,F,103,2,0,70,44,32,11,11,3,6,4,2,67,48,25,11,11,4,9
2021-9593,Santiago,Clay,32,C,,20210321,1,C0C8,1,,Juan Manuel Cerundolo,L,183,ARG,19.346,175,410,LB51,,,Julian Lenz,R,188,GER,28.088,264,227,6-3 6-3,3,R32,,2,2,56,42,31,8,9,3,3,0,3,70,39,25,15,9,7,10
2021-9593,Santiago,Clay,32,C,,20210321,2,C0AU,2,,Francisco Cerundolo,R,185,ARG,22.604,114,686,D0CG,,,Facundo Diaz Acosta,L,183,ARG,20.263,402,106,6-4 6-0,3,R32,,0,2,56,42,33,3,8,0,1,0,5,51,27,13,9,8,4,9
2021-9593,Santiago,Clay,32,C,,20210321,3,V836,3,,Juan Pablo Varillas,R,185,PER,25.457,162,445,MJ98,,,Facundo Mena,R,183,ARG,28.493,247,246,6-4 6-2,3,R32,,1,3,54,31,25,9,9,4,6,0,0,57,35,20,8,9,1,6
2021-9593,Santiago,Clay,32,C,,20210321,4,T0A1,,,Thiago Agustin Tirante,R,185,ARG,19.945,391,111,SX91,4,,Thiago Seyboth Wild,R,185,BRA,21.029,124,605,6-4 4-6 6-2,3,R32,,4,2,81,58,40,10,14,3,7,3,1,81,42,26,19,14,3,9
2021-9593,Santiago,Clay,32,C,,20210321,5,B0BI,5,,Sebastian Baez,R,170,ARG,20.227,253,237,AC58,,,Nicolas Alvarez,R,185,PER,24.783,357,126,7-5 6-3,3,R32,,0,3,62,45,34,7,11,5,7,1,5,74,47,27,11,10,4,8
2021-9593,Santiago,Clay,32,C,,20210321,6,BS86,6,,Tomas Barrios Vera,R,191,CHI,23.277,263,228,CN78,,,Lucas Catarina,R,185,MON,24.567,417,99,7-5 6-2,3,R32,,1,2,83,57,39,13,10,9,10,1,2,60,34,18,14,10,1,5
2021-9593,Santiago,Clay,32,C,,20210321,7,LB84,7,,Juan Ignacio Londero,R,180,ARG,27.598,91,832,LB07,,,Gonzalo Lama,R,180,CHI,27.899,662,36,6-2 3-6 6-1,3,R32,,4,1,83,57,40,15,12,5,6,3,4,83,47,30,16,12,5,9
2021-9593,Santiago,Clay,32,C,,20210321,8,P0DF,,,Matheus Pucinelli De Almeida,R,183,BRA,19.97,675,34,CG94,8,,Enzo Couacaud,R,183,FRA,26.056,185,381,6-1 6-1,3,R32,,2,0,36,29,22,6,7,0,0,1,0,53,25,11,12,7,3,8
2021-9593,Santiago,Clay,32,C,,20210321,9,CG04,,,Pedro Cachin,R,185,ARG,25.941,359,125,T0FN,,,Benjamin Torres,R,175,CHI,17.44,,,6-3 6-4,3,R32,,,,,,,,,,,,,,,,,,,
2021-9593,Santiago,Clay,32,C,,20210321,10,CG07,,,Hernan Casanova,R,178,ARG,27.118,376,117,CF10,,,Nick Chappell,L,178,USA,28.501,351,128,6-3 6-4,3,R32,,1,2,69,47,36,5,10,4,7,3,2,59,32,21,9,9,5,10
2021-9593,Santiago,Clay,32,C,,20210321,11,F0C4,,,Diego Fernandez Flores,R,185,CHI,20.452,1110,8,MO41,,,Rafael Matos,L,183,BRA,25.205,512,67,6-2 4-6 6-4,3,R32,,1,0,86,62,37,17,14,3,6,1,4,96,65,41,13,14,11,16
2021-9593,Santiago,Clay,32,C,,20210321,12,FA43,,,Juan Pablo Ficovich,R,188,ARG,24.153,215,311,O482,,,Gonzalo Oliveira,L,185,VEN,26.089,295,182,6-3 6-1,3,R32,,8,2,52,28,21,14,8,4,5,3,2,59,37,18,8,8,6,11
2021-9593,Santiago,Clay,32,C,,20210321,13,KC29,,,Nicolas Kicker,R,178,ARG,28.594,972,12,S0EK,,,Matias Soto,R,170,CHI,21.9,900,15,6-3 6-0,3,R32,,2,0,41,30,25,7,8,0,0,2,2,41,31,17,3,7,2,6
2021-9593,Santiago,Clay,32,C,,20210321,14,MW75,,,Felipe Meligeni Alves,R,185,BRA,23.083,235,261,C0AK,,,Oliver Crawford,R,180,GBR,21.892,576,51,7-6(6) 6-3,3,R32,,2,0,80,61,40,15,11,4,4,4,2,71,32,24,23,10,1,2
2021-9593,Santiago,Clay,32,C,,20210321,15,MI43,,,Gerald Melzer,L,188,AUT,30.689,1121,7,J551,,,Nicolas Jarry,R,201,CHI,25.443,749,27,7-6(2) 6-4,3,R32,,3,1,64,45,34,14,11,4,5,7,4,76,45,33,14,11,3,5
2021-9593,Santiago,Clay,32,C,,20210321,16,S0GD,,,Dalibor Svrcina,R,178,CZE,18.467,857,18,H928,,,Diego Hidalgo,L,180,ECU,27.923,395,109,6-2 6-0,3,R32,,2,1,49,35,28,5,7,5,5,1,1,37,24,12,4,7,4,9
2021-9593,Santiago,Clay,32,C,,20210321,17,C0C8,1,,Juan Manuel Cerundolo,L,183,ARG,19.346,175,410,CG04,,,Pedro Cachin,R,185,ARG,25.941,359,125,6-4 3-6 6-2,3,R16,,0,2,85,66,35,9,13,4,9,1,4,97,61,37,14,14,4,11
2021-9593,Santiago,Clay,32,C,,20210321,18,C0AU,2,,Francisco Cerundolo,R,185,ARG,22.604,114,686,CG07,,,Hernan Casanova,R,178,ARG,27.118,376,117,6-2 7-5,3,R16,,3,5,61,43,29,9,10,2,4,0,2,68,44,28,8,10,6,11
2021-9593,Santiago,Clay,32,C,,20210321,19,V836,3,,Juan Pablo Varillas,R,185,PER,25.457,162,445,S0GD,,,Dalibor Svrcina,R,178,CZE,18.467,857,18,6-4 1-6 6-4,3,R16,127,2,0,77,44,28,20,13,2,5,2,0,82,58,40,13,14,3,6
2021-9593,Santiago,Clay,32,C,,20210321,20,B0BI,5,,Sebastian Baez,R,170,ARG,20.227,253,237,FA43,,,Juan Pablo Ficovich,R,188,ARG,24.153,215,311,6-1 7-5,3,R16,,1,1,51,35,25,13,10,2,3,7,2,71,40,23,13,9,10,14
2021-9593,Santiago,Clay,32,C,,20210321,21,BS86,6,,Tomas Barrios Vera,R,191,CHI,23.277,263,228,F0C4,,,Diego Fernandez Flores,R,185,CHI,20.452,1110,8,6-0 6-1,3,R16,64,3,0,35,26,21,2,6,0,1,0,2,56,35,14,5,7,7,14
2021-9593,Santiago,Clay,32,C,,20210321,22,MW75,,,Felipe Meligeni Alves,R,185,BRA,23.083,235,261,LB84,7,,Juan Ignacio Londero,R,180,ARG,27.598,91,832,2-6 6-3 6-4,3,R16,138,0,1,86,62,36,11,14,1,7,2,2,75,51,29,12,13,4,10
2021-9593,Santiago,Clay,32,C,,20210321,23,MI43,,,Gerald Melzer,L,188,AUT,30.689,1121,7,T0A1,,,Thiago Agustin Tirante,R,185,ARG,19.945,391,111,6-2 6-0,3,R16,70,1,0,40,38,28,2,7,1,1,1,0,42,31,16,2,7,1,6
2021-9593,Santiago,Clay,32,C,,20210321,24,P0DF,,,Matheus Pucinelli De Almeida,R,183,BRA,19.97,675,34,KC29,,,Nicolas Kicker,R,178,ARG,28.594,972,12,3-6 6-2 6-4,3,R16,,1,1,89,63,40,11,14,5,9,0,4,95,66,41,9,13,10,15
2021-9593,Santiago,Clay,32,C,,20210321,25,B0BI,5,,Sebastian Baez,R,170,ARG,20.227,253,237,C0C8,1,,Juan Manuel Cerundolo,L,183,ARG,19.346,175,410,6-3 6-4,3,QF,114,1,1,61,50,31,4,9,6,9,0,2,81,58,32,6,10,8,14
2021-9593,Santiago,Clay,32,C,,20210321,26,P0DF,,,Matheus Pucinelli De Almeida,R,183,BRA,19.97,675,34,C0AU,2,,Francisco Cerundolo,R,185,ARG,22.604,114,686,7-6(3) 2-6 6-4,3,QF,158,2,2,114,84,51,14,15,7,12,3,6,106,69,46,16,15,4,8
2021-9593,Santiago,Clay,32,C,,20210321,27,BS86,6,,Tomas Barrios Vera,R,191,CHI,23.277,263,228,V836,3,,Juan Pablo Varillas,R,185,PER,25.457,162,445,6-3 6-4,3,QF,87,2,0,55,37,26,9,10,0,2,4,1,63,36,20,14,9,5,9
2021-9593,Santiago,Clay,32,C,,20210321,28,MW75,,,Felipe Meligeni Alves,R,185,BRA,23.083,235,261,MI43,,,Gerald Melzer,L,188,AUT,30.689,1121,7,6-3 5-7 7-5,3,QF,188,1,2,96,67,37,21,16,5,9,1,4,116,76,44,21,17,7,13
2021-9593,Santiago,Clay,32,C,,20210321,29,B0BI,5,,Sebastian Baez,R,170,ARG,20.227,253,237,BS86,6,,Tomas Barrios Vera,R,191,CHI,23.277,263,228,3-6 6-3 6-4,3,SF,129,1,4,86,62,39,11,14,3,8,5,1,89,59,37,9,14,5,11
2021-9593,Santiago,Clay,32,C,,20210321,30,MW75,,,Felipe Meligeni Alves,R,185,BRA,23.083,235,261,P0DF,,,Matheus Pucinelli De Almeida,R,183,BRA,19.97,675,34,6-2 6-4,3,SF,90,0,0,71,56,32,11,9,5,6,2,2,48,31,19,7,9,2,6
2021-9593,Santiago,Clay,32,C,,20210321,31,B0BI,5,,Sebastian Baez,R,170,ARG,20.227,253,237,MW75,,,Felipe Meligeni Alves,R,185,BRA,23.083,235,261,3-6 7-6(6) 6-1,3,F,136,2,0,102,81,51,14,15,3,6,0,3,95,75,45,12,13,7,10
2021-9472,Zadar,Clay,32,C,,20210328,1,ML57,1,,Gianluca Mager,R,188,ITA,26.322,102,780,SF36,,,Igor Sijsling,R,191,NED,33.61,302,178,6-4 4-6 6-4,3,R32,108,10,2,98,61,40,20,15,8,12,2,4,86,52,36,14,15,4,9
2021-9472,Zadar,Clay,32,C,,20210328,2,N897,2,,Sumit Nagal,R,178,IND,23.614,139,532,SP80,,,Nino Serdarusic,R,191,CRO,24.287,305,172,7-6(4) 6-4,3,R32,103,1,0,78,59,44,11,11,6,6,4,2,65,43,34,13,11,1,2
2021-9472,Zadar,Clay,32,C,,20210328,3,MM66,3,,Nikola Milojevic,R,188,SRB,25.774,148,501,W857,,,Tung-Lin Wu,R,188,TPE,22.877,248,250,7-6(4) 6-1,3,R32,102,1,4,85,54,36,13,10,4,6,1,1,60,42,22,9,9,3,7
2021-9472,Zadar,Clay,32,C,,20210328,4,MV14,,,Alex Molcan,L,178,SVK,23.321,279,211,RA51,4,,Blaz Rola,L,193,SLO,30.478,166,437,6-4 6-4,3,R32,86,1,3,61,44,26,7,10,3,7,1,4,58,40,20,7,10,2,8
2021-9472,Zadar,Clay,32,C,,20210328,5,G983,5,,Alessandro Giannessi,L,185,ITA,30.828,169,423,BI47,,,Riccardo Bonadio,R,180,ITA,27.707,289,193,7-5 7-5,3,R32,97,4,0,65,52,33,8,12,1,4,0,4,74,47,27,12,12,10,15
2021-9472,Zadar,Clay,32,C,,20210328,6,I236,,,Uladzimir Ignatik,R,183,BLR,30.705,356,127,HA28,6,,Filip Horansky,R,191,SVK,28.219,175,413,6-1 6-3,3,R32,55,3,0,42,30,26,6,8,0,1,0,0,43,25,13,7,8,4,9
2021-9472,Zadar,Clay,32,C,,20210328,7,V0B2,,,Michael Vrbensky,R,,CZE,21.254,318,158,CG94,7,,Enzo Couacaud,R,183,FRA,26.075,185,381,6-3 6-2,3,R32,68,0,5,45,30,23,7,8,3,5,0,5,62,32,19,10,9,7,13
2021-9472,Zadar,Clay,32,C,,20210328,8,KC33,,,Dimitar Kuzmanov,R,183,BUL,27.666,274,220,MP83,8,,Gian Marco Moroni,R,185,ITA,23.118,241,263,6-4 6-4,3,R32,94,0,3,55,43,28,6,10,2,5,0,5,59,36,20,10,10,3,8
2021-9472,Zadar,Clay,32,C,,20210328,9,F840,,,Nerman Fatic,R,191,BIH,26.426,381,115,BJ05,,,Harry Bourchier,R,185,AUS,25.175,328,145,6-2 6-4,3,R32,79,0,3,49,36,26,7,9,2,4,0,6,67,49,27,6,9,8,13
2021-9472,Zadar,Clay,32,C,,20210328,10,K834,,,Blaz Kavcic,R,188,SLO,34.064,245,258,PH64,,,Andrea Pellegrino,R,185,ITA,24.014,283,205,6-3 6-1,3,R32,85,0,1,57,47,33,4,8,3,4,0,3,67,48,26,7,8,8,13
2021-9472,Zadar,Clay,32,C,,20210328,11,KI63,,,Lukas Klein,R,193,SVK,23.017,276,214,O659,,,Vladyslav Orlov,R,188,UKR,25.864,366,123,6-1 6-2,3,R32,50,4,3,42,27,23,9,8,0,0,0,3,40,26,13,6,7,5,9
2021-9472,Zadar,Clay,32,C,,20210328,12,KH56,,,Zdenek Kolar,R,183,CZE,24.465,246,257,V717,,,Alexey Vatutin,R,178,RUS,28.416,263,229,6-4 6-2,3,R32,90,1,0,61,51,28,5,9,2,5,0,0,65,53,23,5,9,7,13
2021-9472,Zadar,Clay,32,C,,20210328,13,KI82,,,Vit Kopriva,R,178,CZE,23.784,295,182,BH08,,,Marco Bortolotti,,,,,548,60,6-1 6-3,3,R32,80,1,2,48,36,26,7,8,1,2,1,1,60,45,24,5,8,8,13
2021-9472,Zadar,Clay,32,C,,20210328,14,N561,,,Ivan Nedelko,R,185,RUS,34.877,369,122,G681,,,Teymuraz Gabashvili,R,185,GEO,35.847,258,240,6-2 2-6 6-3,3,R32,150,0,1,92,75,43,7,13,10,15,1,7,85,61,35,7,12,8,14
2021-9472,Zadar,Clay,32,C,,20210328,15,N0AS,,,Frane Nincevic,R,183,CRO,21.78,1645,2,P0GQ,,,Mili Poljicak,R,185,CRO,16.706,,,4-6 6-4 6-3,3,R32,132,0,8,97,65,40,14,15,4,9,0,4,89,57,32,15,14,9,15
2021-9472,Zadar,Clay,32,C,,20210328,16,S0GZ,,,Nikolas Sanchez Izquierdo,R,185,ESP,22.037,353,129,PH42,,,Matija Pecotic,L,185,CRO,31.734,343,132,3-6 6-3 6-2,3,R32,132,0,1,78,63,41,9,13,3,5,0,0,86,58,40,10,13,2,6
2021-9472,Zadar,Clay,32,C,,20210328,17,ML57,1,,Gianluca Mager,R,188,ITA,26.322,102,780,S0GZ,,,Nikolas Sanchez Izquierdo,R,185,ESP,22.037,353,129,1-6 6-4 6-1,3,R16,124,5,1,84,49,32,16,12,3,7,0,3,94,65,39,10,12,8,13
2021-9472,Zadar,Clay,32,C,,20210328,18,N897,2,,Sumit Nagal,R,178,IND,23.614,139,532,N0AS,,,Frane Nincevic,R,183,CRO,21.78,1645,2,6-0 6-1,3,R16,57,1,1,47,31,22,9,7,2,2,1,1,41,25,11,6,6,4,9
2021-9472,Zadar,Clay,32,C,,20210328,19,MM66,3,,Nikola Milojevic,R,188,SRB,25.774,148,501,N561,,,Ivan Nedelko,R,185,RUS,34.877,369,122,6-2 6-1,3,R16,56,1,1,36,26,21,6,7,1,2,0,1,50,29,15,5,8,3,9
2021-9472,Zadar,Clay,32,C,,20210328,20,F840,,,Nerman Fatic,R,191,BIH,26.426,381,115,G983,5,,Alessandro Giannessi,L,185,ITA,30.828,169,423,7-6(4) 5-7 7-6(6),3,R16,192,1,5,124,93,51,13,18,8,17,1,5,129,92,46,21,18,5,13
2021-9472,Zadar,Clay,32,C,,20210328,21,K834,,,Blaz Kavcic,R,188,SLO,34.064,245,258,MV14,,,Alex Molcan,L,178,SVK,23.321,279,211,6-2 6-1,3,R16,68,1,1,39,30,23,3,7,2,3,0,3,52,33,14,8,8,5,11
2021-9472,Zadar,Clay,32,C,,20210328,22,KI63,,,Lukas Klein,R,193,SVK,23.017,276,214,V0B2,,,Michael Vrbensky,R,,CZE,21.254,318,158,5-7 6-3 6-1,3,R16,127,1,4,86,55,41,13,14,3,6,2,5,93,55,33,18,14,9,15
2021-9472,Zadar,Clay,32,C,,20210328,23,KI82,,,Vit Kopriva,R,178,CZE,23.784,295,182,I236,,,Uladzimir Ignatik,R,183,BLR,30.705,356,127,2-6 6-1 6-3,3,R16,115,3,1,63,40,25,15,12,2,5,1,1,79,51,26,16,12,3,8
2021-9472,Zadar,Clay,32,C,,20210328,24,KC33,,,Dimitar Kuzmanov,R,183,BUL,27.666,274,220,KH56,,,Zdenek Kolar,R,183,CZE,24.465,246,257,6-4 6-3,3,R16,114,0,1,68,49,29,12,10,4,7,0,1,69,51,26,8,9,6,11
2021-9472,Zadar,Clay,32,C,,20210328,25,KI63,,,Lukas Klein,R,193,SVK,23.017,276,214,ML57,1,,Gianluca Mager,R,188,ITA,26.322,102,780,6-4 4-6 6-4,3,QF,133,0,2,86,57,39,16,15,4,8,2,5,112,72,44,19,15,9,14
2021-9472,Zadar,Clay,32,C,,20210328,26,F840,,,Nerman Fatic,R,191,BIH,26.426,381,115,N897,2,,Sumit Nagal,R,178,IND,23.614,139,532,5-7 6-3 7-5,3,QF,146,8,5,110,68,49,18,17,5,10,1,2,93,65,38,14,16,4,10
2021-9472,Zadar,Clay,32,C,,20210328,27,MM66,3,,Nikola Milojevic,R,188,SRB,25.774,148,501,KI82,,,Vit Kopriva,R,178,CZE,23.784,295,182,7-5 6-4,3,QF,117,2,2,77,37,24,19,11,8,12,2,4,70,46,27,7,11,12,18
2021-9472,Zadar,Clay,32,C,,20210328,28,KC33,,,Dimitar Kuzmanov,R,183,BUL,27.666,274,220,K834,,,Blaz Kavcic,R,188,SLO,34.064,245,258,6-4 6-1,3,QF,101,1,0,54,35,24,10,9,4,7,0,3,62,51,23,4,8,4,10
2021-9472,Zadar,Clay,32,C,,20210328,29,MM66,3,,Nikola Milojevic,R,188,SRB,25.774,148,501,KI63,,,Lukas Klein,R,193,SVK,23.017,276,214,6-4 4-6 6-2,3,SF,126,0,8,105,60,41,17,14,10,14,3,3,87,61,36,11,14,1,7
2021-9472,Zadar,Clay,32,C,,20210328,30,KC33,,,Dimitar Kuzmanov,R,183,BUL,27.666,274,220,F840,,,Nerman Fatic,R,191,BIH,26.426,381,115,6-2 2-0 RET,3,SF,61,2,0,40,26,19,8,5,2,2,2,1,47,29,15,8,5,4,7
2021-9472,Zadar,Clay,32,C,,20210328,31,MM66,3,,Nikola Milojevic,R,188,SRB,25.774,148,501,KC33,,,Dimitar Kuzmanov,R,183,BUL,27.666,274,220,2-6 6-2 7-6(5),3,F,186,0,5,112,84,46,11,14,9,15,1,4,100,61,36,16,14,4,10
2021-9516,Lugano,,32,C,,20210328,1,SE73,1,,Yuichi Sugita,R,175,JPN,32.523,109,723,LB51,,,Julian Lenz,R,188,GER,28.107,267,227,6-2 7-5,3,R32,,,,,,,,,,,,,,,,,,,
2021-9516,Lugano,,32,C,,20210328,2,CH05,,,Altug Celikbilek,R,183,TUR,24.553,273,222,D864,2,,Evgeny Donskoy,R,185,RUS,30.886,128,583,4-6 6-2 6-1,3,R32,,,,,,,,,,,,,,,,,,,
2021-9516,Lugano,,32,C,,20210328,3,V942,,,Tim van Rijthoven,R,188,NED,23.926,333,140,G967,3,,Peter Gojowczyk,R,188,GER,31.702,130,580,6-4 4-6 6-4,3,R32,,,,,,,,,,,,,,,,,,,
2021-9516,Lugano,,32,C,,20210328,4,SS25,,,Vitaliy Sachko,R,188,UKR,23.704,389,112,PG94,4,,Marc Polmans,R,188,AUS,23.904,137,538,2-6 6-4 6-2,3,R32,,,,,,,,,,,,,,,,,,,
2021-9516,Lugano,,32,C,,20210328,5,MN20,,,Daniel Masur,R,183,GER,26.39,213,321,ME89,5,,Illya Marchenko,R,185,UKR,33.552,163,444,7-6(1) 7-5,3,R32,,,,,,,,,,,,,,,,,,,
2021-9516,Lugano,,32,C,,20210328,6,SX50,6,,Roman Safiullin,R,185,RUS,23.639,171,420,K0EP,,,Jerome Kym,R,198,SUI,18.122,1541,2,6-4 6-2,3,R32,,,,,,,,,,,,,,,,,,,
2021-9516,Lugano,,32,C,,20210328,7,GF95,,,Hugo Grenier,R,196,FRA,25.013,262,231,MJ01,8,,Roberto Marcora,R,193,ITA,31.576,190,375,6-4 7-6(3),3,R32,,,,,,,,,,,,,,,,,,,
2021-9516,Lugano,,32,C,,20210328,8,KD87,,,Evgeny Karlovskiy,R,191,RUS,26.639,288,196,SO20,,,Jelle Sels,R,188,NED,25.632,347,131,6-2 1-6 6-1,3,R32,,,,,,,,,,,,,,,,,,,
2021-9516,Lugano,,32,C,,20210328,9,MO55,,,Lucas Miedler,R,183,AUT,24.767,290,186,L797,,,Lukas Lacko,R,188,SVK,33.399,198,357,7-6(0) 6-4,3,R32,,,,,,,,,,,,,,,,,,,
2021-9516,Lugano,,32,C,,20210328,10,MI01,,,Hiroki Moriya,R,168,JPN,30.448,266,228,BC65,,,Matthias Bachinger,R,188,GER,33.988,237,269,1-6 6-3 7-5,3,R32,,,,,,,,,,,,,,,,,,,
2021-9516,Lugano,,32,C,,20210328,11,R0FS,,,Leandro Riedi,R,191,SUI,19.165,895,16,MB53,,,Adrian Menendez-Maceiras,R,183,ESP,35.414,270,225,6-7(5) 6-4 6-3,3,R32,,,,,,,,,,,,,,,,,,,
2021-9516,Lugano,,32,C,,20210328,12,SQ80,,,Akira Santillan,R,180,AUS,23.849,261,233,PH78,,,Ryan Peniston,L,180,GBR,25.38,372,119,1-6 6-1 6-3,3,R32,,,,,,,,,,,,,,,,,,,
2021-9516,Lugano,,32,C,,20210328,13,SM25,,,Jack Sock,R,191,USA,28.507,259,234,BP41,,,Antoine Bellier,L,196,SUI,24.441,511,70,6-4 6-3,3,R32,,,,,,,,,,,,,,,,,,,
2021-9516,Lugano,,32,C,,20210328,14,SC77,,,Sergiy Stakhovsky,R,193,UKR,35.222,193,367,F0A4,,,Francesco Forti,R,188,ITA,21.673,442,92,6-4 6-2,3,R32,,,,,,,,,,,,,,,,,,,
2021-9516,Lugano,,32,C,,20210328,15,S0LA,,,Dominic Stricker,L,183,SUI,18.615,874,17,CI14,,,Jay Clarke,R,183,GBR,22.669,203,345,6-4 6-4,3,R32,,,,,,,,,,,,,,,,,,,
2021-9516,Lugano,,32,C,,20210328,16,TA46,,,Bernard Tomic,R,196,AUS,28.433,209,330,V832,,,Aleksandar Vukic,R,188,AUS,24.975,207,341,6-4 6-3,3,R32,,,,,,,,,,,,,,,,,,,
2021-9516,Lugano,,32,C,,20210328,17,SE73,1,,Yuichi Sugita,R,175,JPN,32.523,109,723,R0FS,,,Leandro Riedi,R,191,SUI,19.165,895,16,7-6(6) 6-7(1) 6-4,3,R16,,,,,,,,,,,,,,,,,,,
2021-9516,Lugano,,32,C,,20210328,18,SX50,6,,Roman Safiullin,R,185,RUS,23.639,171,420,SM25,,,Jack Sock,R,191,USA,28.507,259,234,6-4 6-3,3,R16,,,,,,,,,,,,,,,,,,,
2021-9516,Lugano,,32,C,,20210328,19,CH05,,,Altug Celikbilek,R,183,TUR,24.553,273,222,MO55,,,Lucas Miedler,R,183,AUT,24.767,290,186,4-1 RET,3,R16,,,,,,,,,,,,,,,,,,,
2021-9516,Lugano,,32,C,,20210328,20,GF95,,,Hugo Grenier,R,196,FRA,25.013,262,231,TA46,,,Bernard Tomic,R,196,AUS,28.433,209,330,6-4 4-6 7-5,3,R16,,,,,,,,,,,,,,,,,,,
2021-9516,Lugano,,32,C,,20210328,21,KD87,,,Evgeny Karlovskiy,R,191,RUS,26.639,288,196,SQ80,,,Akira Santillan,R,180,AUS,23.849,261,233,6-4 6-3,3,R16,,,,,,,,,,,,,,,,,,,
2021-9516,Lugano,,32,C,,20210328,22,MN20,,,Daniel Masur,R,183,GER,26.39,213,321,MI01,,,Hiroki Moriya,R,168,JPN,30.448,266,228,4-6 6-2 6-1,3,R16,,,,,,,,,,,,,,,,,,,
2021-9516,Lugano,,32,C,,20210328,23,SS25,,,Vitaliy Sachko,R,188,UKR,23.704,389,112,SC77,,,Sergiy Stakhovsky,R,193,UKR,35.222,193,367,6-3 6-1,3,R16,,,,,,,,,,,,,,,,,,,
2021-9516,Lugano,,32,C,,20210328,24,S0LA,,,Dominic Stricker,L,183,SUI,18.615,874,17,V942,,,Tim van Rijthoven,R,188,NED,23.926,333,140,5-7 6-4 7-6(7),3,R16,,,,,,,,,,,,,,,,,,,
2021-9516,Lugano,,32,C,,20210328,25,SE73,1,,Yuichi Sugita,R,175,JPN,32.523,109,723,KD87,,,Evgeny Karlovskiy,R,191,RUS,26.639,288,196,7-6(4) 4-6 7-6(2),3,QF,,,,,,,,,,,,,,,,,,,
2021-9516,Lugano,,32,C,,20210328,26,SS25,,,Vitaliy Sachko,R,188,UKR,23.704,389,112,SX50,6,,Roman Safiullin,R,185,RUS,23.639,171,420,6-4 6-3,3,QF,,,,,,,,,,,,,,,,,,,
2021-9516,Lugano,,32,C,,20210328,27,CH05,,,Altug Celikbilek,R,183,TUR,24.553,273,222,GF95,,,Hugo Grenier,R,196,FRA,25.013,262,231,4-6 6-4 6-3,3,QF,,,,,,,,,,,,,,,,,,,
2021-9516,Lugano,,32,C,,20210328,28,S0LA,,,Dominic Stricker,L,183,SUI,18.615,874,17,MN20,,,Daniel Masur,R,183,GER,26.39,213,321,6-2 6-4,3,QF,,,,,,,,,,,,,,,,,,,
2021-9516,Lugano,,32,C,,20210328,29,S0LA,,,Dominic Stricker,L,183,SUI,18.615,874,17,SE73,1,,Yuichi Sugita,R,175,JPN,32.523,109,723,5-7 6-4 6-4,3,SF,,,,,,,,,,,,,,,,,,,
2021-9516,Lugano,,32,C,,20210328,30,SS25,,,Vitaliy Sachko,R,188,UKR,23.704,389,112,CH05,,,Altug Celikbilek,R,183,TUR,24.553,273,222,7-5 6-0,3,SF,,,,,,,,,,,,,,,,,,,
2021-9516,Lugano,,32,C,,20210328,31,S0LA,,,Dominic Stricker,L,183,SUI,18.615,874,17,SS25,,,Vitaliy Sachko,R,188,UKR,23.704,389,112,6-4 6-2,3,F,,,,,,,,,,,,,,,,,,,
2021-7874,Lille,Hard,32,C,,20210329,1,BK24,1,,Gregoire Barrere,R,183,FRA,27.113,117,662,SN77,,,Vaclav Safranek,R,183,CZE,26.858,352,129,6-4 6-7(5) 6-0,3,R32,104,9,7,98,59,49,16,14,6,7,3,4,96,64,41,13,14,4,9
2021-7874,Lille,Hard,32,C,,20210329,2,BM95,2,,Benjamin Bonzi,R,183,FRA,24.802,124,608,FC26,,,Evan Furness,R,173,FRA,22.626,340,134,5-7 6-4 6-3,3,R32,108,4,1,75,49,41,15,15,1,3,5,2,97,62,47,13,16,5,9
2021-7874,Lille,Hard,32,C,,20210329,3,RC91,3,,Arthur Rinderknech,R,196,FRA,25.684,127,586,GG65,,,Michael Geerts,R,178,BEL,26.196,359,126,6-3 5-7 6-3,3,R32,135,11,2,89,58,45,18,15,4,5,4,4,96,58,40,20,15,5,8
2021-7874,Lille,Hard,32,C,,20210329,4,HA71,4,,Antoine Hoang,R,183,FRA,25.399,131,575,HB35,,,Maxime Hamou,R,185,FRA,25.807,374,119,6-1 6-3,3,R32,55,5,0,41,34,30,3,8,0,0,1,0,50,38,19,4,8,5,9
2021-7874,Lille,Hard,32,C,,20210329,5,Z0A1,,,Giulio Zeppieri,L,183,ITA,19.307,321,154,O449,5,,Oscar Otte,R,193,GER,27.702,154,473,7-6(3) 6-3,3,R32,88,4,0,82,53,38,17,11,2,3,6,0,58,38,29,11,10,2,4
2021-7874,Lille,Hard,32,C,,20210329,6,J09X,,,Filip Cristian Jianu,R,180,ROU,19.526,390,112,MP20,6,,Alexandre Muller,R,183,FRA,24.153,197,358,2-6 6-2 7-5,3,R32,111,5,1,84,53,37,14,14,4,8,3,2,81,55,35,13,14,7,12
2021-7874,Lille,Hard,32,C,,20210329,7,BU13,,,Zizou Bergs,R,185,BEL,21.821,329,145,MN13,7,,Maximilian Marterer,L,188,GER,25.788,211,327,6-4 6-1,3,R32,55,6,0,42,33,25,7,8,0,0,1,0,44,30,19,5,9,2,6
2021-7874,Lille,Hard,32,C,,20210329,8,HB64,8,,Quentin Halys,R,191,FRA,24.422,214,317,C0H0,,,Arthur Cazaux,R,183,FRA,18.598,684,33,6-3 6-2,3,R32,60,7,4,46,28,26,10,9,0,0,4,1,45,25,16,7,8,3,6
2021-7874,Lille,Hard,32,C,,20210329,9,A622,,,Andrea Arnaboldi,L,180,ITA,33.254,278,212,GH33,,,Manuel Guinard,R,198,FRA,25.369,319,158,7-6(3) 6-0,3,R32,97,2,0,61,41,31,15,9,1,1,6,3,70,34,25,13,9,7,10
2021-7874,Lille,Hard,32,C,,20210329,10,BA65,,,Dustin Brown,R,196,JAM,36.304,269,225,BK19,,,Mathias Bourgue,R,188,FRA,27.192,210,329,6-7(2) 7-6(2) 6-4,3,R32,144,15,5,144,98,69,21,17,7,9,22,3,112,72,56,19,17,6,9
2021-7874,Lille,Hard,32,C,,20210329,11,F0BT,,,Jonas Forejtek,R,183,CZE,20.052,326,149,CG04,,,Pedro Cachin,R,185,ARG,25.963,361,125,6-2 4-6 6-3,3,R32,107,9,1,74,50,39,14,13,4,5,2,1,93,59,37,17,14,6,10
2021-7874,Lille,Hard,32,C,,20210329,12,J620,,,Maxime Janvier,R,196,FRA,24.444,219,308,DC76,,,Viktor Durasovic,R,185,NOR,24.027,354,128,3-6 6-3 6-2,3,R32,98,3,2,82,49,35,13,13,2,5,0,2,70,42,26,15,13,1,6
2021-7874,Lille,Hard,32,C,,20210329,13,K839,,,Tobias Kamke,R,178,GER,34.856,234,274,MJ71,,,Mats Moraing,L,198,GER,28.772,272,222,7-5 6-3,3,R32,80,4,1,61,42,33,11,10,1,1,8,5,71,38,29,13,11,6,9
2021-7874,Lille,Hard,32,C,,20210329,14,KI74,,,Nicola Kuhn,R,185,GER,21.024,250,248,MW76,,,Matteo Martineau,R,183,FRA,22.198,408,105,6-3 6-2,3,R32,62,4,0,52,36,27,12,9,1,1,2,1,43,26,17,8,8,1,4
2021-7874,Lille,Hard,32,C,,20210329,15,LC11,,,Tristan Lamasine,R,183,FRA,28.066,257,240,B0AY,,,Jurgen Briand,R,178,FRA,22.212,856,18,4-6 6-3 6-4,3,R32,114,2,1,80,51,37,22,15,2,3,5,3,90,46,35,23,14,4,6
2021-7874,Lille,Hard,32,C,,20210329,16,M0GY,,,Lilian Marmousez,R,180,FRA,19.233,981,12,CM79,,,Baptiste Crepatte,R,185,FRA,26.519,416,101,6-2 6-4,3,R32,62,4,1,42,21,21,15,9,0,0,0,2,52,29,19,12,9,1,4
2021-7874,Lille,Hard,32,C,,20210329,17,BK24,1,,Gregoire Barrere,R,183,FRA,27.113,117,662,BA65,,,Dustin Brown,R,196,JAM,36.304,269,225,6-3 7-5,3,R16,62,8,0,61,43,31,12,11,1,2,6,6,63,36,27,11,10,4,7
2021-7874,Lille,Hard,32,C,,20210329,18,BM95,2,,Benjamin Bonzi,R,183,FRA,24.802,124,608,LC11,,,Tristan Lamasine,R,183,FRA,28.066,257,240,6-4 6-3,3,R16,78,2,1,69,41,28,18,10,1,1,4,0,58,43,30,7,9,0,2
2021-7874,Lille,Hard,32,C,,20210329,19,RC91,3,,Arthur Rinderknech,R,196,FRA,25.684,127,586,KI74,,,Nicola Kuhn,R,185,GER,21.024,250,248,6-3 6-1,3,R16,63,7,1,50,33,23,10,8,0,1,1,0,46,28,13,6,8,3,8
2021-7874,Lille,Hard,32,C,,20210329,20,A622,,,Andrea Arnaboldi,L,180,ITA,33.254,278,212,HA71,4,,Antoine Hoang,R,183,FRA,25.399,131,575,6-2 5-7 6-3,3,R16,143,0,0,81,59,41,12,14,1,3,8,4,112,82,50,13,15,13,18
2021-7874,Lille,Hard,32,C,,20210329,21,HB64,8,,Quentin Halys,R,191,FRA,24.422,214,317,M0GY,,,Lilian Marmousez,R,180,FRA,19.233,981,12,6-3 7-5,3,R16,87,10,5,61,34,30,13,11,1,2,1,0,66,40,25,12,10,5,8
2021-7874,Lille,Hard,32,C,,20210329,22,BU13,,,Zizou Bergs,R,185,BEL,21.821,329,145,K839,,,Tobias Kamke,R,178,GER,34.856,234,274,6-3 3-6 6-3,3,R16,108,11,0,66,46,41,13,14,0,1,0,4,96,60,44,16,13,7,9
2021-7874,Lille,Hard,32,C,,20210329,23,F0BT,,,Jonas Forejtek,R,183,CZE,20.052,326,149,Z0A1,,,Giulio Zeppieri,L,183,ITA,19.307,321,154,6-3 6-4,3,R16,71,4,0,66,50,34,13,10,1,1,3,2,47,34,21,9,9,0,2
2021-7874,Lille,Hard,32,C,,20210329,24,J620,,,Maxime Janvier,R,196,FRA,24.444,219,308,J09X,,,Filip Cristian Jianu,R,180,ROU,19.526,390,112,6-7(5) 6-3 6-3,3,R16,123,12,1,91,67,54,9,15,3,4,2,2,95,59,41,18,15,1,5
2021-7874,Lille,Hard,32,C,,20210329,25,BK24,1,,Gregoire Barrere,R,183,FRA,27.113,117,662,F0BT,,,Jonas Forejtek,R,183,CZE,20.052,326,149,6-7(6) 6-3 7-6(4),3,QF,129,5,2,115,75,56,25,17,3,4,5,2,100,66,48,22,16,6,8
2021-7874,Lille,Hard,32,C,,20210329,26,HB64,8,,Quentin Halys,R,191,FRA,24.422,214,317,BM95,2,,Benjamin Bonzi,R,183,FRA,24.802,124,608,6-4 6-3,3,QF,73,14,5,59,42,31,5,9,1,3,2,2,75,49,31,7,10,10,15
2021-7874,Lille,Hard,32,C,,20210329,27,J620,,,Maxime Janvier,R,196,FRA,24.444,219,308,RC91,3,,Arthur Rinderknech,R,196,FRA,25.684,127,586,6-4 7-6(5),3,QF,98,10,2,79,52,39,14,11,5,6,7,0,68,49,34,12,11,3,5
2021-7874,Lille,Hard,32,C,,20210329,28,BU13,,,Zizou Bergs,R,185,BEL,21.821,329,145,A622,,,Andrea Arnaboldi,L,180,ITA,33.254,278,212,4-2 RET,3,QF,20,1,0,16,9,5,5,3,0,1,0,1,19,14,6,1,3,0,2
2021-7874,Lille,Hard,32,C,,20210329,29,BK24,1,,Gregoire Barrere,R,183,FRA,27.113,117,662,J620,,,Maxime Janvier,R,196,FRA,24.444,219,308,4-6 7-5 6-2,3,SF,116,2,3,90,61,43,16,15,5,8,4,3,85,59,40,10,15,3,8
2021-7874,Lille,Hard,32,C,,20210329,30,BU13,,,Zizou Bergs,R,185,BEL,21.821,329,145,HB64,8,,Quentin Halys,R,191,FRA,24.422,214,317,1-6 6-3 6-3,3,SF,87,5,1,62,49,42,3,12,1,3,6,5,84,48,37,16,13,6,9
2021-7874,Lille,Hard,32,C,,20210329,31,BU13,,,Zizou Bergs,R,185,BEL,21.821,329,145,BK24,1,,Gregoire Barrere,R,183,FRA,27.113,117,662,4-6 6-1 7-6(5),3,F,110,8,2,78,59,41,8,14,3,8,1,2,97,64,32,19,15,9,16
2021-7878,Marbella,Clay,32,C,,20210329,1,L949,,,Henri Laaksonen,R,185,SUI,28.994,134,548,CF59,1,,Roberto Carballes Baena,R,183,ESP,28.016,96,806,1-6 6-3 6-3,3,R32,138,2,2,71,39,24,17,12,3,7,2,5,90,55,37,13,13,6,11
2021-7878,Marbella,Clay,32,C,,20210329,2,J620,,,Maxime Janvier,R,196,FRA,24.444,219,308,GB93,2,,Norbert Gombos,R,193,SVK,30.626,98,799,6-4 6-7(4) 6-3,3,R32,144,8,4,100,67,48,15,16,2,4,3,7,90,44,32,23,15,3,7
2021-7878,Marbella,Clay,32,C,,20210329,3,MU94,3,,Jaume Munar,R,183,ESP,23.899,99,792,O513,,,Sebastian Ofner,R,191,AUT,24.879,152,486,7-6(3) 6-4,3,R32,98,4,4,68,46,34,9,11,4,7,5,3,64,34,26,11,11,1,5
2021-7878,Marbella,Clay,32,C,,20210329,4,ML57,4,,Gianluca Mager,R,188,ITA,26.324,102,780,S0CG,,,Carlos Sanchez Jover,L,173,ESP,20.687,592,50,6-3 6-2,3,R32,75,8,1,46,31,28,8,9,0,0,0,0,75,55,32,8,8,16,19
2021-7878,Marbella,Clay,32,C,,20210329,5,S483,5,,Pedro Sousa,R,180,POR,32.838,111,716,KB54,,,Andrey Kuznetsov,R,183,RUS,30.097,478,78,6-7(2) 6-2 6-1,3,R32,125,0,2,100,68,42,20,14,7,9,4,2,104,57,33,21,13,11,17
2021-7878,Marbella,Clay,32,C,,20210329,6,DA81,6,,Taro Daniel,R,191,JPN,28.167,118,647,B0JG,,,Leo Borg,R,183,SWE,17.873,,,6-1 6-2,3,R32,69,1,2,61,46,33,8,8,4,4,1,2,40,19,14,6,7,0,4
2021-7878,Marbella,Clay,32,C,,20210329,7,D923,7,,Damir Dzumhur,R,175,BIH,28.857,126,599,S0GZ,,,Nikolas Sanchez Izquierdo,R,185,ESP,22.04,353,129,6-4 6-4,3,R32,122,3,2,54,33,23,13,10,1,3,1,3,108,74,43,14,10,16,20
2021-7878,Marbella,Clay,32,C,,20210329,8,G858,,,Ernests Gulbis,R,191,LAT,32.578,189,377,D864,8,,Evgeny Donskoy,R,185,RUS,30.888,128,583,6-2 6-2,3,R32,76,8,2,56,31,24,14,8,3,3,2,3,45,30,18,4,8,2,6
2021-7878,Marbella,Clay,32,C,,20210329,9,G983,,,Alessandro Giannessi,L,185,ITA,30.831,169,423,D985,,,Joao Domingues,R,,POR,27.48,188,378,6-3 6-4,3,R32,78,2,0,59,45,35,6,10,4,5,1,1,59,38,21,11,9,2,5
2021-7878,Marbella,Clay,32,C,,20210329,10,G985,,,Carlos Gomez-Herrera,R,191,ESP,30.913,360,126,G0AV,,,Carlos Gimeno Valero,R,191,ESP,19.759,292,184,7-6(10) 7-6(5),3,R32,138,1,1,95,69,50,13,12,5,7,0,3,82,60,41,13,12,2,4
2021-7878,Marbella,Clay,32,C,,20210329,11,K966,,,Martin Klizan,L,191,SVK,31.715,161,448,C0BC,,,Maxime Cressy,R,201,USA,23.89,156,470,6-1 7-6(3),3,R32,105,3,2,66,37,28,17,9,4,5,10,14,79,45,30,11,10,6,10
2021-7878,Marbella,Clay,32,C,,20210329,12,KI82,,,Vit Kopriva,R,178,CZE,23.786,295,182,R685,,,Lukas Rosol,R,193,CZE,35.68,183,386,6-3 3-6 7-5,3,R32,127,8,2,86,51,37,20,15,3,6,5,3,105,62,43,18,15,8,12
2021-7878,Marbella,Clay,32,C,,20210329,13,MJ01,,,Roberto Marcora,R,193,ITA,31.578,190,375,PG94,,,Marc Polmans,R,188,AUS,23.907,137,538,6-3 6-1,3,R32,60,3,0,41,24,19,14,8,0,0,1,2,39,29,17,4,8,0,4
2021-7878,Marbella,Clay,32,C,,20210329,14,MM66,,,Nikola Milojevic,R,188,SRB,25.777,148,501,PE02,,,Danilo Petrovic,R,203,SRB,29.177,160,455,3-6 6-3 6-4,3,R32,134,2,5,85,50,34,20,14,8,11,3,5,104,65,46,14,14,7,11
2021-7878,Marbella,Clay,32,C,,20210329,15,V824,,,Mario Vilella Martinez,R,178,ESP,25.739,196,359,GA79,,,Lorenzo Giustino,R,180,ITA,29.55,164,443,7-6(4) 6-0,3,R32,91,2,3,57,30,26,17,9,4,4,1,2,56,35,23,11,9,1,4
2021-7878,Marbella,Clay,32,C,,20210329,16,Y218,,,Elias Ymer,R,185,SWE,24.966,208,331,BV25,,,Javier Barranco Cosano,L,180,ESP,22.363,330,144,6-1 6-2,3,R32,66,3,0,50,32,24,10,8,0,1,4,2,43,25,13,7,7,3,8
2021-7878,Marbella,Clay,32,C,,20210329,17,MU94,3,,Jaume Munar,R,183,ESP,23.899,99,792,KI82,,,Vit Kopriva,R,178,CZE,23.786,295,182,6-4 6-2,3,R16,94,3,3,56,34,28,9,9,4,6,1,1,60,35,19,10,9,3,8
2021-7878,Marbella,Clay,32,C,,20210329,18,ML57,4,,Gianluca Mager,R,188,ITA,26.324,102,780,Y218,,,Elias Ymer,R,185,SWE,24.966,208,331,6-4 6-3,3,R16,92,2,1,52,31,24,13,9,2,3,1,1,74,47,31,10,10,7,11
2021-7878,Marbella,Clay,32,C,,20210329,19,G983,,,Alessandro Giannessi,L,185,ITA,30.831,169,423,S483,5,,Pedro Sousa,R,180,POR,32.838,111,716,6-4 6-3,3,R16,72,1,3,63,40,33,9,10,4,5,4,2,55,42,24,9,9,3,6
2021-7878,Marbella,Clay,32,C,,20210329,20,DA81,6,,Taro Daniel,R,191,JPN,28.167,118,647,G985,,,Carlos Gomez-Herrera,R,191,ESP,30.913,360,126,7-5 6-4,3,R16,110,2,1,65,42,30,10,11,3,6,3,1,69,45,29,7,11,5,10
2021-7878,Marbella,Clay,32,C,,20210329,21,V824,,,Mario Vilella Martinez,R,178,ESP,25.739,196,359,D923,7,,Damir Dzumhur,R,175,BIH,28.857,126,599,6-3 6-4,3,R16,98,4,6,92,55,36,17,10,11,13,1,0,53,36,22,6,9,1,5
2021-7878,Marbella,Clay,32,C,,20210329,22,K966,,,Martin Klizan,L,191,SVK,31.715,161,448,L949,,,Henri Laaksonen,R,185,SUI,28.994,134,548,6-3 6-3,3,R16,71,3,0,45,28,20,14,9,1,2,5,3,54,32,18,10,9,3,7
2021-7878,Marbella,Clay,32,C,,20210329,23,MJ01,,,Roberto Marcora,R,193,ITA,31.578,190,375,G858,,,Ernests Gulbis,R,191,LAT,32.578,189,377,6-4 7-5,3,R16,125,1,2,71,46,31,13,11,3,5,5,5,73,34,23,20,11,4,8
2021-7878,Marbella,Clay,32,C,,20210329,24,MM66,,,Nikola Milojevic,R,188,SRB,25.777,148,501,J620,,,Maxime Janvier,R,196,FRA,24.444,219,308,6-1 7-5,3,R16,91,2,3,60,40,30,13,10,5,5,1,5,66,39,27,11,9,7,10
2021-7878,Marbella,Clay,32,C,,20210329,25,MU94,3,,Jaume Munar,R,183,ESP,23.899,99,792,DA81,6,,Taro Daniel,R,191,JPN,28.167,118,647,4-6 6-2 6-3,3,QF,120,6,2,67,52,34,8,13,7,12,1,1,79,58,29,9,14,5,13
2021-7878,Marbella,Clay,32,C,,20210329,26,ML57,4,,Gianluca Mager,R,188,ITA,26.324,102,780,MJ01,,,Roberto Marcora,R,193,ITA,31.578,190,375,4-6 6-3 6-2,3,QF,104,7,2,78,44,39,18,14,0,1,3,1,70,47,38,9,13,1,4
2021-7878,Marbella,Clay,32,C,,20210329,27,G983,,,Alessandro Giannessi,L,185,ITA,30.831,169,423,K966,,,Martin Klizan,L,191,SVK,31.715,161,448,6-0 6-3,3,QF,57,4,0,45,26,22,12,8,2,2,2,0,37,20,12,6,7,0,4
2021-7878,Marbella,Clay,32,C,,20210329,28,V824,,,Mario Vilella Martinez,R,178,ESP,25.739,196,359,MM66,,,Nikola Milojevic,R,188,SRB,25.777,148,501,6-3 6-4,3,QF,93,3,9,78,51,37,13,10,11,11,0,4,54,38,28,6,9,3,5
2021-7878,Marbella,Clay,32,C,,20210329,29,MU94,3,,Jaume Munar,R,183,ESP,23.899,99,792,V824,,,Mario Vilella Martinez,R,178,ESP,25.739,196,359,7-6(4) 7-5,3,SF,121,2,1,74,60,35,6,12,2,7,1,3,83,53,30,12,12,3,9
2021-7878,Marbella,Clay,32,C,,20210329,30,ML57,4,,Gianluca Mager,R,188,ITA,26.324,102,780,G983,,,Alessandro Giannessi,L,185,ITA,30.831,169,423,6-7(4) 6-4 6-1,3,SF,136,8,1,108,72,51,19,14,5,6,7,0,102,68,45,15,15,6,11
2021-7878,Marbella,Clay,32,C,,20210329,31,ML57,4,,Gianluca Mager,R,188,ITA,26.324,102,780,MU94,3,,Jaume Munar,R,183,ESP,23.899,99,792,2-6 6-3 6-2,3,F,106,2,2,74,48,33,17,13,5,7,1,3,66,51,33,8,12,2,5
2021-9475,Oeiras 1,Clay,32,C,,20210329,1,O449,1,,Oscar Otte,R,193,GER,27.702,154,473,A0ES,,,Pedro Araujo,R,183,PRT,19.009,1009,11,6-2 6-4,3,R32,78,4,0,48,29,24,13,9,1,1,0,1,64,40,25,11,9,5,8
2021-9475,Oeiras 1,Clay,32,C,,20210329,2,BT72,,,Nuno Borges,R,185,POR,24.104,375,117,CG94,2,,Enzo Couacaud,R,183,FRA,26.078,185,381,6-3 6-4,3,R32,87,5,0,69,45,30,14,10,3,4,6,4,71,36,24,14,9,4,7
2021-9475,Oeiras 1,Clay,32,C,,20210329,3,E873,3,,Ernesto Escobedo,R,185,MEX,24.734,205,343,FC26,,,Evan Furness,R,173,FRA,22.626,340,134,6-3 6-2,3,R32,69,0,2,52,39,26,8,9,0,2,0,4,45,28,13,6,8,1,6
2021-9475,Oeiras 1,Clay,32,C,,20210329,4,CG04,,,Pedro Cachin,R,185,ARG,25.963,361,125,BT68,4,,Elliot Benchetrit,R,193,MAR,22.489,240,264,6-2 6-1,3,R32,56,1,1,32,18,17,9,7,0,1,1,3,47,29,12,5,8,3,9
2021-9475,Oeiras 1,Clay,32,C,,20210329,5,MP83,5,,Gian Marco Moroni,R,185,ITA,23.121,241,263,MV14,,,Alex Molcan,L,178,SVK,23.324,279,211,6-2 6-4,3,R32,96,1,3,53,38,27,7,9,1,3,1,2,71,51,25,10,9,7,12
2021-9475,Oeiras 1,Clay,32,C,,20210329,6,E698,,,Gastao Elias,R,180,POR,30.344,358,126,TA29,6,,Marco Trungelliti,R,178,ARG,31.157,247,256,6-1 6-4,3,R32,71,1,0,47,32,22,9,8,2,3,0,2,57,36,19,7,9,6,11
2021-9475,Oeiras 1,Clay,32,C,,20210329,7,GH33,,,Manuel Guinard,R,198,FRA,25.369,319,158,KI74,7,,Nicola Kuhn,R,185,GER,21.024,250,248,6-1 6-4,3,R32,85,3,2,62,26,22,19,8,4,4,4,2,55,38,24,5,9,2,6
2021-9475,Oeiras 1,Clay,32,C,,20210329,8,CN88,,,Tiago Cacao,R,185,PRT,23.08,558,57,LC11,8,,Tristan Lamasine,R,183,FRA,28.066,257,240,6-2 6-4,3,R32,79,0,1,46,33,26,8,9,0,1,0,0,61,40,21,11,9,3,7
2021-9475,Oeiras 1,Clay,32,C,,20210329,9,A0AB,,,Adrian Andreev,R,175,BUL,19.88,386,113,T0AP,,,Chun-Hsin Tseng,R,175,TPE,19.639,286,202,1-6 7-6(5) 6-3,3,R32,166,0,3,104,71,41,16,15,5,11,3,1,91,48,26,27,13,10,14
2021-9475,Oeiras 1,Clay,32,C,,20210329,10,BV24,,,Raul Brancaccio,R,183,ITA,23.901,362,125,F0BT,,,Jonas Forejtek,R,183,CZE,20.052,326,149,4-3 RET,3,R32,32,0,2,16,11,10,2,3,0,0,3,1,25,16,10,5,4,2,3
2021-9475,Oeiras 1,Clay,32,C,,20210329,11,G0AV,,,Carlos Gimeno Valero,R,191,ESP,19.759,292,184,O340,,,Roberto Ortega-Olmedo,R,168,ESP,29.914,299,181,6-1 6-1,3,R32,82,1,6,61,41,30,9,7,6,6,0,4,48,27,13,7,7,2,7
2021-9475,Oeiras 1,Clay,32,C,,20210329,12,GF95,,,Hugo Grenier,R,196,FRA,25.016,262,231,LE01,,,Duckhee Lee,R,170,KOR,22.834,291,185,6-0 6-3,3,R32,85,3,0,47,31,24,10,8,3,3,0,3,59,35,18,11,7,8,12
2021-9475,Oeiras 1,Clay,32,C,,20210329,13,K09F,,,Pavel Kotov,R,191,RUS,22.36,268,227,BJ05,,,Harry Bourchier,R,185,AUS,25.177,328,145,6-0 3-0 RET,3,R32,52,0,2,29,20,15,4,4,1,1,0,2,29,15,6,2,5,3,8
2021-9475,Oeiras 1,Clay,32,C,,20210329,14,KC33,,,Dimitar Kuzmanov,R,183,BUL,27.669,274,220,MO55,,,Lucas Miedler,R,183,AUT,24.769,290,186,6-1 6-0,3,R32,81,0,0,36,32,24,2,6,2,2,1,0,69,38,20,9,7,10,16
2021-9475,Oeiras 1,Clay,32,C,,20210329,15,O482,,,Gonzalo Oliveira,L,185,VEN,26.111,296,182,BI47,,,Riccardo Bonadio,R,180,ITA,27.71,289,193,7-6(4) 7-5,3,R32,153,5,7,106,64,43,18,12,9,12,1,0,86,42,28,19,12,6,10
2021-9475,Oeiras 1,Clay,32,C,,20210329,16,Z168,,,Mischa Zverev,L,191,GER,33.602,280,209,MJ71,,,Mats Moraing,L,198,GER,28.772,272,222,4-3 RET,3,R32,43,4,2,20,11,9,5,4,1,2,0,2,35,13,5,12,3,7,8
2021-9475,Oeiras 1,Clay,32,C,,20210329,17,O482,,,Gonzalo Oliveira,L,185,VEN,26.111,296,182,O449,1,,Oscar Otte,R,193,GER,27.702,154,473,6-4 4-6 6-3,3,R16,149,2,4,117,69,37,27,14,13,18,4,7,94,54,38,13,15,7,14
2021-9475,Oeiras 1,Clay,32,C,,20210329,18,KC33,,,Dimitar Kuzmanov,R,183,BUL,27.669,274,220,E873,3,,Ernesto Escobedo,R,185,MEX,24.734,205,343,6-2 6-2,3,R16,74,1,0,58,40,29,9,8,6,7,0,0,41,28,10,9,8,1,6
2021-9475,Oeiras 1,Clay,32,C,,20210329,19,MP83,5,,Gian Marco Moroni,R,185,ITA,23.121,241,263,K09F,,,Pavel Kotov,R,191,RUS,22.36,268,227,6-2 6-2,3,R16,92,0,1,56,35,21,12,8,4,6,0,1,58,42,20,5,8,9,15
2021-9475,Oeiras 1,Clay,32,C,,20210329,20,BT72,,,Nuno Borges,R,185,POR,24.104,375,117,BV24,,,Raul Brancaccio,R,183,ITA,23.901,362,125,6-4 4-6 6-3,3,R16,139,6,5,107,69,44,20,15,4,7,1,4,95,59,38,17,14,8,12
2021-9475,Oeiras 1,Clay,32,C,,20210329,21,CN88,,,Tiago Cacao,R,185,PRT,23.08,558,57,Z168,,,Mischa Zverev,L,191,GER,33.602,280,209,6-3 1-6 7-6(6),3,R16,150,0,2,96,50,29,29,14,3,6,5,2,110,71,44,21,14,7,9
2021-9475,Oeiras 1,Clay,32,C,,20210329,22,CG04,,,Pedro Cachin,R,185,ARG,25.963,361,125,A0AB,,,Adrian Andreev,R,175,BUL,19.88,386,113,6-2 6-4,3,R16,90,0,2,56,30,22,11,9,3,5,1,2,69,47,25,9,9,6,11
2021-9475,Oeiras 1,Clay,32,C,,20210329,23,E698,,,Gastao Elias,R,180,POR,30.344,358,126,G0AV,,,Carlos Gimeno Valero,R,191,ESP,19.759,292,184,6-1 6-3,3,R16,74,1,0,49,26,20,13,8,1,2,0,3,53,40,18,7,8,4,9
2021-9475,Oeiras 1,Clay,32,C,,20210329,24,GH33,,,Manuel Guinard,R,198,FRA,25.369,319,158,GF95,,,Hugo Grenier,R,196,FRA,25.016,262,231,6-4 6-1,3,R16,79,1,0,46,27,20,11,8,3,4,1,2,56,34,17,9,9,4,9
2021-9475,Oeiras 1,Clay,32,C,,20210329,25,CG04,,,Pedro Cachin,R,185,ARG,25.963,361,125,MP83,5,,Gian Marco Moroni,R,185,ITA,23.121,241,263,6-3 2-6 6-4,3,QF,122,2,6,83,49,32,20,14,0,2,2,3,81,50,41,12,13,4,6
2021-9475,Oeiras 1,Clay,32,C,,20210329,26,BT72,,,Nuno Borges,R,185,POR,24.104,375,117,GH33,,,Manuel Guinard,R,198,FRA,25.369,319,158,6-3 3-6 6-3,3,QF,104,5,1,74,47,36,14,14,1,4,5,4,83,44,29,21,13,7,11
2021-9475,Oeiras 1,Clay,32,C,,20210329,27,E698,,,Gastao Elias,R,180,POR,30.344,358,126,KC33,,,Dimitar Kuzmanov,R,183,BUL,27.669,274,220,W/O,3,QF,0,,,,,,,,,,,,,,,,,,
2021-9475,Oeiras 1,Clay,32,C,,20210329,28,O482,,,Gonzalo Oliveira,L,185,VEN,26.111,296,182,CN88,,,Tiago Cacao,R,185,PRT,23.08,558,57,7-5 6-2,3,QF,124,1,1,83,51,32,17,10,9,11,1,2,68,47,33,3,10,9,14
2021-9475,Oeiras 1,Clay,32,C,,20210329,29,BT72,,,Nuno Borges,R,185,POR,24.104,375,117,E698,,,Gastao Elias,R,180,POR,30.344,358,126,4-6 6-2 6-3,3,SF,143,3,3,107,64,41,22,13,11,13,0,1,96,67,40,13,14,6,11
2021-9475,Oeiras 1,Clay,32,C,,20210329,30,CG04,,,Pedro Cachin,R,185,ARG,25.963,361,125,O482,,,Gonzalo Oliveira,L,185,VEN,26.111,296,182,7-6(4) 4-0 RET,3,SF,81,3,0,54,35,24,11,8,2,3,1,2,53,40,20,7,8,1,4
2021-9475,Oeiras 1,Clay,32,C,,20210329,31,CG04,,,Pedro Cachin,R,185,ARG,25.963,361,125,BT72,,,Nuno Borges,R,185,POR,24.104,375,117,7-6(4) 7-6(3),3,F,118,4,0,82,51,36,17,12,4,7,3,6,103,52,36,24,12,7,10
2021-9505,Oeiras 1,Clay,32,C,,20210329,1,A0ES,,,Pedro Araujo,R,183,PRT,19.009,1009,11,BK19,1,,Mathias Bourgue,R,188,FRA,27.192,210,329,6-2 6-2,3,R32,74,0,1,52,44,28,4,8,3,4,3,1,50,31,17,7,8,4,9
2021-9505,Oeiras 1,Clay,32,C,,20210329,2,W857,2,,Tung-Lin Wu,R,188,TPE,22.88,248,250,CN88,,,Tiago Cacao,R,185,PRT,23.08,558,57,6-1 6-1,3,R32,72,1,1,54,33,22,12,7,5,5,3,1,46,33,15,5,7,3,8
2021-9505,Oeiras 1,Clay,32,C,,20210329,3,LB51,3,,Julian Lenz,R,188,GER,28.11,267,227,DF92,,,Corentin Denolly,L,188,FRA,23.811,334,140,6-4 6-0,3,R32,69,1,2,49,19,13,18,8,2,4,4,4,48,32,16,3,8,5,11
2021-9505,Oeiras 1,Clay,32,C,,20210329,4,T0AP,4,,Chun-Hsin Tseng,R,175,TPE,19.639,286,202,O340,,,Roberto Ortega-Olmedo,R,168,ESP,29.914,299,181,6-4 6-2,3,R32,83,0,3,69,38,26,17,9,6,7,1,6,48,18,12,12,9,0,4
2021-9505,Oeiras 1,Clay,32,C,,20210329,5,BT72,,,Nuno Borges,R,185,POR,24.104,375,117,Q941,5,,Roberto Quiroz,L,193,ECU,29.095,271,223,6-3 6-0,3,R32,51,3,0,45,37,29,4,8,0,0,2,1,39,23,11,5,7,3,7
2021-9505,Oeiras 1,Clay,32,C,,20210329,6,G0AV,6,,Carlos Gimeno Valero,R,191,ESP,19.759,292,184,SS25,,,Vitaliy Sachko,R,188,UKR,23.707,389,112,6-2 6-1,3,R32,73,0,4,55,34,24,11,7,4,5,0,2,47,31,14,4,8,4,10
2021-9505,Oeiras 1,Clay,32,C,,20210329,7,O482,,,Gonzalo Oliveira,L,185,VEN,26.111,296,182,CG04,7,,Pedro Cachin,R,185,ARG,25.963,361,125,6-4 5-7 7-6(1),3,R32,184,1,0,108,77,52,18,17,9,13,4,0,133,86,50,25,17,7,11
2021-9505,Oeiras 1,Clay,32,C,,20210329,8,BI47,8,,Riccardo Bonadio,R,180,ITA,27.71,289,193,F0BT,,,Jonas Forejtek,R,183,CZE,20.052,326,149,7-6(4) 3-6 6-0,3,R32,121,0,4,100,73,49,13,14,7,10,7,0,83,54,30,18,13,4,8
2021-9505,Oeiras 1,Clay,32,C,,20210329,9,E698,,,Gastao Elias,R,180,POR,30.344,358,126,FC42,,,Luis Faria,R,178,PRT,21.697,827,21,6-2 6-3,3,R32,63,2,0,45,27,18,9,9,1,4,1,2,42,29,14,2,8,2,8
2021-9505,Oeiras 1,Clay,32,C,,20210329,10,GB61,,,Viktor Galovic,R,193,CRO,30.524,297,181,A0CJ,,,Duje Ajdukovic,R,188,CRO,20.142,310,167,4-6 7-6(4) 6-1,3,R32,129,1,1,98,60,38,19,15,5,10,4,7,96,54,29,22,14,7,13
2021-9505,Oeiras 1,Clay,32,C,,20210329,11,J09X,,,Filip Cristian Jianu,R,180,ROU,19.526,390,112,HB31,,,Johannes Haerteis,L,196,GER,25.098,323,152,6-3 6-0,3,R32,75,2,1,48,33,20,12,7,5,6,0,6,55,29,14,9,8,6,12
2021-9505,Oeiras 1,Clay,32,C,,20210329,12,R0DG,,,Holger Rune,R,188,DEN,17.916,317,158,V942,,,Tim van Rijthoven,R,188,NED,23.929,333,140,6-3 6-4,3,R32,89,4,2,75,40,30,16,10,9,10,3,1,61,43,28,7,9,5,8
2021-9505,Oeiras 1,Clay,32,C,,20210329,13,S0GZ,,,Nikolas Sanchez Izquierdo,R,185,ESP,22.04,353,129,BU54,,,Geoffrey Blancaneaux,R,180,FRA,22.639,301,180,6-3 6-2,3,R32,96,0,2,52,33,21,10,8,2,4,0,7,65,40,18,9,9,9,15
2021-9505,Oeiras 1,Clay,32,C,,20210329,14,S0GR,,,Timofey Skatov,R,173,KAZ,20.183,438,93,SF36,,,Igor Sijsling,R,191,NED,33.613,302,178,2-6 6-2 7-6(4),3,R32,131,3,0,97,78,47,10,14,3,7,2,1,89,55,37,16,14,4,8
2021-9505,Oeiras 1,Clay,32,C,,20210329,15,U182,,,Camilo Ugo Carabelli,R,185,ARG,21.782,337,139,D0C1,,,Jesper de Jong,R,180,NED,20.827,313,161,6-4 6-2,3,R32,84,2,1,53,35,24,9,9,1,3,1,7,71,39,23,12,9,8,13
2021-9505,Oeiras 1,Clay,32,C,,20210329,16,Y171,,,Denis Yevseyev,R,188,KAZ,27.852,388,113,SP80,,,Nino Serdarusic,R,191,CRO,24.29,305,172,6-4 7-5,3,R32,100,1,5,75,57,38,7,11,7,9,4,2,69,40,22,16,11,6,10
2021-9505,Oeiras 1,Clay,32,C,,20210329,17,S0GZ,,,Nikolas Sanchez Izquierdo,R,185,ESP,22.04,353,129,W857,2,,Tung-Lin Wu,R,188,TPE,22.88,248,250,6-2 7-6(2),3,R16,104,4,3,60,40,29,10,10,3,5,1,1,66,46,21,12,10,3,7
2021-9505,Oeiras 1,Clay,32,C,,20210329,18,R0DG,,,Holger Rune,R,188,DEN,17.916,317,158,LB51,3,,Julian Lenz,R,188,GER,28.11,267,227,5-7 6-4 6-3,3,R16,129,5,4,97,66,38,14,16,5,12,4,3,81,48,26,15,15,5,13
2021-9505,Oeiras 1,Clay,32,C,,20210329,19,J09X,,,Filip Cristian Jianu,R,180,ROU,19.526,390,112,T0AP,4,,Chun-Hsin Tseng,R,175,TPE,19.639,286,202,6-3 3-6 6-1,3,R16,102,4,5,80,46,34,18,13,3,5,3,0,58,36,22,14,12,2,6
2021-9505,Oeiras 1,Clay,32,C,,20210329,20,G0AV,6,,Carlos Gimeno Valero,R,191,ESP,19.759,292,184,GB61,,,Viktor Galovic,R,193,CRO,30.524,297,181,6-4 6-2,3,R16,72,1,6,60,40,30,11,9,5,5,3,1,62,40,27,9,9,7,10
2021-9505,Oeiras 1,Clay,32,C,,20210329,21,U182,,,Camilo Ugo Carabelli,R,185,ARG,21.782,337,139,BI47,8,,Riccardo Bonadio,R,180,ITA,27.71,289,193,4-6 7-5 6-4,3,R16,139,3,1,92,59,42,18,16,4,7,2,5,92,51,37,22,16,7,11
2021-9505,Oeiras 1,Clay,32,C,,20210329,22,BT72,,,Nuno Borges,R,185,POR,24.104,375,117,Y171,,,Denis Yevseyev,R,188,KAZ,27.852,388,113,6-7(2) 6-4 6-2,3,R16,113,9,1,94,64,43,15,15,3,7,5,5,94,69,41,11,15,2,9
2021-9505,Oeiras 1,Clay,32,C,,20210329,23,E698,,,Gastao Elias,R,180,POR,30.344,358,126,A0ES,,,Pedro Araujo,R,183,PRT,19.009,1009,11,7-5 6-0,3,R16,82,0,1,50,22,12,22,9,0,1,0,0,56,50,24,2,9,4,9
2021-9505,Oeiras 1,Clay,32,C,,20210329,24,S0GR,,,Timofey Skatov,R,173,KAZ,20.183,438,93,O482,,,Gonzalo Oliveira,L,185,VEN,26.111,296,182,6-3 6-1,3,R16,75,0,2,47,32,23,11,8,1,1,4,3,52,36,21,4,8,4,8
2021-9505,Oeiras 1,Clay,32,C,,20210329,25,R0DG,,,Holger Rune,R,188,DEN,17.916,317,158,G0AV,6,,Carlos Gimeno Valero,R,191,ESP,19.759,292,184,6-2 6-4,3,QF,86,0,3,54,25,16,17,9,1,3,0,7,53,34,17,8,9,1,6
2021-9505,Oeiras 1,Clay,32,C,,20210329,26,BT72,,,Nuno Borges,R,185,POR,24.104,375,117,J09X,,,Filip Cristian Jianu,R,180,ROU,19.526,390,112,6-4 6-4,3,QF,85,6,1,59,42,33,11,10,5,5,6,2,70,42,30,15,10,3,5
2021-9505,Oeiras 1,Clay,32,C,,20210329,27,E698,,,Gastao Elias,R,180,POR,30.344,358,126,U182,,,Camilo Ugo Carabelli,R,185,ARG,21.782,337,139,6-7(0) 6-3 6-0,3,QF,139,2,3,79,37,27,18,13,2,6,1,1,101,71,35,12,14,5,14
2021-9505,Oeiras 1,Clay,32,C,,20210329,28,S0GR,,,Timofey Skatov,R,173,KAZ,20.183,438,93,S0GZ,,,Nikolas Sanchez Izquierdo,R,185,ESP,22.04,353,129,7-6(4) 5-7 6-1,3,QF,170,0,3,97,63,36,19,16,6,13,0,6,97,54,28,19,15,4,12
2021-9505,Oeiras 1,Clay,32,C,,20210329,29,E698,,,Gastao Elias,R,180,POR,30.344,358,126,BT72,,,Nuno Borges,R,185,POR,24.104,375,117,4-6 7-5 RET,3,SF,108,1,0,78,56,34,9,11,7,11,1,4,70,46,28,12,11,5,9
2021-9505,Oeiras 1,Clay,32,C,,20210329,30,R0DG,,,Holger Rune,R,188,DEN,17.916,317,158,S0GR,,,Timofey Skatov,R,173,KAZ,20.183,438,93,6-2 3-6 6-2,3,SF,151,1,4,83,49,33,19,12,4,6,1,2,106,88,46,11,13,12,17
2021-9505,Oeiras 1,Clay,32,C,,20210329,31,E698,,,Gastao Elias,R,180,POR,30.344,358,126,R0DG,,,Holger Rune,R,188,DEN,17.916,317,158,5-7 6-4 6-4,3,F,166,5,3,103,63,42,20,16,9,13,0,5,114,68,39,24,16,8,13
2021-9514,Oeiras 1,Clay,32,C,,20210329,1,V708,1,,Jiri Vesely,L,198,CZE,27.718,71,993,GF95,,,Hugo Grenier,R,196,FRA,25.016,262,231,6-4 7-6(2),3,R32,117,6,6,82,48,32,17,11,2,5,2,0,72,58,32,9,11,4,8
2021-9514,Oeiras 1,Clay,32,C,,20210329,2,GA36,,,Emilio Gomez,R,185,ECU,29.333,168,424,J386,2,,Steve Johnson,R,188,USA,31.261,82,885,7-6(4) 3-6 6-3,3,R32,154,2,2,97,56,37,23,15,11,15,2,4,105,52,36,26,15,12,16
2021-9514,Oeiras 1,Clay,32,C,,20210329,3,CE77,3,,Federico Coria,R,180,ARG,29.054,84,878,MV14,,,Alex Molcan,L,178,SVK,23.324,279,211,2-6 6-4 6-1,3,R32,130,3,1,77,51,29,13,12,7,12,1,5,98,62,33,15,13,8,15
2021-9514,Oeiras 1,Clay,32,C,,20210329,4,MO44,4,,Pedro Martinez,R,185,ESP,23.923,93,823,D985,,,Joao Domingues,R,,POR,27.48,188,378,6-4 6-2,3,R32,86,2,2,64,43,30,11,9,4,5,3,1,52,31,18,9,9,3,7
2021-9514,Oeiras 1,Clay,32,C,,20210329,5,N0AE,,,Brandon Nakashima,R,188,USA,19.652,143,524,H997,5,,Yannick Hanfmann,R,193,GER,29.374,108,750,6-3 6-4,3,R32,92,8,2,63,38,32,11,10,3,3,3,3,66,35,26,13,9,5,7
2021-9514,Oeiras 1,Clay,32,C,,20210329,6,MD56,,,Leonardo Mayer,R,191,ARG,33.873,150,492,LB84,6,,Juan Ignacio Londero,R,180,ARG,27.619,92,832,4-6 6-1 6-4,3,R32,134,4,5,82,44,30,23,14,7,10,2,6,87,49,31,16,13,4,9
2021-9514,Oeiras 1,Clay,32,C,,20210329,7,BF23,7,,Facundo Bagnis,L,183,ARG,31.083,106,768,TE16,,,Carlos Taberner,R,183,ESP,23.639,136,541,7-5 3-2 RET,3,R32,117,4,7,81,42,29,17,9,10,12,1,3,54,33,21,9,8,4,7
2021-9514,Oeiras 1,Clay,32,C,,20210329,8,S483,8,,Pedro Sousa,R,180,POR,32.838,111,716,D923,,,Damir Dzumhur,R,175,BIH,28.857,126,599,3-6 7-6(4) 4-0 RET,3,R32,101,4,4,85,38,20,29,13,0,4,0,2,71,46,26,15,12,4,8
2021-9514,Oeiras 1,Clay,32,C,,20210329,9,A0E2,,,Carlos Alcaraz,R,183,ESP,17.9,132,561,U134,,,Yasutaka Uchiyama,R,183,JPN,28.646,110,716,6-0 6-3,3,R32,63,3,3,50,27,21,12,7,3,4,2,1,44,30,14,3,8,1,7
2021-9514,Oeiras 1,Clay,32,C,,20210329,10,BT72,,,Nuno Borges,R,185,POR,24.104,375,117,Z419,,,Bernabe Zapata Miralles,R,183,ESP,24.208,146,512,6-4 6-4,3,R32,63,7,1,48,31,26,10,10,0,1,0,3,55,34,21,11,10,0,3
2021-9514,Oeiras 1,Clay,32,C,,20210329,11,DA81,,,Taro Daniel,R,191,JPN,28.167,118,647,RA51,,,Blaz Rola,L,193,SLO,30.48,166,437,6-1 7-5,3,R32,91,5,5,70,36,26,17,10,9,11,2,4,54,30,21,7,9,3,8
2021-9514,Oeiras 1,Clay,32,C,,20210329,12,DA31,,,Hugo Dellien,R,180,BOL,27.784,121,629,O513,,,Sebastian Ofner,R,191,AUT,24.879,152,486,6-1 7-6(4),3,R32,82,0,1,59,47,33,7,10,2,4,7,2,58,30,21,9,9,5,9
2021-9514,Oeiras 1,Clay,32,C,,20210329,13,E698,,,Gastao Elias,R,180,POR,30.344,358,126,C0BC,,,Maxime Cressy,R,201,USA,23.89,156,470,7-6(3) 6-4,3,R32,92,3,1,78,49,38,16,11,7,8,8,8,69,51,38,7,11,2,4
2021-9514,Oeiras 1,Clay,32,C,,20210329,14,SN54,,,Frederico Ferreira Silva,L,178,POR,26.031,174,415,J380,,,Jason Jung,R,180,TPE,31.786,149,500,1-6 6-4 6-3,3,R32,128,3,2,73,51,31,12,13,3,7,2,6,93,61,39,12,13,5,9
2021-9514,Oeiras 1,Clay,32,C,,20210329,15,G09O,,,Hugo Gaston,L,173,FRA,20.504,162,445,BU13,,,Zizou Bergs,R,185,BEL,21.821,329,145,7-6(1) 6-1,3,R32,84,0,2,52,36,31,13,10,0,0,1,2,55,29,18,15,9,2,4
2021-9514,Oeiras 1,Clay,32,C,,20210329,16,V812,,,Botic van de Zandschulp,R,191,NED,25.484,151,492,KB09,,,Denis Kudla,R,180,USA,28.613,123,608,6-4 3-6 7-5,3,R32,174,7,4,103,52,36,26,15,7,11,5,4,121,62,40,27,16,14,19
2021-9514,Oeiras 1,Clay,32,C,,20210329,17,DA31,,,Hugo Dellien,R,180,BOL,27.784,121,629,V708,1,,Jiri Vesely,L,198,CZE,27.718,71,993,6-3 4-3 RET,3,R16,68,3,0,40,31,22,7,8,0,1,0,4,52,22,16,13,8,3,6
2021-9514,Oeiras 1,Clay,32,C,,20210329,18,E698,,,Gastao Elias,R,180,POR,30.344,358,126,CE77,3,,Federico Coria,R,180,ARG,29.054,84,878,6-4 4-6 6-4,3,R16,129,4,5,81,41,30,19,15,1,6,0,7,98,68,41,12,15,7,13
2021-9514,Oeiras 1,Clay,32,C,,20210329,19,BT72,,,Nuno Borges,R,185,POR,24.104,375,117,MO44,4,,Pedro Martinez,R,185,ESP,23.923,93,823,6-2 6-4,3,R16,83,5,3,66,42,29,14,9,6,7,0,7,58,36,23,7,9,4,8
2021-9514,Oeiras 1,Clay,32,C,,20210329,20,BF23,7,,Facundo Bagnis,L,183,ARG,31.083,106,768,SN54,,,Frederico Ferreira Silva,L,178,POR,26.031,174,415,2-6 6-4 6-2,3,R16,141,1,4,84,43,28,14,13,5,11,3,2,87,59,27,15,13,5,12
2021-9514,Oeiras 1,Clay,32,C,,20210329,21,S483,8,,Pedro Sousa,R,180,POR,32.838,111,716,V812,,,Botic van de Zandschulp,R,191,NED,25.484,151,492,6-3 6-2,3,R16,59,2,0,48,37,24,8,8,1,2,1,5,61,37,19,9,9,4,9
2021-9514,Oeiras 1,Clay,32,C,,20210329,22,A0E2,,,Carlos Alcaraz,R,183,ESP,17.9,132,561,N0AE,,,Brandon Nakashima,R,188,USA,19.652,143,524,3-6 6-4 6-4,3,R16,131,1,3,83,59,36,12,14,2,7,3,3,94,57,32,20,15,5,11
2021-9514,Oeiras 1,Clay,32,C,,20210329,23,DA81,,,Taro Daniel,R,191,JPN,28.167,118,647,MD56,,,Leonardo Mayer,R,191,ARG,33.873,150,492,6-3 6-4,3,R16,111,1,3,79,48,34,16,10,7,8,4,11,59,33,25,7,9,3,6
2021-9514,Oeiras 1,Clay,32,C,,20210329,24,G09O,,,Hugo Gaston,L,173,FRA,20.504,162,445,GA36,,,Emilio Gomez,R,185,ECU,29.333,168,424,6-4 6-3,3,R16,81,0,2,46,24,17,14,9,1,3,0,4,59,39,23,6,10,3,8
2021-9514,Oeiras 1,Clay,32,C,,20210329,25,BF23,7,,Facundo Bagnis,L,183,ARG,31.083,106,768,BT72,,,Nuno Borges,R,185,POR,24.104,375,117,6-1 5-7 7-5,3,QF,145,6,3,94,52,41,19,16,3,7,6,0,97,59,39,13,15,6,12
2021-9514,Oeiras 1,Clay,32,C,,20210329,26,G09O,,,Hugo Gaston,L,173,FRA,20.504,162,445,S483,8,,Pedro Sousa,R,180,POR,32.838,111,716,6-3 1-6 6-2,3,QF,90,3,2,75,37,24,25,12,5,7,3,4,75,41,26,20,12,3,6
2021-9514,Oeiras 1,Clay,32,C,,20210329,27,A0E2,,,Carlos Alcaraz,R,183,ESP,17.9,132,561,E698,,,Gastao Elias,R,180,POR,30.344,358,126,7-5 6-4,3,QF,88,1,3,58,36,26,14,11,0,2,4,3,60,33,17,17,11,3,7
2021-9514,Oeiras 1,Clay,32,C,,20210329,28,DA81,,,Taro Daniel,R,191,JPN,28.167,118,647,DA31,,,Hugo Dellien,R,180,BOL,27.784,121,629,6-1 3-6 6-1,3,QF,114,0,1,76,44,30,18,12,3,5,3,1,78,58,32,10,11,8,13
2021-9514,Oeiras 1,Clay,32,C,,20210329,29,BF23,7,,Facundo Bagnis,L,183,ARG,31.083,106,768,G09O,,,Hugo Gaston,L,173,FRA,20.504,162,445,6-0 6-2,3,SF,73,2,4,51,30,20,10,7,6,8,1,3,53,35,14,3,7,5,12
2021-9514,Oeiras 1,Clay,32,C,,20210329,30,A0E2,,,Carlos Alcaraz,R,183,ESP,17.9,132,561,DA81,,,Taro Daniel,R,191,JPN,28.167,118,647,6-2 5-7 6-2,3,SF,155,5,4,91,54,40,17,14,6,9,3,1,114,83,48,12,14,9,15
2021-9514,Oeiras 1,Clay,32,C,,20210329,31,A0E2,,,Carlos Alcaraz,R,183,ESP,17.9,132,561,BF23,7,,Facundo Bagnis,L,183,ARG,31.083,106,768,6-4 6-4,3,F,98,0,2,58,42,30,11,10,4,5,2,4,72,45,32,9,10,3,6
2021-9518,Oeiras 1,,32,C,,20210329,1,TA29,,,Marco Trungelliti,R,178,ARG,31.157,247,256,O449,1,,Oscar Otte,R,193,GER,27.702,154,473,6-3 6-4,3,R32,,1,3,76,37,24,20,10,7,9,4,2,54,28,15,13,9,2,6
2021-9518,Oeiras 1,,32,C,,20210329,2,FC26,,,Evan Furness,R,173,FRA,22.626,340,134,CG94,2,,Enzo Couacaud,R,183,FRA,26.078,185,381,6-4 3-6 7-6(4),3,R32,,0,5,107,78,43,17,16,8,15,5,2,109,50,31,27,15,8,14
2021-9518,Oeiras 1,,32,C,,20210329,3,O340,,,Roberto Ortega-Olmedo,R,168,ESP,29.914,299,181,E873,4,,Ernesto Escobedo,R,185,MEX,24.734,205,343,7-5 6-4,3,R32,,2,1,74,41,27,18,11,7,9,0,4,89,63,38,12,11,9,13
2021-9518,Oeiras 1,,32,C,,20210329,4,MV14,,,Alex Molcan,L,178,SVK,23.324,279,211,CC66,5,,Andrea Collarini,L,183,ARG,29.158,215,316,3-6 6-3 7-5,3,R32,,3,3,123,72,41,25,15,19,25,2,7,94,52,33,17,15,9,16
2021-9518,Oeiras 1,,32,C,,20210329,5,BV24,,,Raul Brancaccio,R,183,ITA,23.901,362,125,BT68,6,,Elliot Benchetrit,R,193,MAR,22.489,240,264,6-3 6-1,3,R32,,3,1,38,20,17,9,8,1,3,3,2,69,37,16,15,8,6,12
2021-9518,Oeiras 1,,32,C,,20210329,6,MP83,7,,Gian Marco Moroni,R,185,ITA,23.121,241,263,V717,,,Alexey Vatutin,R,178,RUS,28.419,263,229,6-4 6-3,3,R32,,3,5,58,34,20,8,10,1,7,0,2,73,51,21,8,9,11,19
2021-9518,Oeiras 1,,32,C,,20210329,7,KH56,8,,Zdenek Kolar,R,183,CZE,24.468,246,257,BT72,,,Nuno Borges,R,185,POR,24.104,375,117,2-6 7-6(6) 6-1,3,R32,,4,3,102,55,37,25,14,7,10,4,3,82,47,32,19,13,3,6
2021-9518,Oeiras 1,,32,C,,20210329,8,BI47,,,Riccardo Bonadio,R,180,ITA,27.71,289,193,U120,,,Kaichi Uchida,R,180,JPN,26.598,325,151,3-6 6-4 7-6(3),3,R32,,3,4,97,64,41,16,16,5,11,3,1,92,50,30,23,15,7,12
2021-9518,Oeiras 1,,32,C,,20210329,9,CN88,,,Tiago Cacao,R,185,PRT,23.08,558,57,LE01,,,Duckhee Lee,R,170,KOR,22.834,291,185,6-3 6-4,3,R32,,,,,,,,,,,,,,,,,,,
2021-9518,Oeiras 1,,32,C,,20210329,10,E698,,,Gastao Elias,R,180,POR,30.344,358,126,T0AP,,,Chun-Hsin Tseng,R,175,TPE,19.639,286,202,6-3 2-6 6-4,3,R32,,6,1,103,56,33,25,14,4,8,0,3,89,56,34,14,13,3,7
2021-9518,Oeiras 1,,32,C,,20210329,11,KI74,,,Nicola Kuhn,R,185,GER,21.024,250,248,G681,,,Teymuraz Gabashvili,R,185,GEO,35.849,258,240,6-3 6-3,3,R32,,1,3,56,30,23,14,9,2,3,1,2,64,35,25,9,9,10,14
2021-9518,Oeiras 1,,32,C,,20210329,12,MO55,,,Lucas Miedler,R,183,AUT,24.769,290,186,BJ05,,,Harry Bourchier,R,185,AUS,25.177,328,145,7-5 6-4,3,R32,,4,1,67,37,28,18,11,3,4,5,2,61,41,31,10,11,3,6
2021-9518,Oeiras 1,,32,C,,20210329,13,MJ71,,,Mats Moraing,L,198,GER,28.772,272,222,CL84,,,Francisco Cabral,R,191,POR,24.219,1015,11,6-2 6-7(5) 6-2,3,R32,,4,2,83,45,36,21,14,3,5,7,2,104,56,33,25,14,9,15
2021-9518,Oeiras 1,,32,C,,20210329,14,O482,,,Gonzalo Oliveira,L,185,VEN,26.111,296,182,Y171,,,Denis Yevseyev,R,188,KAZ,27.852,388,113,6-1 6-2,3,R32,,,,,,,,,,,,,,,,,,,
2021-9518,Oeiras 1,,32,C,,20210329,15,SP80,,,Nino Serdarusic,R,191,CRO,24.29,305,172,FC42,,,Luis Faria,R,178,PRT,21.697,827,21,6-3 6-3,3,R32,,2,2,54,34,25,11,9,2,3,1,1,55,29,19,11,9,4,8
2021-9518,Oeiras 1,,32,C,,20210329,16,SF36,,,Igor Sijsling,R,191,NED,33.613,302,178,GH33,,,Manuel Guinard,R,198,FRA,25.369,319,158,6-1 7-5,3,R32,,2,1,53,29,20,13,9,2,4,3,3,66,30,16,14,10,7,13
2021-9518,Oeiras 1,,32,C,,20210329,17,SF36,,,Igor Sijsling,R,191,NED,33.613,302,178,MP83,7,,Gian Marco Moroni,R,185,ITA,23.121,241,263,6-2 6-2,3,R16,,0,2,66,36,26,17,8,5,5,1,6,59,37,20,9,8,4,8
2021-9518,Oeiras 1,,32,C,,20210329,18,KH56,8,,Zdenek Kolar,R,183,CZE,24.468,246,257,MO55,,,Lucas Miedler,R,183,AUT,24.769,290,186,6-1 6-1,3,R16,,2,1,50,30,20,14,7,4,4,1,1,43,22,12,6,7,3,8
2021-9518,Oeiras 1,,32,C,,20210329,19,BV24,,,Raul Brancaccio,R,183,ITA,23.901,362,125,KI74,,,Nicola Kuhn,R,185,GER,21.024,250,248,6-1 6-2,3,R16,,3,1,53,32,26,12,8,4,4,1,1,49,34,17,6,7,6,10
2021-9518,Oeiras 1,,32,C,,20210329,20,CN88,,,Tiago Cacao,R,185,PRT,23.08,558,57,MJ71,,,Mats Moraing,L,198,GER,28.772,272,222,4-6 6-2 7-5,3,R16,,2,4,87,56,38,19,15,4,7,9,6,107,57,40,20,15,10,15
2021-9518,Oeiras 1,,32,C,,20210329,21,E698,,,Gastao Elias,R,180,POR,30.344,358,126,O340,,,Roberto Ortega-Olmedo,R,168,ESP,29.914,299,181,3-6 6-1 6-3,3,R16,,0,4,86,49,25,22,12,5,9,0,3,83,47,24,17,13,5,12
2021-9518,Oeiras 1,,32,C,,20210329,22,FC26,,,Evan Furness,R,173,FRA,22.626,340,134,BI47,,,Riccardo Bonadio,R,180,ITA,27.71,289,193,4-6 6-3 6-4,3,R16,,2,6,95,62,36,15,15,10,17,0,1,90,53,26,17,14,6,14
2021-9518,Oeiras 1,,32,C,,20210329,23,MV14,,,Alex Molcan,L,178,SVK,23.324,279,211,SP80,,,Nino Serdarusic,R,191,CRO,24.29,305,172,6-4 6-2,3,R16,,1,1,56,33,22,16,9,1,2,3,4,78,44,29,11,9,15,19
2021-9518,Oeiras 1,,32,C,,20210329,24,TA29,,,Marco Trungelliti,R,178,ARG,31.157,247,256,O482,,,Gonzalo Oliveira,L,185,VEN,26.111,296,182,6-1 6-3,3,R16,,,,,,,,,,,,,,,,,,,
2021-9518,Oeiras 1,,32,C,,20210329,25,KH56,8,,Zdenek Kolar,R,183,CZE,24.468,246,257,CN88,,,Tiago Cacao,R,185,PRT,23.08,558,57,6-3 6-2,3,QF,,2,2,76,58,36,8,9,5,8,0,1,50,32,13,6,8,5,11
2021-9518,Oeiras 1,,32,C,,20210329,26,E698,,,Gastao Elias,R,180,POR,30.344,358,126,MV14,,,Alex Molcan,L,178,SVK,23.324,279,211,6-2 7-5,3,QF,,0,2,64,34,22,18,10,2,4,0,3,68,48,24,9,10,5,10
2021-9518,Oeiras 1,,32,C,,20210329,27,FC26,,,Evan Furness,R,173,FRA,22.626,340,134,BV24,,,Raul Brancaccio,R,183,ITA,23.901,362,125,6-1 1-6 6-4,3,QF,,1,3,79,56,32,15,12,9,13,1,1,77,49,28,13,12,3,8
2021-9518,Oeiras 1,,32,C,,20210329,28,TA29,,,Marco Trungelliti,R,178,ARG,31.157,247,256,SF36,,,Igor Sijsling,R,191,NED,33.613,302,178,6-3 6-4,3,QF,,4,2,56,33,24,17,10,4,5,0,3,49,27,20,8,9,3,6
2021-9518,Oeiras 1,,32,C,,20210329,29,KH56,8,,Zdenek Kolar,R,183,CZE,24.468,246,257,TA29,,,Marco Trungelliti,R,178,ARG,31.157,247,256,6-3 6-2,3,SF,,0,1,45,24,18,12,8,0,1,1,3,54,27,16,10,9,3,8
2021-9518,Oeiras 1,,32,C,,20210329,30,E698,,,Gastao Elias,R,180,POR,30.344,358,126,FC26,,,Evan Furness,R,173,FRA,22.626,340,134,6-3 7-5,3,SF,,1,2,80,55,35,12,10,8,10,0,4,83,51,27,15,11,10,15
2021-9518,Oeiras 1,,32,C,,20210329,31,KH56,8,,Zdenek Kolar,R,183,CZE,24.468,246,257,E698,,,Gastao Elias,R,180,POR,30.344,358,126,6-4 7-5,3,F,,0,3,68,37,26,15,11,2,5,0,2,70,44,29,9,11,4,9
2021-8388,Split 1,Clay,32,C,,20210411,1,Z09D,,,Kacper Zuk,R,183,POL,22.22,221,302,S483,1,,Pedro Sousa,R,180,POR,32.873,113,711,1-2 RET,3,R32,12,1,0,14,7,5,2,2,3,4,0,0,7,6,3,1,1,0,0
2021-8388,Split 1,Clay,32,C,,20210411,2,H756,,,Robin Haase,R,191,NED,34.015,193,361,PG94,2,,Marc Polmans,R,188,AUS,23.943,149,498,6-3 4-6 7-6(4),3,R32,146,6,4,111,71,50,20,16,7,10,10,1,90,66,46,12,15,6,9
2021-8388,Split 1,Clay,32,C,,20210411,3,CC66,,,Andrea Collarini,L,183,ARG,29.194,213,316,O513,3,,Sebastian Ofner,R,191,AUT,24.914,157,469,6-4 6-4,3,R32,98,3,3,60,45,34,8,10,3,4,2,2,67,38,24,13,10,4,7
2021-8388,Split 1,Clay,32,C,,20210411,4,K834,,,Blaz Kavcic,R,188,SLO,34.103,238,270,SK47,4,,Mohamed Safwat,R,180,EGY,30.56,160,456,6-3 6-3,3,R32,86,1,0,51,39,23,7,9,2,5,0,2,53,23,14,10,9,4,10
2021-8388,Split 1,Clay,32,C,,20210411,5,PE02,5,,Danilo Petrovic,R,203,SRB,29.213,161,455,R685,,,Lukas Rosol,R,193,CZE,35.715,183,385,6-1 6-3,3,R32,53,5,3,40,26,25,7,8,0,0,2,2,59,35,21,9,8,4,8
2021-8388,Split 1,Clay,32,C,,20210411,6,RA51,6,,Blaz Rola,L,193,SLO,30.516,165,437,PG20,,,Dmitry Popko,R,191,KAZ,24.463,179,396,6-3 6-4,3,R32,99,2,2,66,39,33,14,10,3,3,5,2,64,40,26,12,9,3,5
2021-8388,Split 1,Clay,32,C,,20210411,7,CG33,7,,Kimmer Coppejans,R,178,BEL,27.173,168,420,TA46,,,Bernard Tomic,R,196,AUS,28.471,211,325,6-2 4-6 6-3,3,R32,118,4,2,85,59,39,16,14,7,9,7,0,88,53,35,15,13,12,16
2021-8388,Split 1,Clay,32,C,,20210411,8,KD46,,,Thanasi Kokkinakis,R,193,AUS,25.002,224,299,HA28,8,,Filip Horansky,R,191,SVK,28.257,175,413,3-6 6-4 6-4,3,R32,145,2,3,100,69,49,15,15,6,9,2,4,87,51,32,23,14,8,11
2021-8388,Split 1,Clay,32,C,,20210411,9,A0CJ,,,Duje Ajdukovic,R,188,CRO,20.178,308,167,BA65,,,Dustin Brown,R,196,JAM,36.339,293,187,2-6 6-4 7-5,3,R32,100,7,2,92,51,38,20,15,4,8,1,0,84,65,39,12,15,2,6
2021-8388,Split 1,Clay,32,C,,20210411,10,BE67,,,Mirza Basic,R,188,BIH,29.749,301,177,I306,,,Cem Ilkel,R,185,TUR,25.64,212,324,7-6(4) 6-3,3,R32,111,5,0,80,57,43,13,11,7,7,2,2,71,46,32,13,10,5,6
2021-8388,Split 1,Clay,32,C,,20210411,11,I236,,,Uladzimir Ignatik,R,183,BLR,30.743,353,129,BI81,,,Alex Bolt,L,183,AUS,28.263,185,380,6-4 6-2,3,R32,73,2,1,47,34,26,9,9,2,3,2,0,59,40,20,11,9,5,9
2021-8388,Split 1,Clay,32,C,,20210411,12,KH56,,,Zdenek Kolar,R,183,CZE,24.504,223,300,SQ80,,,Akira Santillan,R,180,AUS,23.888,263,235,6-2 5-0 RET,3,R32,62,0,0,31,25,20,5,6,1,1,1,2,66,47,24,7,7,8,13
2021-8388,Split 1,Clay,32,C,,20210411,13,MN13,,,Maximilian Marterer,L,188,GER,25.823,214,315,D985,,,Joao Domingues,R,,POR,27.515,189,371,7-5 6-3,3,R32,96,0,0,59,49,28,7,11,4,8,0,2,65,40,22,9,10,3,9
2021-8388,Split 1,Clay,32,C,,20210411,14,SP80,,,Nino Serdarusic,R,191,CRO,24.326,304,172,CI14,,,Jay Clarke,R,183,GBR,22.708,205,341,7-6(1) 6-0,3,R32,80,4,1,58,39,31,8,9,0,1,1,3,56,32,19,9,9,1,5
2021-8388,Split 1,Clay,32,C,,20210411,15,V832,,,Aleksandar Vukic,R,188,AUS,25.013,207,335,P0GQ,,,Mili Poljicak,R,185,CRO,16.745,1844,1,6-1 6-1,3,R32,50,2,2,40,29,21,6,7,0,1,0,2,41,22,8,5,7,2,8
2021-8388,Split 1,Clay,32,C,,20210411,16,Y218,,,Elias Ymer,R,185,SWE,25.002,208,331,MP20,,,Alexandre Muller,R,183,FRA,24.189,195,358,6-0 6-4,3,R32,73,1,0,46,23,19,13,8,1,2,1,0,50,35,20,3,8,3,8
2021-8388,Split 1,Clay,32,C,,20210411,17,PE02,5,,Danilo Petrovic,R,203,SRB,29.213,161,455,MN13,,,Maximilian Marterer,L,188,GER,25.823,214,315,6-1 6-3,3,R16,68,5,2,53,35,25,9,8,1,2,3,1,56,46,23,4,8,4,9
2021-8388,Split 1,Clay,32,C,,20210411,18,RA51,6,,Blaz Rola,L,193,SLO,30.516,165,437,A0CJ,,,Duje Ajdukovic,R,188,CRO,20.178,308,167,6-1 7-5,3,R16,112,3,5,75,44,35,13,10,3,4,0,1,69,38,21,16,9,5,9
2021-8388,Split 1,Clay,32,C,,20210411,19,V832,,,Aleksandar Vukic,R,188,AUS,25.013,207,335,CG33,7,,Kimmer Coppejans,R,178,BEL,27.173,168,420,2-6 6-4 6-4,3,R16,130,8,1,91,46,34,23,14,11,14,0,0,83,53,34,19,14,4,7
2021-8388,Split 1,Clay,32,C,,20210411,20,BE67,,,Mirza Basic,R,188,BIH,29.749,301,177,H756,,,Robin Haase,R,191,NED,34.015,193,361,7-6(4) 6-3,3,R16,106,1,1,88,50,34,23,11,10,12,4,4,63,35,26,15,10,2,5
2021-8388,Split 1,Clay,32,C,,20210411,21,CC66,,,Andrea Collarini,L,183,ARG,29.194,213,316,I236,,,Uladzimir Ignatik,R,183,BLR,30.743,353,129,2-6 6-2 6-1,3,R16,124,2,3,71,47,32,7,11,4,8,3,0,76,64,31,5,12,3,10
2021-8388,Split 1,Clay,32,C,,20210411,22,K834,,,Blaz Kavcic,R,188,SLO,34.103,238,270,Y218,,,Elias Ymer,R,185,SWE,25.002,208,331,4-6 7-6(7) 6-4,3,R16,198,0,2,120,86,48,21,16,11,16,5,3,110,64,37,27,16,6,11
2021-8388,Split 1,Clay,32,C,,20210411,23,KD46,,,Thanasi Kokkinakis,R,193,AUS,25.002,224,299,KH56,,,Zdenek Kolar,R,183,CZE,24.504,223,300,7-6(3) 6-1,3,R16,100,7,1,67,44,35,15,10,3,3,0,4,56,39,27,8,9,3,5
2021-8388,Split 1,Clay,32,C,,20210411,24,Z09D,,,Kacper Zuk,R,183,POL,22.22,221,302,SP80,,,Nino Serdarusic,R,191,CRO,24.326,304,172,6-4 6-2,3,R16,73,3,1,61,45,34,8,9,3,3,1,2,52,34,25,6,9,3,6
2021-8388,Split 1,Clay,32,C,,20210411,25,CC66,,,Andrea Collarini,L,183,ARG,29.194,213,316,PE02,5,,Danilo Petrovic,R,203,SRB,29.213,161,455,6-2 6-3,3,QF,81,2,2,50,32,25,10,8,1,1,2,3,67,38,23,11,9,3,7
2021-8388,Split 1,Clay,32,C,,20210411,26,RA51,6,,Blaz Rola,L,193,SLO,30.516,165,437,BE67,,,Mirza Basic,R,188,BIH,29.749,301,177,6-2 6-4,3,QF,89,5,0,59,38,27,11,9,4,5,2,0,74,49,28,11,9,8,12
2021-8388,Split 1,Clay,32,C,,20210411,27,K834,,,Blaz Kavcic,R,188,SLO,34.103,238,270,V832,,,Aleksandar Vukic,R,188,AUS,25.013,207,335,4-6 6-2 6-2,3,QF,150,4,2,94,64,46,14,13,4,6,6,6,98,41,26,27,13,9,14
2021-8388,Split 1,Clay,32,C,,20210411,28,Z09D,,,Kacper Zuk,R,183,POL,22.22,221,302,KD46,,,Thanasi Kokkinakis,R,193,AUS,25.002,224,299,7-6(6) 6-3,3,QF,104,5,1,70,44,33,14,10,4,5,6,1,69,44,32,11,11,1,4
2021-8388,Split 1,Clay,32,C,,20210411,29,RA51,6,,Blaz Rola,L,193,SLO,30.516,165,437,CC66,,,Andrea Collarini,L,183,ARG,29.194,213,316,7-6(3) 6-7(3) 6-4,3,SF,194,9,3,115,82,56,18,17,6,10,4,4,130,72,42,37,17,10,15
2021-8388,Split 1,Clay,32,C,,20210411,30,K834,,,Blaz Kavcic,R,188,SLO,34.103,238,270,Z09D,,,Kacper Zuk,R,183,POL,22.22,221,302,2-6 6-3 6-2,3,SF,103,5,1,77,54,36,12,13,5,8,3,1,71,47,29,14,12,4,8
2021-8388,Split 1,Clay,32,C,,20210411,31,RA51,6,,Blaz Rola,L,193,SLO,30.516,165,437,K834,,,Blaz Kavcic,R,188,SLO,34.103,238,270,2-6 6-3 6-2,3,F,133,5,1,91,62,39,15,13,6,9,1,1,72,53,31,11,12,5,9
2021-9477,Split 1,Clay,33,C,,20210411,1,CG04,,,Pedro Cachin,R,185,ARG,25.999,336,141,BK24,1,,Gregoire Barrere,R,183,FRA,27.149,116,662,6-3 6-3,3,R32,88,2,1,60,39,27,8,9,2,5,1,2,82,47,20,18,9,13,19
2021-9477,Split 1,Clay,33,C,,20210411,2,KH56,,,Zdenek Kolar,R,183,CZE,24.504,223,300,PG94,2,,Marc Polmans,R,188,AUS,23.943,149,498,6-2 6-2,3,R32,70,2,1,42,30,25,8,8,0,0,0,5,54,35,20,7,8,1,5
2021-9477,Split 1,Clay,33,C,,20210411,3,G09O,3,,Hugo Gaston,L,173,FRA,20.539,158,465,KI63,,,Lukas Klein,R,193,SVK,23.055,266,234,6-3 3-6 6-3,3,R32,111,2,2,112,69,41,26,14,8,10,3,4,72,52,38,9,13,2,5
2021-9477,Split 1,Clay,33,C,,20210411,4,BK19,,,Mathias Bourgue,R,188,FRA,27.228,215,315,SK47,4,,Mohamed Safwat,R,180,EGY,30.56,160,456,3-6 6-2 6-4,3,R32,136,3,1,90,73,50,5,14,8,11,3,2,95,60,42,13,13,7,11
2021-9477,Split 1,Clay,33,C,,20210411,5,SP80,,,Nino Serdarusic,R,191,CRO,24.326,304,172,CG33,5,,Kimmer Coppejans,R,178,BEL,27.173,168,420,6-3 6-4,3,R32,92,4,2,64,38,32,14,10,3,3,1,2,63,47,30,7,9,3,5
2021-9477,Split 1,Clay,33,C,,20210411,6,CC66,,,Andrea Collarini,L,183,ARG,29.194,213,316,GA79,6,,Lorenzo Giustino,R,180,ITA,29.585,169,419,6-4 6-4,3,R32,100,1,3,56,39,32,9,10,0,0,1,1,63,44,30,9,10,4,6
2021-9477,Split 1,Clay,33,C,,20210411,7,HA28,7,,Filip Horansky,R,191,SVK,28.257,175,413,BA65,,,Dustin Brown,R,196,JAM,36.339,293,187,7-5 6-2,3,R32,66,2,2,62,33,21,18,10,4,6,1,1,53,29,16,12,10,2,7
2021-9477,Split 1,Clay,33,C,,20210411,8,MN13,,,Maximilian Marterer,L,188,GER,25.823,214,315,D916,8,,Steven Diez,R,175,CAN,30.07,177,406,6-3 7-5,3,R32,87,7,0,67,44,31,12,11,5,7,0,1,54,37,20,10,10,4,8
2021-9477,Split 1,Clay,33,C,,20210411,9,BE67,,,Mirza Basic,R,188,BIH,29.749,301,177,I165,,,Denis Istomin,R,185,UZB,34.593,201,348,6-3 6-1,3,R32,61,1,0,40,27,21,11,8,0,0,4,3,47,28,19,5,8,3,7
2021-9477,Split 1,Clay,33,C,,20210411,10,D985,,,Joao Domingues,R,,POR,27.515,189,371,BI81,,,Alex Bolt,L,183,AUS,28.263,185,380,6-1 6-3,3,R32,60,4,1,42,29,23,9,8,0,0,2,0,50,36,18,7,8,5,9
2021-9477,Split 1,Clay,33,C,,20210411,11,HB64,,,Quentin Halys,R,191,FRA,24.457,209,330,MN20,,,Daniel Masur,R,183,GER,26.428,210,330,6-3 6-2,3,R32,61,2,1,47,31,25,9,9,0,1,0,1,44,32,17,6,8,1,5
2021-9477,Split 1,Clay,33,C,,20210411,12,I306,,,Cem Ilkel,R,185,TUR,25.64,212,324,CG94,,,Enzo Couacaud,R,183,FRA,26.114,186,380,6-2 7-6(4),3,R32,91,2,2,64,42,33,11,10,0,1,7,0,67,41,25,16,10,1,4
2021-9477,Split 1,Clay,33,C,,20210411,13,KD46,,,Thanasi Kokkinakis,R,193,AUS,25.002,224,299,A0CJ,,,Duje Ajdukovic,R,188,CRO,20.178,308,167,6-4 5-7 6-3,3,R32,134,7,1,81,58,42,10,15,3,7,2,4,109,65,38,20,16,7,13
2021-9477,Split 1,Clay,33,C,,20210411,14,V832,,,Aleksandar Vukic,R,188,AUS,25.013,207,335,KD14,,,Duje Kekez,R,183,CRO,28.033,889,17,6-2 7-6(4),3,R32,93,2,2,65,33,27,21,10,0,0,4,6,72,45,30,13,10,4,6
2021-9477,Split 1,Clay,33,C,,20210411,15,Y218,,,Elias Ymer,R,185,SWE,25.002,208,331,MP20,,,Alexandre Muller,R,183,FRA,24.189,195,358,7-5 6-4,3,R32,115,4,4,76,46,33,9,11,5,9,1,3,80,49,27,13,11,10,16
2021-9477,Split 1,Clay,33,C,,20210411,16,Z09D,,,Kacper Zuk,R,183,POL,22.22,221,302,R685,,,Lukas Rosol,R,193,CZE,35.715,183,385,6-4 7-6(4),3,R32,83,5,3,69,46,35,13,11,3,5,4,2,76,51,32,12,11,2,5
2021-9477,Split 1,Clay,33,C,,20210411,17,I306,,,Cem Ilkel,R,185,TUR,25.64,212,324,G09O,3,,Hugo Gaston,L,173,FRA,20.539,158,465,2-6 6-3 7-6(7),3,R16,148,1,2,98,64,43,21,15,8,12,1,1,116,74,50,21,14,13,16
2021-9477,Split 1,Clay,33,C,,20210411,18,KD46,,,Thanasi Kokkinakis,R,193,AUS,25.002,224,299,HA28,7,,Filip Horansky,R,191,SVK,28.257,175,413,6-1 6-2,3,R16,63,2,0,42,25,15,11,7,4,6,3,2,49,32,16,2,8,4,11
2021-9477,Split 1,Clay,33,C,,20210411,19,BE67,,,Mirza Basic,R,188,BIH,29.749,301,177,CC66,,,Andrea Collarini,L,183,ARG,29.194,213,316,6-4 6-4,3,R16,131,1,1,87,58,35,11,12,2,7,3,1,78,47,28,14,13,4,10
2021-9477,Split 1,Clay,33,C,,20210411,20,BE67,,,Mirza Basic,R,188,BIH,29.749,301,177,CC66,,,Andrea Collarini,L,183,ARG,29.194,213,316,6-4 6-4,3,R16,98,2,2,56,30,22,15,10,3,5,3,1,69,41,22,16,10,11,15
2021-9477,Split 1,Clay,33,C,,20210411,21,BK19,,,Mathias Bourgue,R,188,FRA,27.228,215,315,D985,,,Joao Domingues,R,,POR,27.515,189,371,6-3 6-4,3,R16,87,1,1,56,38,27,10,10,0,1,0,4,56,37,26,7,9,2,5
2021-9477,Split 1,Clay,33,C,,20210411,22,HB64,,,Quentin Halys,R,191,FRA,24.457,209,330,CG04,,,Pedro Cachin,R,185,ARG,25.999,336,141,6-2 7-6(2),3,R16,92,5,5,70,46,37,9,10,2,4,2,1,66,44,25,11,10,2,6
2021-9477,Split 1,Clay,33,C,,20210411,23,V832,,,Aleksandar Vukic,R,188,AUS,25.013,207,335,KH56,,,Zdenek Kolar,R,183,CZE,24.504,223,300,7-6(5) 6-4,3,R16,108,2,2,72,41,30,14,11,3,6,1,0,78,61,33,13,11,9,13
2021-9477,Split 1,Clay,33,C,,20210411,24,Y218,,,Elias Ymer,R,185,SWE,25.002,208,331,SP80,,,Nino Serdarusic,R,191,CRO,24.326,304,172,7-6(2) 5-7 6-3,3,R16,158,3,1,117,76,48,22,17,7,12,5,3,98,64,42,15,16,5,10
2021-9477,Split 1,Clay,33,C,,20210411,25,Z09D,,,Kacper Zuk,R,183,POL,22.22,221,302,MN13,,,Maximilian Marterer,L,188,GER,25.823,214,315,6-4 7-6(4),3,R16,94,1,4,71,46,36,17,11,3,3,3,2,66,50,38,6,11,2,3
2021-9477,Split 1,Clay,33,C,,20210411,26,BK19,,,Mathias Bourgue,R,188,FRA,27.228,215,315,BE67,,,Mirza Basic,R,188,BIH,29.749,301,177,6-4 1-6 7-5,3,QF,139,0,3,97,65,40,12,15,7,13,2,1,88,48,33,19,14,5,10
2021-9477,Split 1,Clay,33,C,,20210411,27,HB64,,,Quentin Halys,R,191,FRA,24.457,209,330,KD46,,,Thanasi Kokkinakis,R,193,AUS,25.002,224,299,6-3 7-6(2),3,QF,91,4,3,73,54,42,10,11,3,4,0,1,60,38,28,11,10,4,6
2021-9477,Split 1,Clay,33,C,,20210411,28,Y218,,,Elias Ymer,R,185,SWE,25.002,208,331,I306,,,Cem Ilkel,R,185,TUR,25.64,212,324,6-3 6-4,3,QF,98,2,1,70,41,30,17,10,3,3,0,3,59,27,19,17,9,6,8
2021-9477,Split 1,Clay,33,C,,20210411,29,Z09D,,,Kacper Zuk,R,183,POL,22.22,221,302,V832,,,Aleksandar Vukic,R,188,AUS,25.013,207,335,6-4 6-1,3,QF,64,4,3,48,27,23,12,9,3,4,3,2,58,36,21,7,8,4,8
2021-9477,Split 1,Clay,33,C,,20210411,30,BK19,,,Mathias Bourgue,R,188,FRA,27.228,215,315,HB64,,,Quentin Halys,R,191,FRA,24.457,209,330,7-6(8) RET,3,SF,68,3,0,47,32,21,9,6,1,2,3,2,39,27,19,7,6,2,3
2021-9477,Split 1,Clay,33,C,,20210411,31,Z09D,,,Kacper Zuk,R,183,POL,22.22,221,302,Y218,,,Elias Ymer,R,185,SWE,25.002,208,331,6-7(5) 6-0 6-1,3,SF,114,4,2,82,49,26,23,13,2,5,4,2,76,45,20,13,12,2,10
2021-9477,Split 1,Clay,33,C,,20210411,32,Z09D,,,Kacper Zuk,R,183,POL,22.22,221,302,BK19,,,Mathias Bourgue,R,188,FRA,27.228,215,315,6-4 6-2,3,F,86,3,4,60,35,24,14,9,5,6,2,1,65,44,24,11,9,3,7
2021-9152,Orlando,Hard,32,C,,20210418,1,E865,,,Christopher Eubanks,R,201,USA,24.953,233,278,J386,1,,Steve Johnson,R,188,USA,31.316,85,895,6-1 7-6(3),3,R32,87,15,4,70,38,29,15,10,4,6,4,3,57,38,24,7,9,2,6
2021-9152,Orlando,Hard,32,C,,20210418,2,U134,2,,Yasutaka Uchiyama,R,183,JPN,28.701,108,735,PB22,,,Peter Polansky,R,183,CAN,32.841,235,277,6-3 3-6 6-4,3,R32,144,10,3,88,55,40,21,14,6,7,6,6,96,43,31,30,14,9,11
2021-9152,Orlando,Hard,32,C,,20210418,3,HB05,,,Christian Harrison,R,180,USA,26.888,327,152,MK66,3,,Mackenzie McDonald,R,178,USA,26.007,119,641,7-5 6-3,3,R32,109,2,3,77,48,35,14,10,7,8,1,2,72,47,28,13,11,5,9
2021-9152,Orlando,Hard,32,C,,20210418,4,SX91,4,,Thiago Seyboth Wild,R,185,BRA,21.106,123,629,MJ98,,,Facundo Mena,R,183,ARG,28.569,262,236,6-2 6-0,3,R32,67,3,2,40,25,18,11,7,0,0,3,6,49,23,15,7,7,5,10
2021-9152,Orlando,Hard,32,C,,20210418,5,KB09,5,,Denis Kudla,R,180,USA,28.668,124,623,MN70,,,Joao Menezes,R,185,BRA,24.334,197,353,6-2 6-2,3,R32,69,4,1,50,31,24,9,8,6,7,0,1,41,30,14,5,8,1,6
2021-9152,Orlando,Hard,32,C,,20210418,6,GA94,6,,Prajnesh Gunneswaran,L,188,IND,31.431,138,533,E690,,,Matthew Ebden,R,188,AUS,33.394,228,292,6-4 6-1,3,R32,75,3,2,53,29,18,15,8,1,2,2,8,56,22,14,12,9,5,10
2021-9152,Orlando,Hard,32,C,,20210418,7,B0CD,,,Jenson Brooksby,R,193,USA,20.476,232,281,J380,7,,Jason Jung,R,180,TPE,31.841,151,488,6-1 6-4,3,R32,98,1,2,67,44,29,16,9,2,2,1,4,63,40,26,8,8,8,11
2021-9152,Orlando,Hard,32,C,,20210418,8,SP24,,,Brayden Schnur,R,193,CAN,25.791,223,302,TE30,8,,Alejandro Tabilo,L,188,CHI,23.877,163,450,6-2 6-2,3,R32,81,6,1,54,33,29,9,8,2,2,1,5,51,21,14,12,8,2,6
2021-9152,Orlando,Hard,32,C,,20210418,9,CH05,,,Altug Celikbilek,R,183,TUR,24.611,251,247,KD35,,,Thai-Son Kwiatkowski,R,188,USA,26.177,227,293,6-2 6-3,3,R32,79,7,7,59,25,20,15,9,5,7,3,8,53,19,12,13,8,4,9
2021-9152,Orlando,Hard,32,C,,20210418,10,CF88,,,Roberto Cid Subervi,R,193,DOM,27.633,248,259,TC12,,,Mikael Torpegaard,R,193,DEN,26.946,191,363,7-6(2) 6-3,3,R32,121,3,6,79,40,26,20,11,2,5,1,5,61,31,22,11,10,1,5
2021-9152,Orlando,Hard,32,C,,20210418,11,F811,,,Bjorn Fratangelo,R,183,USA,27.748,221,310,GA36,,,Emilio Gomez,R,185,ECU,29.388,183,388,3-6 6-4 6-1,3,R32,127,8,3,92,56,37,18,13,9,12,3,6,78,43,28,17,13,2,7
2021-9152,Orlando,Hard,32,C,,20210418,12,K0EQ,,,Zane Khan,R,185,USA,19.181,615,46,KB14,,,Kevin King,L,191,USA,30.136,315,161,6-3 1-6 6-1,3,R32,129,9,4,74,44,32,12,12,2,6,9,5,85,50,27,16,11,3,8
2021-9152,Orlando,Hard,32,C,,20210418,13,K0AZ,,,Aleksandar Kovacevic,R,183,USA,22.637,431,94,Q941,,,Roberto Quiroz,L,193,ECU,29.15,273,222,6-1 5-7 6-4,3,R32,130,6,4,87,44,32,26,15,1,3,7,2,89,62,41,13,14,4,8
2021-9152,Orlando,Hard,32,C,,20210418,14,MP01,,,Michael Mmoh,R,188,USA,23.269,181,393,D0DT,,,Martin Damm,L,203,USA,17.55,746,28,6-4 4-6 6-1,3,R32,119,12,3,77,49,41,15,14,3,4,1,1,76,40,29,18,13,2,5
2021-9152,Orlando,Hard,32,C,,20210418,15,SM25,,,Jack Sock,R,191,USA,28.564,257,241,WB08,,,Yosuke Watanuki,R,180,JPN,23.017,264,234,6-1 6-1,3,R32,67,2,3,38,21,17,13,7,1,1,1,4,51,31,16,5,7,7,12
2021-9152,Orlando,Hard,32,C,,20210418,16,V942,,,Tim van Rijthoven,R,188,NED,23.984,312,166,KC12,,,Mitchell Krueger,R,188,USA,27.264,202,340,6-3 6-4,3,R32,86,11,3,50,32,29,11,10,0,0,3,3,65,45,29,9,9,1,3
2021-9152,Orlando,Hard,32,C,,20210418,17,K0EQ,,,Zane Khan,R,185,USA,19.181,615,46,U134,2,,Yasutaka Uchiyama,R,183,JPN,28.701,108,735,7-6(5) 7-6(5),3,R16,136,6,4,83,48,36,18,12,3,5,13,3,82,37,27,25,12,0,2
2021-9152,Orlando,Hard,32,C,,20210418,18,CF88,,,Roberto Cid Subervi,R,193,DOM,27.633,248,259,SX91,4,,Thiago Seyboth Wild,R,185,BRA,21.106,123,629,7-6(2) 6-2,3,R16,130,1,4,78,38,23,23,10,10,13,2,2,57,31,21,9,10,2,7
2021-9152,Orlando,Hard,32,C,,20210418,19,KB09,5,,Denis Kudla,R,180,USA,28.668,124,623,V942,,,Tim van Rijthoven,R,188,NED,23.984,312,166,5-7 6-2 7-5,3,R16,136,5,5,82,49,37,20,16,0,3,13,3,94,55,36,19,16,5,10
2021-9152,Orlando,Hard,32,C,,20210418,20,SM25,,,Jack Sock,R,191,USA,28.564,257,241,GA94,6,,Prajnesh Gunneswaran,L,188,IND,31.431,138,533,6-3 6-4,3,R16,90,3,5,57,26,23,13,10,2,4,2,6,53,33,22,6,9,1,5
2021-9152,Orlando,Hard,32,C,,20210418,21,B0CD,,,Jenson Brooksby,R,193,USA,20.476,232,281,CH05,,,Altug Celikbilek,R,183,TUR,24.611,251,247,6-3 6-1,3,R16,75,3,0,50,32,25,9,8,4,5,5,9,52,24,15,9,8,4,9
2021-9152,Orlando,Hard,32,C,,20210418,22,HB05,,,Christian Harrison,R,180,USA,26.888,327,152,K0AZ,,,Aleksandar Kovacevic,R,183,USA,22.637,431,94,6-4 6-3,3,R16,78,3,0,54,37,28,11,9,1,1,3,2,53,27,20,12,10,8,11
2021-9152,Orlando,Hard,32,C,,20210418,23,MP01,,,Michael Mmoh,R,188,USA,23.269,181,393,E865,,,Christopher Eubanks,R,201,USA,24.953,233,278,3-6 6-3 6-2,3,R16,129,4,5,86,56,41,13,13,5,7,5,4,98,59,36,21,13,7,11
2021-9152,Orlando,Hard,32,C,,20210418,24,SP24,,,Brayden Schnur,R,193,CAN,25.791,223,302,F811,,,Bjorn Fratangelo,R,183,USA,27.748,221,310,6-3 7-6(2),3,R16,103,8,4,72,46,38,15,11,3,3,4,4,62,32,26,16,10,2,3
2021-9152,Orlando,Hard,32,C,,20210418,25,KB09,5,,Denis Kudla,R,180,USA,28.668,124,623,MP01,,,Michael Mmoh,R,188,USA,23.269,181,393,7-5 6-3,3,QF,101,3,3,77,42,33,17,11,5,6,5,4,51,31,22,11,10,0,3
2021-9152,Orlando,Hard,32,C,,20210418,26,B0CD,,,Jenson Brooksby,R,193,USA,20.476,232,281,K0EQ,,,Zane Khan,R,185,USA,19.181,615,46,6-4 6-3,3,QF,84,3,0,60,41,28,9,9,6,8,1,1,47,32,19,6,10,0,5
2021-9152,Orlando,Hard,32,C,,20210418,27,CF88,,,Roberto Cid Subervi,R,193,DOM,27.633,248,259,SP24,,,Brayden Schnur,R,193,CAN,25.791,223,302,3-6 6-2 4-0 RET,3,QF,120,4,2,66,35,25,15,10,4,6,4,1,66,45,26,10,11,0,5
2021-9152,Orlando,Hard,32,C,,20210418,28,HB05,,,Christian Harrison,R,180,USA,26.888,327,152,SM25,,,Jack Sock,R,191,USA,28.564,257,241,7-6(3) 6-3,3,QF,113,2,2,61,43,33,12,10,2,3,2,7,83,48,32,17,11,4,7
2021-9152,Orlando,Hard,32,C,,20210418,29,KB09,5,,Denis Kudla,R,180,USA,28.668,124,623,CF88,,,Roberto Cid Subervi,R,193,DOM,27.633,248,259,2-6 6-2 6-2,3,SF,124,2,1,75,40,24,19,12,4,8,3,5,85,44,29,13,12,4,10
2021-9152,Orlando,Hard,32,C,,20210418,30,B0CD,,,Jenson Brooksby,R,193,USA,20.476,232,281,HB05,,,Christian Harrison,R,180,USA,26.888,327,152,7-5 6-1,3,SF,91,2,0,60,45,32,6,9,5,7,4,2,70,40,20,13,10,4,10
2021-9152,Orlando,Hard,32,C,,20210418,31,B0CD,,,Jenson Brooksby,R,193,USA,20.476,232,281,KB09,5,,Denis Kudla,R,180,USA,28.668,124,623,6-3 6-3,3,F,73,2,1,48,39,30,3,9,2,3,4,3,56,35,22,7,9,3,7
2021-9353,Orlando,Hard,32,C,,20210418,1,AB71,,,JC Aragone,R,178,USA,25.807,318,161,U134,1,,Yasutaka Uchiyama,R,183,JPN,28.701,108,735,7-5 6-2,3,R32,104,5,5,69,44,33,10,10,8,10,1,5,69,38,23,11,10,3,8
2021-9353,Orlando,Hard,32,C,,20210418,2,J551,,,Nicolas Jarry,R,201,CHI,25.52,633,42,J380,2,,Jason Jung,R,180,TPE,31.841,151,488,6-4 7-5,3,R32,110,12,5,63,36,31,16,11,0,0,1,4,75,41,29,18,11,4,6
2021-9353,Orlando,Hard,32,C,,20210418,3,B0CD,3,,Jenson Brooksby,R,193,USA,20.476,232,281,KC86,,,Darian King,R,188,BAR,28.977,300,176,7-6(5) 6-3,3,R32,116,2,2,75,50,37,11,11,4,7,0,4,73,41,24,17,10,5,9
2021-9353,Orlando,Hard,32,C,,20210418,4,R0A5,,,Sam Riffice,R,188,USA,22.133,649,39,L503,4,,Paolo Lorenzi,R,183,ITA,39.34,154,475,6-2 6-4,3,R32,89,3,3,57,27,19,15,9,4,6,8,3,50,25,16,10,9,5,10
2021-9353,Orlando,Hard,32,C,,20210418,5,GA36,5,,Emilio Gomez,R,185,ECU,29.388,183,388,C0AK,,,Oliver Crawford,R,180,GBR,21.969,513,68,7-6(2) 6-7(4) 6-3,3,R32,170,13,2,110,65,47,30,17,3,4,6,2,120,82,51,23,16,5,7
2021-9353,Orlando,Hard,32,C,,20210418,6,KD35,,,Thai-Son Kwiatkowski,R,188,USA,26.177,227,293,E873,6,,Ernesto Escobedo,R,185,MEX,24.789,184,383,6-4 7-6(4),3,R32,122,8,5,74,38,30,18,11,4,6,3,4,71,41,27,15,11,1,4
2021-9353,Orlando,Hard,32,C,,20210418,7,A887,7,,Guido Andreozzi,R,183,ARG,29.703,206,333,KA22,,,Dayne Kelly,R,,AUS,30.738,386,114,4-6 6-4 7-5,3,R32,172,1,4,94,59,42,14,16,7,11,7,4,106,69,45,18,16,10,15
2021-9353,Orlando,Hard,32,C,,20210418,8,KC12,8,,Mitchell Krueger,R,188,USA,27.264,202,340,SM25,,,Jack Sock,R,191,USA,28.564,257,241,6-2 7-5,3,R32,110,2,0,53,34,21,18,10,2,3,2,8,79,43,25,16,10,8,12
2021-9353,Orlando,Hard,32,C,,20210418,9,BV27,,,Ulises Blanch,R,188,USA,23.066,252,247,KB14,,,Kevin King,L,191,USA,30.136,315,161,6-4 6-4,3,R32,95,7,1,55,42,34,8,10,0,0,6,3,80,49,38,9,10,7,9
2021-9353,Orlando,Hard,32,C,,20210418,10,CF88,,,Roberto Cid Subervi,R,193,DOM,27.633,248,259,O482,,,Gonzalo Oliveira,L,185,VEN,26.166,288,196,6-2 4-2 RET,3,R32,,,,,,,,,,,,,,,,,,,
2021-9353,Orlando,Hard,32,C,,20210418,11,E865,,,Christopher Eubanks,R,201,USA,24.953,233,278,RC04,,,Alexander Ritschard,R,193,SUI,27.069,317,161,6-3 6-4,3,R32,97,4,4,69,46,34,11,10,3,4,5,5,65,35,23,14,9,6,9
2021-9353,Orlando,Hard,32,C,,20210418,12,HB05,,,Christian Harrison,R,180,USA,26.888,327,152,MI01,,,Hiroki Moriya,R,168,JPN,30.505,266,230,6-0 6-2,3,R32,59,7,2,48,30,23,9,7,4,4,0,0,37,25,10,6,7,3,8
2021-9353,Orlando,Hard,32,C,,20210418,13,KB95,,,Jason Kubler,R,178,AUS,27.915,268,228,Q941,,,Roberto Quiroz,L,193,ECU,29.15,273,222,7-6(4) 6-4,3,R32,105,2,5,69,44,33,13,11,2,4,7,4,66,43,32,10,11,3,6
2021-9353,Orlando,Hard,32,C,,20210418,14,M0AW,,,Nicolas Mejia,R,183,COL,21.183,466,85,MP13,,,Mukund Sasikumar,R,185,IND,24.257,319,160,6-4 6-1,3,R32,110,7,2,69,45,29,16,9,2,2,1,1,52,26,14,15,8,2,5
2021-9353,Orlando,Hard,32,C,,20210418,15,PB22,,,Peter Polansky,R,183,CAN,32.841,235,277,Y124,,,Donald Young,L,183,USA,31.737,347,132,6-2 6-2,3,R32,67,4,3,48,25,21,13,8,3,3,0,4,48,29,19,6,8,0,4
2021-9353,Orlando,Hard,32,C,,20210418,16,T0A1,,,Thiago Agustin Tirante,R,185,ARG,20.022,394,110,KE64,,,Stefan Kozlov,R,183,USA,23.209,361,125,6-3 6-1,3,R32,76,3,3,44,28,23,10,8,0,0,3,5,50,34,21,5,8,2,6
2021-9353,Orlando,Hard,32,C,,20210418,17,B0CD,3,,Jenson Brooksby,R,193,USA,20.476,232,281,KB95,,,Jason Kubler,R,178,AUS,27.915,268,228,6-3 6-1,3,R16,74,4,0,48,33,21,10,8,1,2,0,3,50,30,17,6,8,3,8
2021-9353,Orlando,Hard,32,C,,20210418,18,GA36,5,,Emilio Gomez,R,185,ECU,29.388,183,388,HB05,,,Christian Harrison,R,180,USA,26.888,327,152,6-3 6-3,3,R16,83,2,3,55,32,23,12,9,2,4,3,4,58,34,22,7,9,2,7
2021-9353,Orlando,Hard,32,C,,20210418,19,M0AW,,,Nicolas Mejia,R,183,COL,21.183,466,85,A887,7,,Guido Andreozzi,R,183,ARG,29.703,206,333,7-5 6-3,3,R16,131,3,1,63,36,25,18,11,3,4,5,2,72,45,30,14,10,5,8
2021-9353,Orlando,Hard,32,C,,20210418,20,E865,,,Christopher Eubanks,R,201,USA,24.953,233,278,KC12,8,,Mitchell Krueger,R,188,USA,27.264,202,340,7-6(5) 7-6(3),3,R16,129,13,2,81,54,44,18,12,2,2,4,5,86,54,41,18,12,3,3
2021-9353,Orlando,Hard,32,C,,20210418,21,AB71,,,JC Aragone,R,178,USA,25.807,318,161,T0A1,,,Thiago Agustin Tirante,R,185,ARG,20.022,394,110,6-3 7-5,3,R16,103,1,4,68,46,30,12,11,3,5,4,3,58,32,21,11,10,4,8
2021-9353,Orlando,Hard,32,C,,20210418,22,BV27,,,Ulises Blanch,R,188,USA,23.066,252,247,KD35,,,Thai-Son Kwiatkowski,R,188,USA,26.177,227,293,7-6(5) 3-6 6-2,3,R16,124,19,0,67,50,44,14,14,0,1,13,3,99,60,49,18,15,1,3
2021-9353,Orlando,Hard,32,C,,20210418,23,J551,,,Nicolas Jarry,R,201,CHI,25.52,633,42,PB22,,,Peter Polansky,R,183,CAN,32.841,235,277,6-3 6-3,3,R16,79,5,1,47,29,21,15,9,0,0,0,6,59,32,20,13,9,2,5
2021-9353,Orlando,Hard,32,C,,20210418,24,R0A5,,,Sam Riffice,R,188,USA,22.133,649,39,CF88,,,Roberto Cid Subervi,R,193,DOM,27.633,248,259,6-2 6-2,3,R16,102,3,2,55,35,26,10,8,4,5,2,5,72,36,23,12,8,7,12
2021-9353,Orlando,Hard,32,C,,20210418,25,M0AW,,,Nicolas Mejia,R,183,COL,21.183,466,85,B0CD,3,,Jenson Brooksby,R,193,USA,20.476,232,281,W/O,3,QF,0,,,,,,,,,,,,,,,,,,
2021-9353,Orlando,Hard,32,C,,20210418,26,AB71,,,JC Aragone,R,178,USA,25.807,318,161,GA36,5,,Emilio Gomez,R,185,ECU,29.388,183,388,6-4 7-5,3,QF,119,3,5,78,53,35,13,11,5,7,6,4,80,53,29,15,11,6,10
2021-9353,Orlando,Hard,32,C,,20210418,27,E865,,,Christopher Eubanks,R,201,USA,24.953,233,278,J551,,,Nicolas Jarry,R,201,CHI,25.52,633,42,6-3 7-5,3,QF,95,3,2,65,47,34,10,11,0,1,5,3,65,37,27,14,10,4,7
2021-9353,Orlando,Hard,32,C,,20210418,28,R0A5,,,Sam Riffice,R,188,USA,22.133,649,39,BV27,,,Ulises Blanch,R,188,USA,23.066,252,247,6-1 7-5,3,QF,82,10,1,52,32,25,12,9,3,4,6,4,59,38,25,7,10,4,9
2021-9353,Orlando,Hard,32,C,,20210418,29,E865,,,Christopher Eubanks,R,201,USA,24.953,233,278,R0A5,,,Sam Riffice,R,188,USA,22.133,649,39,6-3 7-6(3),3,SF,89,18,3,71,48,42,10,11,2,2,10,2,59,32,27,13,10,0,1
2021-9353,Orlando,Hard,32,C,,20210418,30,M0AW,,,Nicolas Mejia,R,183,COL,21.183,466,85,AB71,,,JC Aragone,R,178,USA,25.807,318,161,1-6 7-6(1) 6-0,3,SF,145,2,5,82,50,29,15,12,4,9,1,10,81,51,33,9,13,0,6
2021-9353,Orlando,Hard,32,C,,20210418,31,E865,,,Christopher Eubanks,R,201,USA,24.953,233,278,M0AW,,,Nicolas Mejia,R,183,COL,21.183,466,85,2-6 7-6(3) 6-4,3,F,139,16,6,93,60,47,15,15,5,7,7,4,91,59,43,20,15,5,6
2021-9520,Belgrade,,32,C,,20210418,1,CF59,1,,Roberto Carballes Baena,R,183,ESP,28.071,105,761,RC91,,,Arthur Rinderknech,R,196,FRA,25.739,129,593,6-4 7-6(4),3,R32,,,,,,,,,,,,,,,,,,,
2021-9520,Belgrade,,32,C,,20210418,2,BF23,2,,Facundo Bagnis,L,183,ARG,31.138,103,773,R09X,,,Jurij Rodionov,L,191,AUT,21.925,139,531,2-6 6-1 6-2,3,R32,,,,,,,,,,,,,,,,,,,
2021-9520,Belgrade,,32,C,,20210418,3,O513,,,Sebastian Ofner,R,191,AUT,24.934,159,469,GE33,3,,Daniel Elahi Galan,R,191,COL,24.832,114,688,7-5 3-6 6-4,3,R32,,,,,,,,,,,,,,,,,,,
2021-9520,Belgrade,,32,C,,20210418,4,K435,4,,Philipp Kohlschreiber,R,178,GER,37.506,113,710,C0BC,,,Maxime Cressy,R,201,USA,23.945,157,470,7-5 4-6 6-2,3,R32,,,,,,,,,,,,,,,,,,,
2021-9520,Belgrade,,32,C,,20210418,5,KC04,,,Jozef Kovalik,R,183,SVK,28.452,128,605,C0AU,5,,Francisco Cerundolo,R,185,ARG,22.68,115,686,7-6(6) 6-1,3,R32,,,,,,,,,,,,,,,,,,,
2021-9520,Belgrade,,32,C,,20210418,6,DA81,6,,Taro Daniel,R,191,JPN,28.222,121,630,M0CG,,,Marko Miladinovic,R,178,SRB,20.361,511,69,6-1 7-5,3,R32,,,,,,,,,,,,,,,,,,,
2021-9520,Belgrade,,32,C,,20210418,7,DA31,7,,Hugo Dellien,R,180,BOL,27.838,122,629,GJ37,,,Tallon Griekspoor,R,188,NED,24.794,143,518,7-6(7) 6-4,3,R32,,,,,,,,,,,,,,,,,,,
2021-9520,Belgrade,,32,C,,20210418,8,BM95,8,,Benjamin Bonzi,R,183,FRA,24.857,126,618,O482,,,Gonzalo Oliveira,L,185,VEN,26.166,288,196,4-0 RET,3,R32,,,,,,,,,,,,,,,,,,,
2021-9520,Belgrade,,32,C,,20210418,9,BI23,,,Liam Broady,L,183,GBR,27.285,148,501,MM66,,,Nikola Milojevic,R,188,SRB,25.832,133,563,6-3 6-4,3,R32,,,,,,,,,,,,,,,,,,,
2021-9520,Belgrade,,32,C,,20210418,10,D923,,,Damir Dzumhur,R,175,BIH,28.912,127,607,KD70,,,Pedja Krstin,R,183,SRB,26.623,285,201,4-6 6-2 6-3,3,R32,,,,,,,,,,,,,,,,,,,
2021-9520,Belgrade,,32,C,,20210418,11,GB53,,,Federico Gaio,R,178,ITA,29.12,136,534,D864,,,Evgeny Donskoy,R,185,RUS,30.943,131,576,6-4 6-3,3,R32,,,,,,,,,,,,,,,,,,,
2021-9520,Belgrade,,32,C,,20210418,12,HA71,,,Antoine Hoang,R,183,FRA,25.454,132,570,BC65,,,Matthias Bachinger,R,188,GER,34.045,242,267,5-7 6-4 RET,3,R32,,,,,,,,,,,,,,,,,,,
2021-9520,Belgrade,,32,C,,20210418,13,M0JF,,,Hamad Medjedovic,R,188,SRB,17.752,1057,9,O449,,,Oscar Otte,R,193,GER,27.756,155,473,6-3 1-6 6-3,3,R32,,,,,,,,,,,,,,,,,,,
2021-9520,Belgrade,,32,C,,20210418,14,N0AE,,,Brandon Nakashima,R,188,USA,19.707,142,525,BT68,,,Elliot Benchetrit,R,193,MAR,22.543,243,263,6-7(7) 6-1 6-0,3,R32,,,,,,,,,,,,,,,,,,,
2021-9520,Belgrade,,32,C,,20210418,15,RA51,,,Blaz Rola,L,193,SLO,30.535,147,509,G983,,,Alessandro Giannessi,L,185,ITA,30.886,166,437,6-4 2-0 RET,3,R32,,,,,,,,,,,,,,,,,,,
2021-9520,Belgrade,,32,C,,20210418,16,TA29,,,Marco Trungelliti,R,178,ARG,31.211,238,271,PE02,,,Danilo Petrovic,R,203,SRB,29.232,158,470,6-3 6-2,3,R32,,,,,,,,,,,,,,,,,,,
2021-9520,Belgrade,,32,C,,20210418,17,CF59,1,,Roberto Carballes Baena,R,183,ESP,28.071,105,761,TA29,,,Marco Trungelliti,R,178,ARG,31.211,238,271,6-2 6-4,3,R16,,,,,,,,,,,,,,,,,,,
2021-9520,Belgrade,,32,C,,20210418,18,BF23,2,,Facundo Bagnis,L,183,ARG,31.138,103,773,M0JF,,,Hamad Medjedovic,R,188,SRB,17.752,1057,9,6-2 6-2,3,R16,,,,,,,,,,,,,,,,,,,
2021-9520,Belgrade,,32,C,,20210418,19,D923,,,Damir Dzumhur,R,175,BIH,28.912,127,607,K435,4,,Philipp Kohlschreiber,R,178,GER,37.506,113,710,6-4 6-3,3,R16,,,,,,,,,,,,,,,,,,,
2021-9520,Belgrade,,32,C,,20210418,20,DA81,6,,Taro Daniel,R,191,JPN,28.222,121,630,HA71,,,Antoine Hoang,R,183,FRA,25.454,132,570,6-4 6-2,3,R16,,,,,,,,,,,,,,,,,,,
2021-9520,Belgrade,,32,C,,20210418,21,N0AE,,,Brandon Nakashima,R,188,USA,19.707,142,525,DA31,7,,Hugo Dellien,R,180,BOL,27.838,122,629,6-2 6-2,3,R16,,,,,,,,,,,,,,,,,,,
2021-9520,Belgrade,,32,C,,20210418,22,RA51,,,Blaz Rola,L,193,SLO,30.535,147,509,BM95,8,,Benjamin Bonzi,R,183,FRA,24.857,126,618,6-2 6-2,3,R16,,,,,,,,,,,,,,,,,,,
2021-9520,Belgrade,,32,C,,20210418,23,BI23,,,Liam Broady,L,183,GBR,27.285,148,501,O513,,,Sebastian Ofner,R,191,AUT,24.934,159,469,4-6 6-1 7-5,3,R16,,,,,,,,,,,,,,,,,,,
2021-9520,Belgrade,,32,C,,20210418,24,KC04,,,Jozef Kovalik,R,183,SVK,28.452,128,605,GB53,,,Federico Gaio,R,178,ITA,29.12,136,534,6-0 7-6(4),3,R16,,,,,,,,,,,,,,,,,,,
2021-9520,Belgrade,,32,C,,20210418,25,CF59,1,,Roberto Carballes Baena,R,183,ESP,28.071,105,761,RA51,,,Blaz Rola,L,193,SLO,30.535,147,509,7-6(7) 6-1,3,QF,,,,,,,,,,,,,,,,,,,
2021-9520,Belgrade,,32,C,,20210418,26,KC04,,,Jozef Kovalik,R,183,SVK,28.452,128,605,BF23,2,,Facundo Bagnis,L,183,ARG,31.138,103,773,2-6 6-4 6-4,3,QF,,,,,,,,,,,,,,,,,,,
2021-9520,Belgrade,,32,C,,20210418,27,D923,,,Damir Dzumhur,R,175,BIH,28.912,127,607,DA81,6,,Taro Daniel,R,191,JPN,28.222,121,630,6-4 6-4,3,QF,,,,,,,,,,,,,,,,,,,
2021-9520,Belgrade,,32,C,,20210418,28,BI23,,,Liam Broady,L,183,GBR,27.285,148,501,N0AE,,,Brandon Nakashima,R,188,USA,19.707,142,525,6-4 6-7(2) 6-4,3,QF,,,,,,,,,,,,,,,,,,,
2021-9520,Belgrade,,32,C,,20210418,29,CF59,1,,Roberto Carballes Baena,R,183,ESP,28.071,105,761,BI23,,,Liam Broady,L,183,GBR,27.285,148,501,3-6 6-2 6-3,3,SF,,,,,,,,,,,,,,,,,,,
2021-9520,Belgrade,,32,C,,20210418,30,D923,,,Damir Dzumhur,R,175,BIH,28.912,127,607,KC04,,,Jozef Kovalik,R,183,SVK,28.452,128,605,3-6 6-3 6-3,3,SF,,,,,,,,,,,,,,,,,,,
2021-9520,Belgrade,,32,C,,20210418,31,CF59,1,,Roberto Carballes Baena,R,183,ESP,28.071,105,761,D923,,,Damir Dzumhur,R,175,BIH,28.912,127,607,6-4 7-5,3,F,,,,,,,,,,,,,,,,,,,
2021-2151,Rome 1,Clay,32,C,,20210425,1,A887,,,Guido Andreozzi,R,183,ARG,29.722,218,316,BK24,1,,Gregoire Barrere,R,183,FRA,27.187,118,662,7-6(4) 6-4,3,R32,105,0,1,64,36,25,18,11,2,4,5,2,85,52,32,14,11,3,6
2021-2151,Rome 1,Clay,32,C,,20210425,2,KI82,,,Vit Kopriva,R,178,CZE,23.86,287,195,DA31,2,,Hugo Dellien,R,180,BOL,27.858,125,629,7-6(4) 6-3,3,R32,116,3,3,67,39,25,14,10,3,6,0,1,87,64,33,9,11,8,13
2021-2151,Rome 1,Clay,32,C,,20210425,3,L503,3,,Paolo Lorenzi,R,183,ITA,39.359,159,466,MH16,,,Yannick Maden,R,185,GER,31.491,195,356,7-6(4) 2-6 6-3,3,R32,167,8,2,98,57,41,22,15,4,7,0,2,93,54,34,23,14,2,4
2021-2151,Rome 1,Clay,32,C,,20210425,4,O513,4,,Sebastian Ofner,R,191,AUT,24.953,154,472,MV14,,,Alex Molcan,L,178,SVK,23.398,275,219,6-7(7) 6-0 6-3,3,R32,126,10,5,91,51,39,23,14,4,5,6,1,84,46,25,22,13,7,12
2021-2151,Rome 1,Clay,32,C,,20210425,5,G09O,5,,Hugo Gaston,L,173,FRA,20.578,158,466,E873,,,Ernesto Escobedo,R,185,MEX,24.808,186,380,6-3 6-4,3,R32,89,2,1,57,28,21,16,9,2,3,2,3,66,44,26,9,10,4,8
2021-2151,Rome 1,Clay,32,C,,20210425,6,V836,6,,Juan Pablo Varillas,R,185,PER,25.552,160,463,CC66,,,Andrea Collarini,L,183,ARG,29.232,216,324,6-2 3-6 6-2,3,R32,125,2,2,61,31,24,21,12,3,5,3,5,84,44,25,19,13,5,10
2021-2151,Rome 1,Clay,32,C,,20210425,7,GA79,7,,Lorenzo Giustino,R,180,ITA,29.624,179,405,HA28,,,Filip Horansky,R,191,SVK,28.296,178,406,7-6(2) 7-5,3,R32,125,5,6,79,44,33,17,12,8,11,1,5,94,51,28,26,12,5,9
2021-2151,Rome 1,Clay,32,C,,20210425,8,PH64,,,Andrea Pellegrino,R,185,ITA,24.09,288,194,D916,8,,Steven Diez,R,175,CAN,30.108,177,406,1-6 6-2 6-3,3,R32,130,1,3,90,49,27,24,12,9,13,2,0,74,43,23,18,12,7,12
2021-2151,Rome 1,Clay,32,C,,20210425,9,C0E9,,,Flavio Cobolli,R,183,ITA,18.971,721,30,V832,,,Aleksandar Vukic,R,188,AUS,25.051,199,352,7-5 5-0 RET,3,R32,96,4,2,52,22,16,18,9,3,5,2,6,73,29,13,20,8,13,18
2021-2151,Rome 1,Clay,32,C,,20210425,10,KD46,,,Thanasi Kokkinakis,R,193,AUS,25.04,215,326,CI14,,,Jay Clarke,R,183,GBR,22.746,233,280,6-2 6-4,3,R32,76,3,1,47,28,21,13,9,1,2,2,3,55,25,17,12,9,6,10
2021-2151,Rome 1,Clay,32,C,,20210425,11,LC11,,,Tristan Lamasine,R,183,FRA,28.14,255,244,BI81,,,Alex Bolt,L,183,AUS,28.301,189,368,6-3 6-4,3,R32,79,1,1,69,45,30,16,10,6,7,3,1,53,41,25,5,9,1,4
2021-2151,Rome 1,Clay,32,C,,20210425,12,MJ01,,,Roberto Marcora,R,193,ITA,31.652,190,366,GH92,,,Borna Gojo,R,196,CRO,23.157,236,278,6-2 6-3,3,R32,71,1,2,43,22,16,13,8,0,1,1,4,54,34,19,6,9,1,6
2021-2151,Rome 1,Clay,32,C,,20210425,13,SC77,,,Sergiy Stakhovsky,R,193,UKR,35.299,211,330,BK19,,,Mathias Bourgue,R,188,FRA,27.266,192,359,6-4 3-6 7-5,3,R32,142,1,7,98,64,47,17,15,5,7,2,3,88,47,35,25,16,2,5
2021-2151,Rome 1,Clay,32,C,,20210425,14,TA46,,,Bernard Tomic,R,196,AUS,28.509,210,331,BE54,,,Ruben Bemelmans,L,183,BEL,33.279,202,350,6-3 6-4,3,R32,66,7,3,77,46,38,14,10,6,6,3,1,43,26,22,9,9,0,2
2021-2151,Rome 1,Clay,32,C,,20210425,15,Y218,,,Elias Ymer,R,185,SWE,25.04,203,348,CG94,,,Enzo Couacaud,R,183,FRA,26.152,187,380,6-3 6-3,3,R32,83,0,2,54,34,23,16,9,1,1,1,1,62,30,20,15,9,7,10
2021-2151,Rome 1,Clay,32,C,,20210425,16,Z0A1,,,Giulio Zeppieri,L,183,ITA,19.381,317,161,N679,,,Stefano Napolitano,R,196,ITA,26.04,326,153,6-3 6-4,3,R32,80,3,1,67,42,32,16,10,8,8,1,1,59,35,22,14,9,2,4
2021-2151,Rome 1,Clay,32,C,,20210425,17,LC11,,,Tristan Lamasine,R,183,FRA,28.14,255,244,L503,3,,Paolo Lorenzi,R,183,ITA,39.359,159,466,4-6 6-1 7-5,3,R16,146,3,2,84,61,43,18,15,2,4,0,8,101,61,43,16,14,8,12
2021-2151,Rome 1,Clay,32,C,,20210425,18,O513,4,,Sebastian Ofner,R,191,AUT,24.953,154,472,Z0A1,,,Giulio Zeppieri,L,183,ITA,19.381,317,161,6-3 7-5,3,R16,86,3,1,61,40,27,13,10,2,3,1,1,69,49,31,8,11,4,8
2021-2151,Rome 1,Clay,32,C,,20210425,19,G09O,5,,Hugo Gaston,L,173,FRA,20.578,158,466,KD46,,,Thanasi Kokkinakis,R,193,AUS,25.04,215,326,6-2 6-3,3,R16,84,2,1,63,36,25,15,8,7,7,2,0,64,36,24,12,9,4,8
2021-2151,Rome 1,Clay,32,C,,20210425,20,V836,6,,Juan Pablo Varillas,R,185,PER,25.552,160,463,MJ01,,,Roberto Marcora,R,193,ITA,31.652,190,366,6-3 6-0,3,R16,65,2,2,46,25,23,11,8,1,1,1,1,43,23,15,6,7,1,5
2021-2151,Rome 1,Clay,32,C,,20210425,21,GA79,7,,Lorenzo Giustino,R,180,ITA,29.624,179,405,SC77,,,Sergiy Stakhovsky,R,193,UKR,35.299,211,330,6-4 6-4,3,R16,113,0,4,67,34,22,17,10,7,10,1,3,73,43,25,12,10,7,12
2021-2151,Rome 1,Clay,32,C,,20210425,22,KI82,,,Vit Kopriva,R,178,CZE,23.86,287,195,TA46,,,Bernard Tomic,R,196,AUS,28.509,210,331,6-3 6-3,3,R16,76,3,1,59,42,34,7,9,3,3,4,2,54,38,26,4,9,2,5
2021-2151,Rome 1,Clay,32,C,,20210425,23,PH64,,,Andrea Pellegrino,R,185,ITA,24.09,288,194,C0E9,,,Flavio Cobolli,R,183,ITA,18.971,721,30,7-6(7) 6-1,3,R16,94,2,4,75,51,35,12,10,5,7,1,4,63,34,24,11,9,1,5
2021-2151,Rome 1,Clay,32,C,,20210425,24,Y218,,,Elias Ymer,R,185,SWE,25.04,203,348,A887,,,Guido Andreozzi,R,183,ARG,29.722,218,316,7-5 6-7(6) 6-2,3,R16,170,9,3,100,70,45,15,16,5,9,3,4,111,68,38,22,16,11,18
2021-2151,Rome 1,Clay,32,C,,20210425,25,PH64,,,Andrea Pellegrino,R,185,ITA,24.09,288,194,O513,4,,Sebastian Ofner,R,191,AUT,24.953,154,472,2-6 6-2 6-3,3,QF,105,4,5,72,46,31,15,12,6,9,6,1,83,51,32,15,13,1,6
2021-2151,Rome 1,Clay,32,C,,20210425,26,G09O,5,,Hugo Gaston,L,173,FRA,20.578,158,466,LC11,,,Tristan Lamasine,R,183,FRA,28.14,255,244,6-2 7-6(6),3,QF,106,1,6,66,36,25,15,10,5,8,4,5,87,54,34,10,10,5,10
2021-2151,Rome 1,Clay,32,C,,20210425,27,V836,6,,Juan Pablo Varillas,R,185,PER,25.552,160,463,Y218,,,Elias Ymer,R,185,SWE,25.04,203,348,6-4 6-3,3,QF,118,5,3,62,31,24,16,9,4,5,6,3,85,43,25,20,10,7,11
2021-2151,Rome 1,Clay,32,C,,20210425,28,KI82,,,Vit Kopriva,R,178,CZE,23.86,287,195,GA79,7,,Lorenzo Giustino,R,180,ITA,29.624,179,405,1-6 7-5 6-3,3,QF,155,2,4,93,49,31,22,14,7,12,4,12,85,48,30,15,14,3,8
2021-2151,Rome 1,Clay,32,C,,20210425,29,G09O,5,,Hugo Gaston,L,173,FRA,20.578,158,466,V836,6,,Juan Pablo Varillas,R,185,PER,25.552,160,463,6-4 7-5,3,SF,102,2,0,67,35,27,17,11,3,5,1,2,70,36,19,19,11,5,9
2021-2151,Rome 1,Clay,32,C,,20210425,30,PH64,,,Andrea Pellegrino,R,185,ITA,24.09,288,194,KI82,,,Vit Kopriva,R,178,CZE,23.86,287,195,3-6 6-1 6-1,3,SF,101,0,4,61,39,28,12,11,4,6,3,3,77,41,21,18,12,9,15
2021-2151,Rome 1,Clay,32,C,,20210425,31,PH64,,,Andrea Pellegrino,R,185,ITA,24.09,288,194,G09O,5,,Hugo Gaston,L,173,FRA,20.578,158,466,3-6 6-2 6-1,3,F,110,2,3,78,43,28,22,12,3,5,0,5,79,36,19,23,12,6,11
2021-5057,Rome 1,Clay,32,C,,20210425,1,SP80,,,Nino Serdarusic,R,191,CRO,24.364,300,178,D923,1,,Damir Dzumhur,R,175,BIH,28.931,116,667,6-2 6-7(1) 6-3,3,R32,130,4,1,88,45,29,20,14,6,11,0,4,91,61,33,12,15,3,12
2021-5057,Rome 1,Clay,32,C,,20210425,2,Z0A1,,,Giulio Zeppieri,L,183,ITA,19.381,317,161,DA31,2,,Hugo Dellien,R,180,BOL,27.858,125,629,1-6 6-3 6-4,3,R32,92,10,0,76,57,38,8,13,3,6,3,1,68,54,40,6,13,2,5
2021-5057,Rome 1,Clay,32,C,,20210425,3,GB53,3,,Federico Gaio,R,178,ITA,29.139,138,534,BE54,,,Ruben Bemelmans,L,183,BEL,33.279,202,350,3-6 6-3 6-2,3,R32,112,4,3,83,50,38,13,13,3,6,2,6,88,48,32,18,13,7,12
2021-5057,Rome 1,Clay,32,C,,20210425,4,PE02,4,,Danilo Petrovic,R,203,SRB,29.251,157,470,SF36,,,Igor Sijsling,R,191,NED,33.687,308,170,6-1 7-6(6),3,R32,83,9,6,63,35,28,12,9,4,5,3,2,81,43,26,17,10,8,12
2021-5057,Rome 1,Clay,32,C,,20210425,5,CC66,,,Andrea Collarini,L,183,ARG,29.232,216,324,G09O,5,,Hugo Gaston,L,173,FRA,20.578,158,466,6-1 6-4,3,R32,75,0,1,43,22,17,11,8,3,5,1,2,52,28,13,9,9,3,9
2021-5057,Rome 1,Clay,32,C,,20210425,6,MP20,,,Alexandre Muller,R,183,FRA,24.227,200,351,L503,6,,Paolo Lorenzi,R,183,ITA,39.359,159,466,6-4 6-0,3,R32,84,2,3,41,28,22,10,8,0,0,1,1,61,33,16,16,8,2,6
2021-5057,Rome 1,Clay,32,C,,20210425,7,GA79,,,Lorenzo Giustino,R,180,ITA,29.624,179,405,V836,7,,Juan Pablo Varillas,R,185,PER,25.552,160,463,6-1 7-5,3,R32,79,4,1,53,31,20,15,10,1,3,0,1,44,26,14,7,9,1,6
2021-5057,Rome 1,Clay,32,C,,20210425,8,G983,8,,Alessandro Giannessi,L,185,ITA,30.905,165,437,A887,,,Guido Andreozzi,R,183,ARG,29.722,218,316,6-3 6-3,3,R32,103,1,2,62,44,30,8,9,2,4,0,6,62,35,18,12,9,2,7
2021-5057,Rome 1,Clay,32,C,,20210425,9,C0C8,,,Juan Manuel Cerundolo,L,183,ARG,19.441,175,408,LC11,,,Tristan Lamasine,R,183,FRA,28.14,255,244,7-5 7-5,3,R32,104,0,2,76,58,40,6,12,5,8,1,5,67,50,29,4,12,1,6
2021-5057,Rome 1,Clay,32,C,,20210425,10,CI14,,,Jay Clarke,R,183,GBR,22.746,233,280,BI81,,,Alex Bolt,L,183,AUS,28.301,189,368,6-0 6-3,3,R32,57,1,3,54,33,27,10,8,3,3,2,1,38,22,8,8,7,1,5
2021-5057,Rome 1,Clay,32,C,,20210425,11,C0E9,,,Flavio Cobolli,R,183,ITA,18.971,721,30,D916,,,Steven Diez,R,175,CAN,30.108,177,406,6-4 6-1,3,R32,72,4,3,60,27,20,17,9,5,7,0,1,47,22,12,10,8,2,7
2021-5057,Rome 1,Clay,32,C,,20210425,12,I306,,,Cem Ilkel,R,185,TUR,25.678,209,332,MN20,,,Daniel Masur,R,183,GER,26.467,213,330,4-6 6-4 7-6(2),3,R32,168,3,4,129,84,45,25,16,6,12,8,4,96,55,34,17,16,2,8
2021-5057,Rome 1,Clay,32,C,,20210425,13,KD46,,,Thanasi Kokkinakis,R,193,AUS,25.04,215,326,MH16,,,Yannick Maden,R,185,GER,31.491,195,356,6-3 6-2,3,R32,96,9,2,58,35,28,6,8,4,6,1,2,56,32,16,10,9,6,12
2021-5057,Rome 1,Clay,32,C,,20210425,14,MJ01,,,Roberto Marcora,R,193,ITA,31.652,190,366,V832,,,Aleksandar Vukic,R,188,AUS,25.051,199,352,6-4 6-1,3,R32,77,5,2,60,37,25,15,9,3,4,2,3,55,29,16,11,8,6,10
2021-5057,Rome 1,Clay,32,C,,20210425,15,MW75,,,Felipe Meligeni Alves,R,185,BRA,23.179,237,276,CG94,,,Enzo Couacaud,R,183,FRA,26.152,187,380,6-3 6-4,3,R32,74,1,1,52,44,29,5,10,1,3,5,3,69,43,28,7,9,5,9
2021-5057,Rome 1,Clay,32,C,,20210425,16,PH64,,,Andrea Pellegrino,R,185,ITA,24.09,288,194,N679,,,Stefano Napolitano,R,196,ITA,26.04,326,153,6-4 4-6 6-4,3,R32,129,5,2,88,59,41,19,15,3,5,3,5,87,54,41,17,15,2,5
2021-5057,Rome 1,Clay,32,C,,20210425,17,KD46,,,Thanasi Kokkinakis,R,193,AUS,25.04,215,326,GB53,3,,Federico Gaio,R,178,ITA,29.139,138,534,6-7(8) 6-3 6-4,3,R16,195,10,5,120,74,55,22,16,10,12,3,7,111,64,46,19,15,6,10
2021-5057,Rome 1,Clay,32,C,,20210425,18,C0E9,,,Flavio Cobolli,R,183,ITA,18.971,721,30,PE02,4,,Danilo Petrovic,R,203,SRB,29.251,157,470,6-2 6-2,3,R16,63,2,1,46,18,14,20,8,1,1,3,1,47,29,16,8,8,4,8
2021-5057,Rome 1,Clay,32,C,,20210425,19,G983,8,,Alessandro Giannessi,L,185,ITA,30.905,165,437,CI14,,,Jay Clarke,R,183,GBR,22.746,233,280,6-2 6-4,3,R16,91,1,2,63,39,25,14,9,3,5,1,1,52,32,15,9,9,3,8
2021-5057,Rome 1,Clay,32,C,,20210425,20,C0C8,,,Juan Manuel Cerundolo,L,183,ARG,19.441,175,408,MP20,,,Alexandre Muller,R,183,FRA,24.227,200,351,6-4 6-3,3,R16,91,0,2,57,44,26,4,9,2,5,1,4,67,43,23,8,10,6,12
2021-5057,Rome 1,Clay,32,C,,20210425,21,I306,,,Cem Ilkel,R,185,TUR,25.678,209,332,GA79,,,Lorenzo Giustino,R,180,ITA,29.624,179,405,6-4 6-2,3,R16,114,3,2,78,40,28,17,9,13,15,1,7,53,22,13,14,9,4,9
2021-5057,Rome 1,Clay,32,C,,20210425,22,PH64,,,Andrea Pellegrino,R,185,ITA,24.09,288,194,CC66,,,Andrea Collarini,L,183,ARG,29.232,216,324,6-3 6-7(4) 6-4,3,R16,175,4,1,104,72,52,17,15,9,9,4,2,106,73,51,18,16,5,8
2021-5057,Rome 1,Clay,32,C,,20210425,23,SP80,,,Nino Serdarusic,R,191,CRO,24.364,300,178,MJ01,,,Roberto Marcora,R,193,ITA,31.652,190,366,4-6 6-1 6-4,3,R16,140,4,2,103,59,39,24,14,5,7,1,3,76,49,30,15,13,1,5
2021-5057,Rome 1,Clay,32,C,,20210425,24,Z0A1,,,Giulio Zeppieri,L,183,ITA,19.381,317,161,MW75,,,Felipe Meligeni Alves,R,185,BRA,23.179,237,276,6-4 6-3,3,R16,75,3,1,59,40,30,11,10,2,3,1,1,52,39,22,7,9,4,7
2021-5057,Rome 1,Clay,32,C,,20210425,25,G983,8,,Alessandro Giannessi,L,185,ITA,30.905,165,437,KD46,,,Thanasi Kokkinakis,R,193,AUS,25.04,215,326,7-5 3-6 7-5,3,QF,186,3,5,108,73,52,15,17,7,11,12,3,107,71,50,16,16,3,7
2021-5057,Rome 1,Clay,32,C,,20210425,26,C0C8,,,Juan Manuel Cerundolo,L,183,ARG,19.441,175,408,Z0A1,,,Giulio Zeppieri,L,183,ITA,19.381,317,161,6-0 6-3,3,QF,60,0,2,44,33,24,7,8,1,2,1,0,44,27,9,9,7,2,7
2021-5057,Rome 1,Clay,32,C,,20210425,27,C0E9,,,Flavio Cobolli,R,183,ITA,18.971,721,30,PH64,,,Andrea Pellegrino,R,185,ITA,24.09,288,194,7-6(3) 6-1,3,QF,79,3,0,59,37,22,12,9,2,6,0,3,68,52,21,7,10,11,18
2021-5057,Rome 1,Clay,32,C,,20210425,28,I306,,,Cem Ilkel,R,185,TUR,25.678,209,332,SP80,,,Nino Serdarusic,R,191,CRO,24.364,300,178,7-6(3) 3-6 6-3,3,QF,138,5,2,94,61,47,16,15,4,6,12,3,90,47,35,24,15,4,6
2021-5057,Rome 1,Clay,32,C,,20210425,29,C0C8,,,Juan Manuel Cerundolo,L,183,ARG,19.441,175,408,G983,8,,Alessandro Giannessi,L,185,ITA,30.905,165,437,4-6 6-4 7-5,3,SF,166,2,1,113,88,55,12,16,8,13,1,1,119,89,54,13,16,10,16
2021-5057,Rome 1,Clay,32,C,,20210425,30,C0E9,,,Flavio Cobolli,R,183,ITA,18.971,721,30,I306,,,Cem Ilkel,R,185,TUR,25.678,209,332,6-3 7-5,3,SF,89,3,1,57,36,22,11,10,2,5,2,0,74,48,26,9,11,5,11
2021-5057,Rome 1,Clay,32,C,,20210425,31,C0C8,,,Juan Manuel Cerundolo,L,183,ARG,19.441,175,408,C0E9,,,Flavio Cobolli,R,183,ITA,18.971,721,30,6-2 3-6 6-3,3,F,104,1,0,77,60,39,9,13,1,4,0,4,88,60,41,9,13,4,9
2021-59,Salinas,Hard,32,C,,20210425,1,V942,,,Tim van Rijthoven,R,188,NED,24.003,302,176,U134,1,,Yasutaka Uchiyama,R,183,JPN,28.72,108,735,6-2 4-0 RET,3,R32,58,5,0,34,16,13,14,6,2,2,0,1,37,22,12,4,6,2,6
2021-59,Salinas,Hard,32,C,,20210425,2,KB14,,,Kevin King,L,191,USA,30.155,316,161,TE30,2,,Alejandro Tabilo,L,188,CHI,23.896,162,450,3-6 6-4 6-1,3,R32,130,3,9,86,52,35,17,13,2,5,2,3,86,52,32,14,13,5,10
2021-59,Salinas,Hard,32,C,,20210425,3,CG07,,,Hernan Casanova,R,178,ARG,27.214,395,108,GA36,3,,Emilio Gomez,R,185,ECU,29.407,184,388,6-4 3-6 6-2,3,R32,117,0,1,73,64,45,6,13,1,2,3,2,92,56,41,14,14,7,10
2021-59,Salinas,Hard,32,C,,20210425,4,E865,4,,Christopher Eubanks,R,201,USA,24.972,235,278,D0C1,,,Jesper de Jong,R,180,NED,20.901,324,159,7-6(3) 7-6(3),3,R32,101,12,3,81,51,40,15,12,3,5,5,2,81,57,37,14,12,0,2
2021-59,Salinas,Hard,32,C,,20210425,5,BS86,5,,Tomas Barrios Vera,R,191,CHI,23.373,243,263,D0CG,,,Facundo Diaz Acosta,L,183,ARG,20.359,398,106,6-2 6-2,3,R32,77,2,0,42,28,23,10,8,2,2,2,1,55,34,20,8,8,6,10
2021-59,Salinas,Hard,32,C,,20210425,6,CH05,6,,Altug Celikbilek,R,183,TUR,24.63,250,254,AB71,,,JC Aragone,R,178,USA,25.826,313,163,6-2 7-6(2),3,R32,96,7,2,56,32,28,13,10,0,1,5,4,72,51,34,8,10,5,8
2021-59,Salinas,Hard,32,C,,20210425,7,SL92,,,Shuichi Sekiguchi,R,168,JPN,29.78,318,160,MI01,7,,Hiroki Moriya,R,168,JPN,30.524,265,230,6-1 7-6(5),3,R32,93,2,1,50,29,21,13,9,0,2,3,5,75,47,28,9,10,10,15
2021-59,Salinas,Hard,32,C,,20210425,8,U182,,,Camilo Ugo Carabelli,R,185,ARG,21.856,335,142,Q941,8,,Roberto Quiroz,L,193,ECU,29.169,274,220,4-6 6-1 7-6(7),3,R32,154,2,5,100,56,46,23,15,5,6,5,2,108,78,54,14,14,9,11
2021-59,Salinas,Hard,32,C,,20210425,9,DF88,,,Aziz Dougaz,L,188,TUN,24.082,360,126,ML73,,,Skander Mansouri,R,193,TUN,25.758,382,116,6-2 6-2,3,R32,59,6,3,46,21,20,13,8,2,2,1,3,54,27,19,9,8,3,7
2021-59,Salinas,Hard,32,C,,20210425,10,J551,,,Nicolas Jarry,R,201,CHI,25.539,632,42,AC58,,,Nicolas Alvarez,R,185,PER,24.879,359,126,6-1 6-1,3,R32,53,3,1,38,29,27,3,7,2,2,1,1,35,26,10,3,7,0,5
2021-59,Salinas,Hard,32,C,,20210425,11,M0AW,,,Nicolas Mejia,R,183,COL,21.202,465,85,H928,,,Diego Hidalgo,L,180,ECU,28.019,409,103,6-3 1-6 7-5,3,R32,168,1,5,88,59,38,12,14,6,11,3,1,97,53,32,23,14,7,12
2021-59,Salinas,Hard,32,C,,20210425,12,MB53,,,Adrian Menendez-Maceiras,R,183,ESP,35.491,295,185,U120,,,Kaichi Uchida,R,180,JPN,26.672,333,146,6-4 6-4,3,R32,98,4,1,67,38,30,16,10,2,2,5,0,68,48,33,11,10,6,8
2021-59,Salinas,Hard,32,C,,20210425,13,O340,,,Roberto Ortega-Olmedo,R,168,ESP,29.988,299,181,CF10,,,Nick Chappell,L,178,USA,28.597,357,128,6-3 6-2,3,R32,68,1,1,47,28,24,12,9,0,0,1,1,49,33,20,6,8,5,8
2021-59,Salinas,Hard,32,C,,20210425,14,SO20,,,Jelle Sels,R,188,NED,25.708,350,130,M0AA,,,Cayetano March,R,175,ECU,20.81,705,32,6-4 6-3,3,R32,103,2,1,49,26,20,9,9,1,4,1,0,77,55,21,14,10,6,12
2021-59,Salinas,Hard,32,C,,20210425,15,T0A1,,,Thiago Agustin Tirante,R,185,ARG,20.041,391,110,O659,,,Vladyslav Orlov,R,188,UKR,25.941,367,123,6-2 6-7(4) 6-3,3,R32,147,7,3,84,53,37,15,15,2,6,0,6,95,57,33,16,14,5,12
2021-59,Salinas,Hard,32,C,,20210425,16,W597,,,Tak Khunn Wang,R,175,FRA,29.533,576,54,G09C,,,Marek Gengel,R,185,CZE,25.604,435,93,6-2 6-3,3,R32,85,0,1,57,30,16,17,9,4,7,2,1,47,34,16,4,8,3,9
2021-59,Salinas,Hard,32,C,,20210425,17,MB53,,,Adrian Menendez-Maceiras,R,183,ESP,35.491,295,185,E865,4,,Christopher Eubanks,R,201,USA,24.972,235,278,7-6(6) 6-1,3,R16,98,1,2,69,48,34,10,10,3,4,2,2,56,36,21,8,9,0,3
2021-59,Salinas,Hard,32,C,,20210425,18,BS86,5,,Tomas Barrios Vera,R,191,CHI,23.373,243,263,SO20,,,Jelle Sels,R,188,NED,25.708,350,130,6-2 6-2,3,R16,76,1,0,48,35,27,8,8,2,2,3,1,54,34,19,8,8,3,7
2021-59,Salinas,Hard,32,C,,20210425,19,CH05,6,,Altug Celikbilek,R,183,TUR,24.63,250,254,O340,,,Roberto Ortega-Olmedo,R,168,ESP,29.988,299,181,1-6 6-4 6-4,3,R16,105,3,6,85,58,44,10,14,7,11,1,1,74,45,30,17,13,2,5
2021-59,Salinas,Hard,32,C,,20210425,20,J551,,,Nicolas Jarry,R,201,CHI,25.539,632,42,SL92,,,Shuichi Sekiguchi,R,168,JPN,29.78,318,160,6-1 6-2,3,R16,64,7,0,53,33,29,8,8,5,5,2,0,43,30,15,6,7,1,5
2021-59,Salinas,Hard,32,C,,20210425,21,M0AW,,,Nicolas Mejia,R,183,COL,21.202,465,85,CG07,,,Hernan Casanova,R,178,ARG,27.214,395,108,6-1 6-2,3,R16,56,1,0,38,28,22,8,8,0,1,0,0,42,23,10,8,7,1,6
2021-59,Salinas,Hard,32,C,,20210425,22,T0A1,,,Thiago Agustin Tirante,R,185,ARG,20.041,391,110,KB14,,,Kevin King,L,191,USA,30.155,316,161,6-1 6-2,3,R16,63,4,0,43,31,25,5,7,0,0,0,6,40,18,10,6,8,3,8
2021-59,Salinas,Hard,32,C,,20210425,23,U182,,,Camilo Ugo Carabelli,R,185,ARG,21.856,335,142,W597,,,Tak Khunn Wang,R,175,FRA,29.533,576,54,6-1 6-1,3,R16,68,4,0,41,26,20,8,7,4,5,0,2,38,20,6,6,7,1,7
2021-59,Salinas,Hard,32,C,,20210425,24,V942,,,Tim van Rijthoven,R,188,NED,24.003,302,176,DF88,,,Aziz Dougaz,L,188,TUN,24.082,360,126,6-2 7-5,3,R16,103,3,2,65,46,36,9,10,5,6,2,2,73,36,25,14,10,3,7
2021-59,Salinas,Hard,32,C,,20210425,25,M0AW,,,Nicolas Mejia,R,183,COL,21.202,465,85,BS86,5,,Tomas Barrios Vera,R,191,CHI,23.373,243,263,2-6 6-1 7-6(3),3,QF,166,4,3,105,77,51,11,14,11,15,3,1,95,61,39,15,13,7,11
2021-59,Salinas,Hard,32,C,,20210425,26,CH05,6,,Altug Celikbilek,R,183,TUR,24.63,250,254,V942,,,Tim van Rijthoven,R,188,NED,24.003,302,176,6-3 2-6 7-6(6),3,QF,134,6,6,110,61,42,27,15,5,7,7,0,73,51,39,17,14,1,2
2021-59,Salinas,Hard,32,C,,20210425,27,J551,,,Nicolas Jarry,R,201,CHI,25.539,632,42,T0A1,,,Thiago Agustin Tirante,R,185,ARG,20.041,391,110,7-6(3) 6-4,3,QF,103,6,3,63,35,33,17,11,2,2,2,1,74,43,32,16,11,5,6
2021-59,Salinas,Hard,32,C,,20210425,28,U182,,,Camilo Ugo Carabelli,R,185,ARG,21.856,335,142,MB53,,,Adrian Menendez-Maceiras,R,183,ESP,35.491,295,185,6-4 6-4,3,QF,100,2,1,64,41,31,10,10,6,8,1,2,60,42,26,7,10,2,6
2021-59,Salinas,Hard,32,C,,20210425,29,M0AW,,,Nicolas Mejia,R,183,COL,21.202,465,85,CH05,6,,Altug Celikbilek,R,183,TUR,24.63,250,254,6-3 7-5,3,SF,104,2,0,74,51,34,13,11,6,7,5,2,63,34,25,12,10,4,7
2021-59,Salinas,Hard,32,C,,20210425,30,J551,,,Nicolas Jarry,R,201,CHI,25.539,632,42,U182,,,Camilo Ugo Carabelli,R,185,ARG,21.856,335,142,7-5 6-3,3,SF,109,4,1,67,37,29,17,11,4,5,2,2,76,41,28,15,10,8,11
2021-59,Salinas,Hard,32,C,,20210425,31,J551,,,Nicolas Jarry,R,201,CHI,25.539,632,42,M0AW,,,Nicolas Mejia,R,183,COL,21.202,465,85,7-6(7) 6-1,3,F,89,16,2,62,45,36,12,10,0,0,3,1,63,46,31,10,9,3,5
2021-692,Tallahassee,Clay,32,C,,20210425,1,SX91,1,,Thiago Seyboth Wild,R,185,BRA,21.125,124,630,EA24,,,Tomas Martin Etcheverry,R,196,ARG,21.771,232,284,6-3 6-1,3,R32,85,0,3,59,37,23,10,8,10,12,0,2,49,27,11,9,8,2,8
2021-692,Tallahassee,Clay,32,C,,20210425,2,KB09,2,,Denis Kudla,R,180,USA,28.687,117,663,RG42,,,Alex Rybakov,L,185,USA,24.241,449,87,3-6 7-5 6-1,3,R32,132,7,5,86,53,35,19,14,3,6,12,2,93,66,45,11,14,8,13
2021-692,Tallahassee,Clay,32,C,,20210425,3,SL94,,,Pedro Sakamoto,R,178,BRA,27.822,315,162,GA94,3,,Prajnesh Gunneswaran,L,188,IND,31.45,149,496,6-2 2-6 6-4,3,R32,111,3,1,97,74,43,14,13,8,10,3,1,74,46,35,13,13,2,5
2021-692,Tallahassee,Clay,32,C,,20210425,4,J380,4,,Jason Jung,R,180,TPE,31.86,150,488,SM25,,,Jack Sock,R,191,USA,28.583,249,256,2-6 6-3 6-4,3,R32,145,4,6,91,62,43,9,14,8,13,4,1,98,52,30,24,13,11,16
2021-692,Tallahassee,Clay,32,C,,20210425,5,F811,,,Bjorn Fratangelo,R,183,USA,27.767,221,310,K336,5,,Ivo Karlovic,R,211,CRO,42.155,169,417,7-6(5) 6-7(3) 7-6(4),3,R32,151,8,6,116,64,54,33,18,0,0,31,6,122,78,64,25,18,1,1
2021-692,Tallahassee,Clay,32,C,,20210425,6,SP24,,,Brayden Schnur,R,193,CAN,25.81,222,310,C0C8,6,,Juan Manuel Cerundolo,L,183,ARG,19.441,175,408,6-3 3-6 6-4,3,R32,131,4,0,101,68,45,16,14,5,8,1,4,91,57,33,21,14,4,8
2021-692,Tallahassee,Clay,32,C,,20210425,7,J09X,,,Filip Cristian Jianu,R,180,ROU,19.6,375,120,PG20,7,,Dmitry Popko,R,191,KAZ,24.501,181,396,6-7(5) 6-3 6-4,3,R32,150,3,3,102,65,43,23,16,5,7,9,4,104,58,41,21,15,5,9
2021-692,Tallahassee,Clay,32,C,,20210425,8,MP01,8,,Michael Mmoh,R,188,USA,23.288,173,408,PB22,,,Peter Polansky,R,183,CAN,32.86,240,268,7-5 7-6(5),3,R32,123,5,2,80,49,35,15,12,8,11,3,2,90,55,36,13,12,6,10
2021-692,Tallahassee,Clay,32,C,,20210425,9,B0CD,,,Jenson Brooksby,R,193,USA,20.496,194,357,D0DT,,,Martin Damm,L,203,USA,17.569,699,32,6-7(11) 6-1 6-2,3,R32,150,5,0,107,82,57,11,14,6,8,2,9,101,61,38,14,13,7,13
2021-692,Tallahassee,Clay,32,C,,20210425,10,H940,,,Ryan Harrison,R,185,USA,28.966,579,53,Y124,,,Donald Young,L,183,USA,31.756,346,132,2-6 6-3 6-3,3,R32,114,7,3,82,54,36,11,13,2,6,1,7,83,41,26,21,13,3,8
2021-692,Tallahassee,Clay,32,C,,20210425,11,KD35,,,Thai-Son Kwiatkowski,R,188,USA,26.196,227,293,KC12,,,Mitchell Krueger,R,188,USA,27.283,205,340,3-6 7-6(4) 6-3,3,R32,171,17,5,111,61,43,21,16,3,8,8,5,105,65,45,14,14,7,11
2021-692,Tallahassee,Clay,32,C,,20210425,12,MJ98,,,Facundo Mena,R,183,ARG,28.589,272,222,K0EU,,,Toby Kodat,R,178,USA,18.281,770,26,6-3 6-1,3,R32,69,2,1,50,35,24,11,8,2,2,1,1,55,33,18,10,8,2,6
2021-692,Tallahassee,Clay,32,C,,20210425,13,MN70,,,Joao Menezes,R,185,BRA,24.353,201,351,CF88,,,Roberto Cid Subervi,R,193,DOM,27.652,230,288,7-5 6-4,3,R32,134,5,1,75,54,42,9,11,5,6,0,2,89,47,30,19,11,12,15
2021-692,Tallahassee,Clay,32,C,,20210425,14,RC04,,,Alexander Ritschard,R,193,SUI,27.088,319,160,O376,,,Renzo Olivo,R,178,ARG,29.112,231,287,4-6 6-4 6-3,3,R32,121,1,0,91,52,38,22,15,6,9,5,4,84,51,31,19,14,2,6
2021-692,Tallahassee,Clay,32,C,,20210425,15,TC12,,,Mikael Torpegaard,R,193,DEN,26.965,191,363,BD20,,,Thomaz Bellucci,L,188,BRA,33.32,322,159,7-6(1) 7-5,3,R32,111,1,4,81,44,35,21,12,1,2,0,1,87,51,35,18,12,10,12
2021-692,Tallahassee,Clay,32,C,,20210425,16,WB08,,,Yosuke Watanuki,R,180,JPN,23.036,263,234,V620,,,Agustin Velotti,R,,ARG,28.92,344,133,6-3 6-4,3,R32,93,8,3,59,34,26,13,10,4,6,1,3,70,41,26,12,9,6,10
2021-692,Tallahassee,Clay,32,C,,20210425,17,B0CD,,,Jenson Brooksby,R,193,USA,20.496,194,357,SX91,1,,Thiago Seyboth Wild,R,185,BRA,21.125,124,630,7-6(6) 6-4,3,R16,126,1,1,69,43,34,18,11,1,1,9,5,85,47,34,19,11,7,8
2021-692,Tallahassee,Clay,32,C,,20210425,18,KB09,2,,Denis Kudla,R,180,USA,28.687,117,663,RC04,,,Alexander Ritschard,R,193,SUI,27.088,319,160,6-3 2-6 7-6(5),3,R16,148,4,6,102,65,45,15,14,5,8,11,3,110,63,41,26,15,6,9
2021-692,Tallahassee,Clay,32,C,,20210425,19,KD35,,,Thai-Son Kwiatkowski,R,188,USA,26.196,227,293,J380,4,,Jason Jung,R,180,TPE,31.86,150,488,6-3 6-2,3,R16,75,8,2,50,27,24,13,9,1,1,1,1,53,30,22,9,8,4,7
2021-692,Tallahassee,Clay,32,C,,20210425,20,MP01,8,,Michael Mmoh,R,188,USA,23.288,173,408,H940,,,Ryan Harrison,R,185,USA,28.966,579,53,6-4 6-3,3,R16,78,0,4,49,25,20,13,9,1,3,4,2,64,39,22,12,10,8,13
2021-692,Tallahassee,Clay,32,C,,20210425,21,F811,,,Bjorn Fratangelo,R,183,USA,27.767,221,310,WB08,,,Yosuke Watanuki,R,180,JPN,23.036,263,234,W/O,3,R16,0,,,,,,,,,,,,,,,,,,
2021-692,Tallahassee,Clay,32,C,,20210425,22,J09X,,,Filip Cristian Jianu,R,180,ROU,19.6,375,120,MN70,,,Joao Menezes,R,185,BRA,24.353,201,351,6-4 6-4,3,R16,76,1,1,60,41,27,11,10,3,5,2,0,48,36,19,8,10,1,5
2021-692,Tallahassee,Clay,32,C,,20210425,23,MJ98,,,Facundo Mena,R,183,ARG,28.589,272,222,SP24,,,Brayden Schnur,R,193,CAN,25.81,222,310,4-6 6-3 6-4,3,R16,130,5,4,89,53,31,18,14,5,11,1,5,93,64,35,9,15,6,14
2021-692,Tallahassee,Clay,32,C,,20210425,24,TC12,,,Mikael Torpegaard,R,193,DEN,26.965,191,363,SL94,,,Pedro Sakamoto,R,178,BRA,27.822,315,162,6-0 3-6 6-1,3,R16,93,2,3,68,40,28,13,11,4,7,1,3,69,41,19,11,11,2,9
2021-692,Tallahassee,Clay,32,C,,20210425,25,KB09,2,,Denis Kudla,R,180,USA,28.687,117,663,J09X,,,Filip Cristian Jianu,R,180,ROU,19.6,375,120,7-6(8) 3-6 7-5,3,QF,160,9,5,108,62,43,17,16,7,14,5,4,111,79,45,14,17,2,9
2021-692,Tallahassee,Clay,32,C,,20210425,26,B0CD,,,Jenson Brooksby,R,193,USA,20.496,194,357,MP01,8,,Michael Mmoh,R,188,USA,23.288,173,408,1-6 6-1 4-1 RET,3,QF,93,1,1,53,32,22,10,9,2,4,0,2,80,65,36,7,10,10,14
2021-692,Tallahassee,Clay,32,C,,20210425,27,F811,,,Bjorn Fratangelo,R,183,USA,27.767,221,310,KD35,,,Thai-Son Kwiatkowski,R,188,USA,26.196,227,293,7-5 6-4,3,QF,95,6,2,64,38,27,9,11,3,7,5,4,68,42,22,10,11,5,11
2021-692,Tallahassee,Clay,32,C,,20210425,28,MJ98,,,Facundo Mena,R,183,ARG,28.589,272,222,TC12,,,Mikael Torpegaard,R,193,DEN,26.965,191,363,6-1 7-6(3),3,QF,81,1,3,59,41,28,10,9,2,4,2,1,64,41,25,9,10,2,7
2021-692,Tallahassee,Clay,32,C,,20210425,29,F811,,,Bjorn Fratangelo,R,183,USA,27.767,221,310,KB09,2,,Denis Kudla,R,180,USA,28.687,117,663,7-6(2) 6-2,3,SF,102,7,3,74,37,27,22,10,5,6,8,6,69,34,26,15,10,3,6
2021-692,Tallahassee,Clay,32,C,,20210425,30,B0CD,,,Jenson Brooksby,R,193,USA,20.496,194,357,MJ98,,,Facundo Mena,R,183,ARG,28.589,272,222,6-3 4-6 6-4,3,SF,137,3,0,82,49,32,21,14,6,9,2,2,105,65,39,20,15,8,13
2021-692,Tallahassee,Clay,32,C,,20210425,31,B0CD,,,Jenson Brooksby,R,193,USA,20.496,194,357,F811,,,Bjorn Fratangelo,R,183,USA,27.767,221,310,6-3 4-6 6-3,3,F,140,4,4,111,71,44,20,14,16,19,4,5,97,56,38,17,14,0,5
2021-9507,Salinas,Hard,32,C,,20210425,1,GA36,1,,Emilio Gomez,R,185,ECU,29.407,184,388,O659,,,Vladyslav Orlov,R,188,UKR,25.941,367,123,6-1 6-1,3,R32,61,5,1,39,24,19,11,7,1,1,1,3,57,27,15,11,7,7,12
2021-9507,Salinas,Hard,32,C,,20210425,2,ML73,,,Skander Mansouri,R,193,TUN,25.758,382,116,MN70,2,,Joao Menezes,R,185,BRA,24.353,201,351,6-7(7) 6-4 7-6(4),3,R32,167,6,7,127,86,65,20,17,10,12,2,3,111,79,54,20,17,4,7
2021-9507,Salinas,Hard,32,C,,20210425,3,V620,,,Agustin Velotti,R,,ARG,28.92,344,133,CF88,3,,Roberto Cid Subervi,R,193,DOM,27.652,230,288,5-7 6-4 7-6(5),3,R32,215,2,1,127,69,48,31,17,10,14,4,3,115,64,44,27,17,12,16
2021-9507,Salinas,Hard,32,C,,20210425,4,T0A1,,,Thiago Agustin Tirante,R,185,ARG,20.041,391,110,CH05,4,,Altug Celikbilek,R,183,TUR,24.63,250,254,6-2 6-4,3,R32,76,4,0,53,44,32,6,9,1,1,6,5,60,39,31,3,9,4,7
2021-9507,Salinas,Hard,32,C,,20210425,5,MI01,5,,Hiroki Moriya,R,168,JPN,30.524,265,230,Y171,,,Denis Yevseyev,R,188,KAZ,27.926,389,113,7-6(1) 6-2,3,R32,80,3,2,53,30,20,13,10,3,7,1,1,71,51,25,9,10,6,12
2021-9507,Salinas,Hard,32,C,,20210425,6,AB71,,,JC Aragone,R,178,USA,25.826,313,163,Q941,,,Roberto Quiroz,L,193,ECU,29.169,274,220,6-2 6-7(4) 6-2,3,R32,122,3,2,87,58,41,16,14,6,8,3,3,98,73,44,9,14,4,10
2021-9507,Salinas,Hard,32,C,,20210425,7,MB53,7,,Adrian Menendez-Maceiras,R,183,ESP,35.491,295,185,H928,,,Diego Hidalgo,L,180,ECU,28.019,409,103,7-5 6-0,3,R32,92,2,0,48,29,23,13,9,4,5,4,4,63,40,25,5,9,7,12
2021-9507,Salinas,Hard,32,C,,20210425,8,V942,,,Tim van Rijthoven,R,188,NED,24.003,302,176,O340,8,,Roberto Ortega-Olmedo,R,168,ESP,29.988,299,181,7-6(2) 6-7(6) 7-6(6),3,R32,178,11,3,129,89,64,23,18,7,9,1,4,128,78,54,28,18,3,5
2021-9507,Salinas,Hard,32,C,,20210425,9,DF88,,,Aziz Dougaz,L,188,TUN,24.082,360,126,SO20,,,Jelle Sels,R,188,NED,25.708,350,130,7-6(5) 7-5,3,R32,106,5,1,77,39,27,24,12,5,7,4,1,68,41,31,12,12,2,5
2021-9507,Salinas,Hard,32,C,,20210425,10,J551,,,Nicolas Jarry,R,201,CHI,25.539,632,42,LF26,,,Orlando Luz,R,180,BRA,23.209,329,152,6-2 6-4,3,R32,71,9,0,51,32,26,12,9,2,2,1,3,53,31,19,13,9,3,6
2021-9507,Salinas,Hard,32,C,,20210425,11,KB14,,,Kevin King,L,191,USA,30.155,316,161,D0CG,,,Facundo Diaz Acosta,L,183,ARG,20.359,398,106,6-4 6-3,3,R32,96,1,1,56,43,29,7,10,0,2,5,2,63,34,22,11,9,6,10
2021-9507,Salinas,Hard,32,C,,20210425,12,M0AW,,,Nicolas Mejia,R,183,COL,21.202,465,85,M0AA,,,Cayetano March,R,175,ECU,20.81,705,32,6-1 6-2,3,R32,74,2,0,47,36,26,9,8,2,2,2,0,48,29,15,7,7,3,7
2021-9507,Salinas,Hard,32,C,,20210425,13,SL94,,,Pedro Sakamoto,R,178,BRA,27.822,315,162,SL92,,,Shuichi Sekiguchi,R,168,JPN,29.78,318,160,6-2 6-4,3,R32,76,2,0,49,32,24,14,9,1,1,2,0,59,32,18,15,9,1,4
2021-9507,Salinas,Hard,32,C,,20210425,14,U182,,,Camilo Ugo Carabelli,R,185,ARG,21.856,335,142,U120,,,Kaichi Uchida,R,180,JPN,26.672,333,146,7-5 6-4,3,R32,101,3,3,64,38,28,15,11,8,10,3,2,82,45,30,16,11,9,13
2021-9507,Salinas,Hard,32,C,,20210425,15,V821,,,Gonzalo Villanueva,R,175,ARG,26.281,402,105,CG07,,,Hernan Casanova,R,178,ARG,27.214,395,108,7-5 6-0,3,R32,82,6,0,53,42,29,8,9,2,4,0,1,57,42,17,8,9,4,10
2021-9507,Salinas,Hard,32,C,,20210425,16,W597,,,Tak Khunn Wang,R,175,FRA,29.533,576,54,CF10,,,Nick Chappell,L,178,USA,28.597,357,128,3-6 6-1 7-5,3,R32,176,0,5,99,62,34,19,14,9,14,6,3,85,60,33,11,14,3,10
2021-9507,Salinas,Hard,32,C,,20210425,17,GA36,1,,Emilio Gomez,R,185,ECU,29.407,184,388,U182,,,Camilo Ugo Carabelli,R,185,ARG,21.856,335,142,7-6(2) 7-6(1),3,R16,112,7,2,71,48,41,14,12,1,2,3,2,83,57,41,13,12,2,3
2021-9507,Salinas,Hard,32,C,,20210425,18,MI01,5,,Hiroki Moriya,R,168,JPN,30.524,265,230,W597,,,Tak Khunn Wang,R,175,FRA,29.533,576,54,6-0 7-6(3),3,R16,103,3,3,59,29,19,16,9,1,4,2,1,66,47,25,4,9,9,15
2021-9507,Salinas,Hard,32,C,,20210425,19,KB14,,,Kevin King,L,191,USA,30.155,316,161,MB53,7,,Adrian Menendez-Maceiras,R,183,ESP,35.491,295,185,6-1 2-6 7-5,3,R16,161,2,5,88,58,38,8,13,2,7,2,1,105,74,41,12,14,8,15
2021-9507,Salinas,Hard,32,C,,20210425,20,AB71,,,JC Aragone,R,178,USA,25.826,313,163,V821,,,Gonzalo Villanueva,R,175,ARG,26.281,402,105,6-2 6-2,3,R16,61,4,3,45,28,21,10,8,0,1,0,0,48,40,16,5,8,1,6
2021-9507,Salinas,Hard,32,C,,20210425,21,J551,,,Nicolas Jarry,R,201,CHI,25.539,632,42,V942,,,Tim van Rijthoven,R,188,NED,24.003,302,176,6-3 7-5,3,R16,91,9,2,71,45,34,13,11,5,6,7,3,65,39,27,11,10,4,7
2021-9507,Salinas,Hard,32,C,,20210425,22,M0AW,,,Nicolas Mejia,R,183,COL,21.202,465,85,ML73,,,Skander Mansouri,R,193,TUN,25.758,382,116,3-6 6-3 6-2,3,R16,113,2,4,77,51,40,15,13,5,6,7,3,79,48,34,13,13,4,7
2021-9507,Salinas,Hard,32,C,,20210425,23,T0A1,,,Thiago Agustin Tirante,R,185,ARG,20.041,391,110,SL94,,,Pedro Sakamoto,R,178,BRA,27.822,315,162,6-3 RET,3,R16,46,1,0,19,11,8,5,4,0,1,0,5,39,21,11,7,5,5,8
2021-9507,Salinas,Hard,32,C,,20210425,24,V620,,,Agustin Velotti,R,,ARG,28.92,344,133,DF88,,,Aziz Dougaz,L,188,TUN,24.082,360,126,6-4 4-6 7-5,3,R16,126,4,1,94,57,40,25,16,1,2,8,1,90,53,42,20,16,2,4
2021-9507,Salinas,Hard,32,C,,20210425,25,GA36,1,,Emilio Gomez,R,185,ECU,29.407,184,388,MI01,5,,Hiroki Moriya,R,168,JPN,30.524,265,230,6-1 6-4,3,QF,83,2,2,44,26,18,12,8,0,1,1,3,74,44,21,15,9,9,14
2021-9507,Salinas,Hard,32,C,,20210425,26,J551,,,Nicolas Jarry,R,201,CHI,25.539,632,42,M0AW,,,Nicolas Mejia,R,183,COL,21.202,465,85,6-1 6-2,3,QF,73,8,0,47,32,22,12,8,2,2,2,0,52,36,22,4,7,5,9
2021-9507,Salinas,Hard,32,C,,20210425,27,T0A1,,,Thiago Agustin Tirante,R,185,ARG,20.041,391,110,AB71,,,JC Aragone,R,178,USA,25.826,313,163,6-4 4-6 6-1,3,QF,140,4,2,93,60,41,16,14,2,5,2,3,82,48,30,16,13,5,10
2021-9507,Salinas,Hard,32,C,,20210425,28,V620,,,Agustin Velotti,R,,ARG,28.92,344,133,KB14,,,Kevin King,L,191,USA,30.155,316,161,6-3 6-3,3,QF,77,1,2,62,34,29,14,9,5,5,6,1,49,37,24,6,9,1,4
2021-9507,Salinas,Hard,32,C,,20210425,29,GA36,1,,Emilio Gomez,R,185,ECU,29.407,184,388,T0A1,,,Thiago Agustin Tirante,R,185,ARG,20.041,391,110,1-6 7-5 4-3 RET,3,SF,139,2,1,88,64,39,8,13,4,10,2,4,74,45,28,15,13,3,8
2021-9507,Salinas,Hard,32,C,,20210425,30,J551,,,Nicolas Jarry,R,201,CHI,25.539,632,42,V620,,,Agustin Velotti,R,,ARG,28.92,344,133,6-1 6-2,3,SF,67,2,2,49,23,18,17,8,1,1,1,2,49,36,18,5,7,2,6
2021-9507,Salinas,Hard,32,C,,20210425,31,GA36,1,,Emilio Gomez,R,185,ECU,29.407,184,388,J551,,,Nicolas Jarry,R,201,CHI,25.539,632,42,4-6 7-6(6) 6-4,3,F,153,4,1,99,71,53,18,16,4,5,11,5,116,75,56,21,16,10,11
2021-1797,Ostrava,Clay,32,C,,20210426,1,BK24,1,,Gregoire Barrere,R,183,FRA,27.19,119,662,O449,,,Oscar Otte,R,193,GER,27.778,162,448,7-6(9) 7-5,3,R32,94,4,7,86,52,39,15,12,2,5,4,6,75,45,34,12,12,5,9
2021-1797,Ostrava,Clay,32,C,,20210426,2,MV14,,,Alex Molcan,L,178,SVK,23.4,276,220,SX91,2,,Thiago Seyboth Wild,R,185,BRA,21.128,124,633,6-1 6-4,3,R32,76,1,1,56,36,29,9,9,7,8,1,4,57,27,13,15,8,4,8
2021-1797,Ostrava,Clay,32,C,,20210426,3,BM95,3,,Benjamin Bonzi,R,183,FRA,24.879,126,621,SX50,,,Roman Safiullin,R,185,RUS,23.718,181,398,6-2 6-1,3,R32,56,1,1,45,24,19,15,8,1,1,0,4,54,29,13,13,7,4,8
2021-1797,Ostrava,Clay,32,C,,20210426,4,RC91,4,,Arthur Rinderknech,R,196,FRA,25.76,129,618,BK19,,,Mathias Bourgue,R,188,FRA,27.269,192,359,6-4 6-0,3,R32,84,5,1,53,30,22,15,8,1,1,3,3,69,36,22,14,8,9,13
2021-1797,Ostrava,Clay,32,C,,20210426,5,PG94,5,,Marc Polmans,R,188,AUS,23.984,148,497,K834,,,Blaz Kavcic,R,188,SLO,34.144,218,318,6-3 6-3,3,R32,87,2,4,65,36,23,18,9,6,7,2,2,50,26,16,11,9,2,6
2021-1797,Ostrava,Clay,32,C,,20210426,6,Y218,,,Elias Ymer,R,185,SWE,25.043,193,356,C0BC,6,,Maxime Cressy,R,201,USA,23.967,156,470,3-6 7-6(5) 6-4,3,R32,149,3,6,95,42,27,29,15,3,7,12,11,116,65,47,21,16,13,17
2021-1797,Ostrava,Clay,32,C,,20210426,7,TE30,7,,Alejandro Tabilo,L,188,CHI,23.899,161,450,H756,,,Robin Haase,R,191,NED,34.056,203,348,6-2 4-6 6-4,3,R32,133,2,8,100,46,27,30,14,13,18,11,7,102,52,31,22,14,5,12
2021-1797,Ostrava,Clay,32,C,,20210426,8,R685,,,Lukas Rosol,R,193,CZE,35.756,185,383,SK47,8,,Mohamed Safwat,R,180,EGY,30.601,164,442,6-7(4) 6-2 7-5,3,R32,138,5,7,112,63,41,24,16,10,14,3,4,104,51,31,25,16,8,15
2021-1797,Ostrava,Clay,32,C,,20210426,9,B0BI,,,Sebastian Baez,R,170,ARG,20.326,220,313,K0FY,,,Martin Krumich,R,188,CZE,18.333,989,12,6-2 6-2,3,R32,67,1,4,50,35,24,7,8,2,4,1,6,59,35,18,6,8,4,10
2021-1797,Ostrava,Clay,32,C,,20210426,10,EA24,,,Tomas Martin Etcheverry,R,196,ARG,21.774,232,284,KH56,,,Zdenek Kolar,R,183,CZE,24.545,225,304,1-6 6-4 6-2,3,R32,130,6,0,84,61,43,7,12,8,11,1,5,81,57,42,7,13,6,10
2021-1797,Ostrava,Clay,32,C,,20210426,11,I165,,,Denis Istomin,R,185,UZB,34.634,205,348,L797,,,Lukas Lacko,R,188,SVK,33.478,206,339,0-6 6-1 6-4,3,R32,104,3,3,75,52,31,10,12,4,9,5,5,87,44,30,16,11,8,13
2021-1797,Ostrava,Clay,32,C,,20210426,12,KI63,,,Lukas Klein,R,193,SVK,23.097,269,224,PB22,,,Peter Polansky,R,183,CAN,32.862,243,268,6-3 7-5,3,R32,73,4,5,64,43,31,13,11,5,6,3,0,59,37,24,12,10,0,3
2021-1797,Ostrava,Clay,32,C,,20210426,13,L0BV,,,Jiri Lehecka,R,185,CZE,19.463,299,183,LB66,,,Constant Lestienne,R,180,FRA,28.925,226,301,6-2 6-0,3,R32,49,2,3,36,18,14,14,7,0,0,2,2,44,21,10,9,7,2,7
2021-1797,Ostrava,Clay,32,C,,20210426,14,O376,,,Renzo Olivo,R,178,ARG,29.114,231,287,MO55,,,Lucas Miedler,R,183,AUT,24.846,297,184,6-3 3-6 6-4,3,R32,128,0,4,89,63,38,12,14,3,8,0,3,97,49,28,23,14,8,14
2021-1797,Ostrava,Clay,32,C,,20210426,15,SP24,,,Brayden Schnur,R,193,CAN,25.812,222,310,BS86,,,Tomas Barrios Vera,R,191,CHI,23.376,240,271,6-2 1-6 6-1,3,R32,100,7,3,75,43,29,16,11,3,5,2,4,76,42,26,17,11,5,9
2021-1797,Ostrava,Clay,32,C,,20210426,16,SC77,,,Sergiy Stakhovsky,R,193,UKR,35.302,212,330,RH13,,,Patrik Rikl,R,185,CZE,22.303,648,40,6-4 6-2,3,R32,73,8,1,62,35,28,14,9,4,4,1,5,63,34,22,14,9,6,9
2021-1797,Ostrava,Clay,32,C,,20210426,17,EA24,,,Tomas Martin Etcheverry,R,196,ARG,21.774,232,284,BK24,1,,Gregoire Barrere,R,183,FRA,27.19,119,662,3-6 6-4 6-3,3,R16,129,6,2,109,64,46,19,14,14,16,1,2,79,54,38,14,14,4,7
2021-1797,Ostrava,Clay,32,C,,20210426,18,BM95,3,,Benjamin Bonzi,R,183,FRA,24.879,126,621,L0BV,,,Jiri Lehecka,R,185,CZE,19.463,299,183,6-3 6-4,3,R16,85,4,4,69,33,27,20,10,4,4,4,5,63,32,23,16,9,6,8
2021-1797,Ostrava,Clay,32,C,,20210426,19,RC91,4,,Arthur Rinderknech,R,196,FRA,25.76,129,618,SP24,,,Brayden Schnur,R,193,CAN,25.812,222,310,7-5 6-4,3,R16,96,2,2,67,41,30,12,11,2,5,4,2,75,51,29,9,11,6,11
2021-1797,Ostrava,Clay,32,C,,20210426,20,PG94,5,,Marc Polmans,R,188,AUS,23.984,148,497,I165,,,Denis Istomin,R,185,UZB,34.634,205,348,6-3 6-0,3,R16,81,2,3,58,32,22,15,7,4,4,3,4,60,45,24,5,8,4,9
2021-1797,Ostrava,Clay,32,C,,20210426,21,O376,,,Renzo Olivo,R,178,ARG,29.114,231,287,TE30,7,,Alejandro Tabilo,L,188,CHI,23.899,161,450,6-2 6-3,3,R16,60,2,1,38,27,19,6,8,0,2,2,5,53,24,12,11,9,1,7
2021-1797,Ostrava,Clay,32,C,,20210426,22,KI63,,,Lukas Klein,R,193,SVK,23.097,269,224,R685,,,Lukas Rosol,R,193,CZE,35.756,185,383,7-6(2) 4-6 6-2,3,R16,114,7,7,101,62,47,22,15,6,7,4,9,93,49,41,19,15,0,2
2021-1797,Ostrava,Clay,32,C,,20210426,23,MV14,,,Alex Molcan,L,178,SVK,23.4,276,220,B0BI,,,Sebastian Baez,R,170,ARG,20.326,220,313,4-6 6-1 4-2 RET,3,R16,119,0,3,86,59,35,15,12,12,15,0,3,80,55,32,10,11,6,11
2021-1797,Ostrava,Clay,32,C,,20210426,24,Y218,,,Elias Ymer,R,185,SWE,25.043,193,356,SC77,,,Sergiy Stakhovsky,R,193,UKR,35.302,212,330,6-1 6-2,3,R16,57,3,1,49,31,22,12,8,0,0,1,2,43,28,12,8,7,2,6
2021-1797,Ostrava,Clay,32,C,,20210426,25,BM95,3,,Benjamin Bonzi,R,183,FRA,24.879,126,621,PG94,5,,Marc Polmans,R,188,AUS,23.984,148,497,6-4 6-2,3,QF,84,7,2,64,35,26,15,9,6,7,3,1,65,41,25,10,9,7,11
2021-1797,Ostrava,Clay,32,C,,20210426,26,RC91,4,,Arthur Rinderknech,R,196,FRA,25.76,129,618,KI63,,,Lukas Klein,R,193,SVK,23.097,269,224,3-6 6-3 6-4,3,QF,113,4,4,87,53,38,16,14,5,8,4,7,94,57,41,16,14,11,15
2021-1797,Ostrava,Clay,32,C,,20210426,27,O376,,,Renzo Olivo,R,178,ARG,29.114,231,287,EA24,,,Tomas Martin Etcheverry,R,196,ARG,21.774,232,284,6-4 6-4,3,QF,103,1,1,52,31,25,7,10,2,6,0,1,78,50,22,14,10,7,13
2021-1797,Ostrava,Clay,32,C,,20210426,28,Y218,,,Elias Ymer,R,185,SWE,25.043,193,356,MV14,,,Alex Molcan,L,178,SVK,23.4,276,220,7-5 6-3,3,QF,109,2,2,78,37,20,20,11,3,8,0,3,62,33,16,8,10,5,12
2021-1797,Ostrava,Clay,32,C,,20210426,29,BM95,3,,Benjamin Bonzi,R,183,FRA,24.879,126,621,Y218,,,Elias Ymer,R,185,SWE,25.043,193,356,6-3 4-6 7-6(5),3,SF,152,2,7,106,54,35,22,15,10,17,2,3,116,70,44,17,16,5,13
2021-1797,Ostrava,Clay,32,C,,20210426,30,O376,,,Renzo Olivo,R,178,ARG,29.114,231,287,RC91,4,,Arthur Rinderknech,R,196,FRA,25.76,129,618,5-4 RET,3,SF,52,1,0,25,15,9,8,4,0,1,1,3,48,25,17,8,5,10,12
2021-1797,Ostrava,Clay,32,C,,20210426,31,BM95,3,,Benjamin Bonzi,R,183,FRA,24.879,126,621,O376,,,Renzo Olivo,R,178,ARG,29.114,231,287,6-4 6-4,3,F,114,1,0,60,37,26,9,10,5,8,0,2,100,68,37,13,10,8,13
2021-600,Prague,Clay,32,C,,20210509,1,GB93,1,,Norbert Gombos,R,193,SVK,30.738,89,857,L949,,,Henri Laaksonen,R,185,SUI,29.106,137,533,6-7(6) 6-4 6-3,3,R32,154,3,3,111,61,43,29,16,4,6,5,7,120,51,38,32,15,14,18
2021-600,Prague,Clay,32,C,,20210509,2,TE30,,,Alejandro Tabilo,L,188,CHI,23.934,167,430,SE73,2,,Yuichi Sugita,R,175,JPN,32.638,108,731,7-5 4-0 RET,3,R32,62,7,4,52,30,23,14,8,3,4,1,4,46,24,13,10,8,4,8
2021-600,Prague,Clay,32,C,,20210509,3,MF35,3,,Andrej Martin,R,183,SVK,31.633,109,728,P0EV,,,Andrew Paulson,R,191,CZE,19.477,699,32,6-3 6-3,3,R32,72,1,4,62,40,30,12,9,4,5,0,3,48,31,21,7,9,2,6
2021-600,Prague,Clay,32,C,,20210509,4,O376,,,Renzo Olivo,R,178,ARG,29.15,210,332,DB59,4,,Dennis Novak,R,183,AUT,27.696,111,720,6-4 7-6(1),3,R32,111,1,3,81,54,34,15,11,4,7,0,2,86,58,33,12,11,6,10
2021-600,Prague,Clay,32,C,,20210509,5,MH16,,,Yannick Maden,R,185,GER,31.529,203,346,KB09,5,,Denis Kudla,R,180,USA,28.726,117,672,6-1 6-4,3,R32,96,0,2,72,45,26,16,9,9,11,0,3,54,26,13,11,8,3,8
2021-600,Prague,Clay,32,C,,20210509,6,SN54,,,Frederico Ferreira Silva,L,178,POR,26.144,174,415,MQ75,6,,Kamil Majchrzak,R,183,POL,25.32,129,594,6-4 6-7(5) 6-1,3,R32,143,3,0,109,77,43,20,15,9,13,3,7,88,42,24,20,14,4,11
2021-600,Prague,Clay,32,C,,20210509,7,O449,,,Oscar Otte,R,193,GER,27.814,161,444,G967,7,,Peter Gojowczyk,R,188,GER,31.817,132,566,6-3 6-1,3,R32,61,10,2,51,23,21,16,8,2,2,2,4,61,28,18,14,8,6,10
2021-600,Prague,Clay,32,C,,20210509,8,N897,8,,Sumit Nagal,R,178,IND,23.729,140,529,KH56,,,Zdenek Kolar,R,183,CZE,24.58,225,302,6-2 6-4,3,R32,85,1,2,56,37,24,10,9,3,5,0,3,63,43,26,5,9,7,12
2021-600,Prague,Clay,32,C,,20210509,9,C0BC,,,Maxime Cressy,R,201,USA,24.003,157,470,SK47,,,Mohamed Safwat,R,180,EGY,30.637,164,440,6-2 6-2,3,R32,68,6,4,39,26,26,6,8,0,0,3,3,66,39,22,12,8,5,9
2021-600,Prague,Clay,32,C,,20210509,10,GJ37,,,Tallon Griekspoor,R,188,NED,24.851,143,523,R685,,,Lukas Rosol,R,193,CZE,35.792,185,384,6-3 6-0,3,R32,68,8,7,67,42,29,12,7,9,10,1,5,57,40,22,3,8,4,10
2021-600,Prague,Clay,32,C,,20210509,11,KI82,,,Vit Kopriva,R,178,CZE,23.899,270,224,ME89,,,Illya Marchenko,R,185,UKR,33.667,162,444,6-2 6-7(4) 7-6(6),3,R32,185,4,3,109,65,46,22,16,5,9,6,5,120,58,36,31,16,11,17
2021-600,Prague,Clay,32,C,,20210509,12,L0BV,,,Jiri Lehecka,R,185,CZE,19.499,294,186,SX50,,,Roman Safiullin,R,185,RUS,23.754,179,398,4-6 6-3 7-6(4),3,R32,143,4,4,136,80,56,25,16,10,13,4,1,96,57,40,21,15,2,5
2021-600,Prague,Clay,32,C,,20210509,13,PG94,,,Marc Polmans,R,188,AUS,24.019,147,506,MJ01,,,Roberto Marcora,R,193,ITA,31.691,192,366,7-6(4) 6-2,3,R32,114,3,1,71,50,35,11,10,5,6,4,1,87,51,29,16,10,8,11
2021-600,Prague,Clay,32,C,,20210509,14,SC77,,,Sergiy Stakhovsky,R,193,UKR,35.337,213,329,PG20,,,Dmitry Popko,R,191,KAZ,24.539,180,396,6-3 6-4,3,R32,69,8,2,51,31,24,8,9,2,4,2,2,63,39,21,11,10,4,9
2021-600,Prague,Clay,32,C,,20210509,15,V0B2,,,Michael Vrbensky,R,,CZE,21.369,318,164,O513,,,Sebastian Ofner,R,191,AUT,24.991,171,418,7-6(4) 6-3,3,R32,90,1,1,59,32,24,14,10,1,4,3,7,79,35,21,19,11,6,11
2021-600,Prague,Clay,32,C,,20210509,16,Z09D,,,Kacper Zuk,R,183,POL,22.297,176,411,V824,,,Mario Vilella Martinez,R,178,ESP,25.851,178,400,7-6(5) 2-6 7-5,3,R32,125,9,5,108,55,39,27,16,6,10,6,7,91,54,37,24,16,1,4
2021-600,Prague,Clay,32,C,,20210509,17,GB93,1,,Norbert Gombos,R,193,SVK,30.738,89,857,Z09D,,,Kacper Zuk,R,183,POL,22.297,176,411,6-3 6-7(1) 6-3,3,R16,117,5,4,92,55,39,22,14,6,7,4,4,103,44,35,28,16,3,8
2021-600,Prague,Clay,32,C,,20210509,18,V0B2,,,Michael Vrbensky,R,,CZE,21.369,318,164,MF35,3,,Andrej Martin,R,183,SVK,31.633,109,728,6-4 1-6 6-4,3,R16,143,3,5,95,50,27,21,13,10,16,1,6,91,58,34,15,14,9,15
2021-600,Prague,Clay,32,C,,20210509,19,N897,8,,Sumit Nagal,R,178,IND,23.729,140,529,SC77,,,Sergiy Stakhovsky,R,193,UKR,35.337,213,329,4-6 6-1 6-4,3,R16,115,2,4,81,60,42,9,14,4,8,2,5,94,44,25,23,13,8,14
2021-600,Prague,Clay,32,C,,20210509,20,C0BC,,,Maxime Cressy,R,201,USA,24.003,157,470,TE30,,,Alejandro Tabilo,L,188,CHI,23.934,167,430,6-2 7-5,3,R16,80,10,10,55,33,29,10,10,3,4,0,5,70,30,18,20,10,7,11
2021-600,Prague,Clay,32,C,,20210509,21,SN54,,,Frederico Ferreira Silva,L,178,POR,26.144,174,415,PG94,,,Marc Polmans,R,188,AUS,24.019,147,506,6-2 3-6 6-4,3,R16,140,4,1,78,44,23,18,13,5,11,2,3,87,53,27,15,14,4,12
2021-600,Prague,Clay,32,C,,20210509,22,GJ37,,,Tallon Griekspoor,R,188,NED,24.851,143,523,O376,,,Renzo Olivo,R,178,ARG,29.15,210,332,6-3 7-6(3),3,R16,100,2,0,75,47,36,16,11,1,2,4,8,83,49,33,15,10,5,7
2021-600,Prague,Clay,32,C,,20210509,23,KI82,,,Vit Kopriva,R,178,CZE,23.899,270,224,MH16,,,Yannick Maden,R,185,GER,31.529,203,346,4-6 6-4 6-1,3,R16,123,0,2,83,53,29,14,14,3,9,0,5,70,50,25,6,13,4,12
2021-600,Prague,Clay,32,C,,20210509,24,O449,,,Oscar Otte,R,193,GER,27.814,161,444,L0BV,,,Jiri Lehecka,R,185,CZE,19.499,294,186,6-1 3-6 6-3,3,R16,91,4,7,69,32,27,17,12,4,6,2,2,80,53,35,10,13,3,8
2021-600,Prague,Clay,32,C,,20210509,25,GB93,1,,Norbert Gombos,R,193,SVK,30.738,89,857,N897,8,,Sumit Nagal,R,178,IND,23.729,140,529,6-4 6-2,3,QF,82,2,1,59,37,28,7,9,6,9,0,6,66,43,24,5,9,3,9
2021-600,Prague,Clay,32,C,,20210509,26,GJ37,,,Tallon Griekspoor,R,188,NED,24.851,143,523,SN54,,,Frederico Ferreira Silva,L,178,POR,26.144,174,415,6-2 6-4,3,QF,77,3,3,53,32,24,10,9,1,3,0,2,59,36,17,12,9,5,10
2021-600,Prague,Clay,32,C,,20210509,27,O449,,,Oscar Otte,R,193,GER,27.814,161,444,C0BC,,,Maxime Cressy,R,201,USA,24.003,157,470,6-3 7-5,3,QF,83,3,2,70,38,26,18,11,2,4,3,15,62,26,20,14,10,3,7
2021-600,Prague,Clay,32,C,,20210509,28,V0B2,,,Michael Vrbensky,R,,CZE,21.369,318,164,KI82,,,Vit Kopriva,R,178,CZE,23.899,270,224,6-1 6-4,3,QF,78,1,1,52,28,20,16,9,1,2,1,4,55,33,19,9,8,6,10
2021-600,Prague,Clay,32,C,,20210509,29,GJ37,,,Tallon Griekspoor,R,188,NED,24.851,143,523,GB93,1,,Norbert Gombos,R,193,SVK,30.738,89,857,7-6(5) 6-3,3,SF,108,4,3,82,57,39,15,10,6,7,3,5,79,43,36,12,11,1,4
2021-600,Prague,Clay,32,C,,20210509,30,O449,,,Oscar Otte,R,193,GER,27.814,161,444,V0B2,,,Michael Vrbensky,R,,CZE,21.369,318,164,6-3 6-3,3,SF,85,3,2,63,36,30,12,9,4,5,0,6,70,41,27,10,9,4,8
2021-600,Prague,Clay,32,C,,20210509,31,GJ37,,,Tallon Griekspoor,R,188,NED,24.851,143,523,O449,,,Oscar Otte,R,193,GER,27.814,161,444,5-7 6-4 6-4,3,F,128,4,4,95,50,37,22,16,2,6,9,4,102,59,36,24,16,6,11
2021-7077,Prague,Clay,32,C,,20210509,1,MM66,1,,Nikola Milojevic,R,188,SRB,25.889,138,533,A622,,,Andrea Arnaboldi,L,180,ITA,33.366,273,220,6-7(2) 6-0 6-1,3,R32,127,6,3,84,48,36,19,12,7,8,1,5,88,44,21,24,13,6,13
2021-7077,Prague,Clay,32,C,,20210509,2,PG20,2,,Dmitry Popko,R,191,KAZ,24.539,180,396,V717,,,Alexey Vatutin,R,178,RUS,28.531,271,223,7-5 6-1,3,R32,79,7,2,59,29,23,17,10,0,1,1,3,56,38,25,5,9,3,7
2021-7077,Prague,Clay,32,C,,20210509,3,GA79,3,,Lorenzo Giustino,R,180,ITA,29.662,175,413,KD87,,,Evgeny Karlovskiy,R,191,RUS,26.754,282,202,7-6(4) 6-2,3,R32,113,2,3,59,32,22,13,10,3,6,2,6,89,64,34,9,10,14,19
2021-7077,Prague,Clay,32,C,,20210509,4,MJ98,4,,Facundo Mena,R,183,ARG,28.627,255,246,MO55,,,Lucas Miedler,R,183,AUT,24.882,303,174,6-2 7-5,3,R32,73,2,1,50,29,17,16,10,0,2,2,3,54,34,23,6,10,1,6
2021-7077,Prague,Clay,32,C,,20210509,5,F0BT,,,Jonas Forejtek,R,183,CZE,20.164,321,162,J551,5,,Nicolas Jarry,R,201,CHI,25.577,327,152,4-6 6-4 6-2,3,R32,109,1,2,84,50,40,17,14,1,2,6,3,75,39,29,25,14,3,6
2021-7077,Prague,Clay,32,C,,20210509,6,BI47,6,,Riccardo Bonadio,R,180,ITA,27.822,289,194,Z168,,,Mischa Zverev,L,191,GER,33.714,275,214,6-3 2-6 6-3,3,R32,121,2,2,83,47,31,16,13,4,9,4,7,86,54,33,12,13,7,13
2021-7077,Prague,Clay,32,C,,20210509,7,MB53,7,,Adrian Menendez-Maceiras,R,183,ESP,35.529,291,192,BM03,,,Filippo Baldi,R,180,ITA,25.328,276,212,6-3 7-6(2),3,R32,87,8,0,57,41,34,8,10,1,2,0,4,69,41,29,13,11,3,6
2021-7077,Prague,Clay,32,C,,20210509,8,TD47,,,Evgenii Tiurnev,R,191,RUS,24.085,296,185,V0B2,8,,Michael Vrbensky,R,,CZE,21.369,318,164,6-4 6-2,3,R32,78,11,4,51,33,28,11,9,5,5,4,4,61,34,24,11,9,6,9
2021-7077,Prague,Clay,32,C,,20210509,9,BU54,,,Geoffrey Blancaneaux,R,180,FRA,22.752,309,170,RC04,,,Alexander Ritschard,R,193,SUI,27.127,313,168,6-1 6-3,3,R32,66,0,5,47,32,24,8,8,3,4,1,2,47,26,14,7,8,3,8
2021-7077,Prague,Clay,32,C,,20210509,10,FC26,,,Evan Furness,R,173,FRA,22.738,332,148,K0FY,,,Martin Krumich,R,188,CZE,18.368,990,12,4-6 6-4 6-3,3,R32,160,2,4,105,67,40,18,15,6,11,3,2,104,54,37,18,14,11,17
2021-7077,Prague,Clay,32,C,,20210509,11,J09X,,,Filip Cristian Jianu,R,180,ROU,19.639,341,137,AB71,,,JC Aragone,R,178,USA,25.864,310,169,6-0 6-2,3,R32,57,5,0,42,25,17,11,7,0,1,0,4,39,27,11,2,7,1,7
2021-7077,Prague,Clay,32,C,,20210509,12,N0AM,,,Emilio Nava,R,185,USA,19.433,443,91,MI43,,,Gerald Melzer,L,188,AUT,30.823,1129,7,3-6 6-2 6-1,3,R32,91,10,2,76,53,39,9,12,4,7,4,1,68,49,28,9,12,0,6
2021-7077,Prague,Clay,32,C,,20210509,13,O482,,,Gonzalo Oliveira,L,185,VEN,26.223,308,171,K0EU,,,Toby Kodat,R,178,USA,18.319,773,26,6-3 6-1,3,R32,,,,,,,,,,,,,,,,,,,
2021-7077,Prague,Clay,32,C,,20210509,14,SP80,,,Nino Serdarusic,R,191,CRO,24.402,295,186,A0AB,,,Adrian Andreev,R,175,BUL,19.992,379,118,6-3 6-3,3,R32,81,4,0,49,27,21,16,9,2,2,1,2,55,37,22,8,9,2,5
2021-7077,Prague,Clay,32,C,,20210509,15,S0GD,,,Dalibor Svrcina,R,178,CZE,18.601,800,23,S0GR,,,Timofey Skatov,R,173,KAZ,20.296,436,93,6-3 6-2,3,R32,70,0,5,43,21,16,11,8,0,2,0,3,55,36,17,6,9,6,12
2021-7077,Prague,Clay,32,C,,20210509,16,U182,,,Camilo Ugo Carabelli,R,185,ARG,21.895,311,169,AA27,,,Franco Agamenone,R,191,ITA,28.066,487,77,1-6 6-4 6-4,3,R32,119,1,4,82,50,29,19,14,2,7,1,2,82,56,36,14,13,5,9
2021-7077,Prague,Clay,32,C,,20210509,17,MM66,1,,Nikola Milojevic,R,188,SRB,25.889,138,533,BU54,,,Geoffrey Blancaneaux,R,180,FRA,22.752,309,170,3-6 6-3 3-1 RET,3,R16,113,1,0,71,48,32,11,11,4,6,2,2,63,39,25,14,11,1,4
2021-7077,Prague,Clay,32,C,,20210509,18,PG20,2,,Dmitry Popko,R,191,KAZ,24.539,180,396,O482,,,Gonzalo Oliveira,L,185,VEN,26.223,308,171,6-0 6-3,3,R16,59,2,1,48,17,13,20,8,1,2,1,4,39,30,15,1,7,1,6
2021-7077,Prague,Clay,32,C,,20210509,19,FC26,,,Evan Furness,R,173,FRA,22.738,332,148,GA79,3,,Lorenzo Giustino,R,180,ITA,29.662,175,413,7-6(4) 4-6 6-3,3,R16,185,6,3,110,72,55,20,16,2,3,2,4,113,69,47,22,15,8,9
2021-7077,Prague,Clay,32,C,,20210509,20,MJ98,4,,Facundo Mena,R,183,ARG,28.627,255,246,SP80,,,Nino Serdarusic,R,191,CRO,24.402,295,186,6-2 6-4,3,R16,94,5,3,72,40,28,16,9,4,5,2,2,56,35,20,9,9,1,5
2021-7077,Prague,Clay,32,C,,20210509,21,BI47,6,,Riccardo Bonadio,R,180,ITA,27.822,289,194,N0AM,,,Emilio Nava,R,185,USA,19.433,443,91,6-4 6-3,3,R16,65,3,1,46,32,28,7,9,0,1,0,1,59,41,27,7,10,2,6
2021-7077,Prague,Clay,32,C,,20210509,22,S0GD,,,Dalibor Svrcina,R,178,CZE,18.601,800,23,MB53,7,,Adrian Menendez-Maceiras,R,183,ESP,35.529,291,192,6-7(5) 6-1 6-4,3,R16,148,2,3,98,66,45,15,15,3,7,3,2,87,46,28,17,14,5,12
2021-7077,Prague,Clay,32,C,,20210509,23,F0BT,,,Jonas Forejtek,R,183,CZE,20.164,321,162,J09X,,,Filip Cristian Jianu,R,180,ROU,19.639,341,137,6-2 4-6 6-1,3,R16,102,6,2,69,42,29,15,13,0,3,1,2,83,50,25,16,12,8,14
2021-7077,Prague,Clay,32,C,,20210509,24,U182,,,Camilo Ugo Carabelli,R,185,ARG,21.895,311,169,TD47,,,Evgenii Tiurnev,R,191,RUS,24.085,296,185,6-3 6-4,3,R16,75,0,2,68,43,31,16,10,4,4,4,5,47,26,23,7,9,0,2
2021-7077,Prague,Clay,32,C,,20210509,25,F0BT,,,Jonas Forejtek,R,183,CZE,20.164,321,162,MM66,1,,Nikola Milojevic,R,188,SRB,25.889,138,533,6-4 6-3,3,QF,88,7,4,62,39,31,12,10,5,6,3,5,63,39,27,8,9,10,13
2021-7077,Prague,Clay,32,C,,20210509,26,PG20,2,,Dmitry Popko,R,191,KAZ,24.539,180,396,BI47,6,,Riccardo Bonadio,R,180,ITA,27.822,289,194,6-3 6-2,3,QF,82,1,1,60,31,22,18,9,3,4,0,1,50,24,15,10,8,3,7
2021-7077,Prague,Clay,32,C,,20210509,27,MJ98,4,,Facundo Mena,R,183,ARG,28.627,255,246,U182,,,Camilo Ugo Carabelli,R,185,ARG,21.895,311,169,6-3 6-7(6) 6-1,3,QF,140,2,3,93,54,41,19,13,9,11,3,2,103,61,38,19,15,1,8
2021-7077,Prague,Clay,32,C,,20210509,28,S0GD,,,Dalibor Svrcina,R,178,CZE,18.601,800,23,FC26,,,Evan Furness,R,173,FRA,22.738,332,148,7-5 5-7 6-4,3,QF,141,0,5,101,80,44,14,17,9,15,2,2,102,68,39,16,17,6,13
2021-7077,Prague,Clay,32,C,,20210509,29,PG20,2,,Dmitry Popko,R,191,KAZ,24.539,180,396,MJ98,4,,Facundo Mena,R,183,ARG,28.627,255,246,6-1 6-2,3,SF,76,4,2,52,26,19,15,8,2,3,0,7,56,29,18,6,7,2,7
2021-7077,Prague,Clay,32,C,,20210509,30,S0GD,,,Dalibor Svrcina,R,178,CZE,18.601,800,23,F0BT,,,Jonas Forejtek,R,183,CZE,20.164,321,162,7-5 6-4,3,SF,92,1,2,78,54,36,11,11,3,6,3,1,70,46,27,9,11,4,9
2021-7077,Prague,Clay,32,C,,20210509,31,S0GD,,,Dalibor Svrcina,R,178,CZE,18.601,800,23,PG20,2,,Dmitry Popko,R,191,KAZ,24.539,180,396,6-0 7-5,3,F,97,0,1,53,36,27,9,9,4,6,3,4,80,44,22,15,9,5,11
2021-9550,Prague,Clay,32,C,,20210509,1,KD87,1,,Evgeny Karlovskiy,R,191,RUS,26.754,282,202,CG07,,,Hernan Casanova,R,178,ARG,27.253,394,112,6-2 6-3,3,R32,64,2,3,43,30,23,9,9,0,1,0,2,59,37,20,10,8,6,10
2021-9550,Prague,Clay,32,C,,20210509,2,RC04,2,,Alexander Ritschard,R,193,SUI,27.127,313,168,O340,,,Roberto Ortega-Olmedo,R,168,ESP,30.026,297,184,6-1 6-1,3,R32,61,4,0,39,23,17,13,7,1,1,1,3,47,21,10,10,7,6,11
2021-9550,Prague,Clay,32,C,,20210509,3,PH42,,,Matija Pecotic,L,185,CRO,31.849,349,132,TD47,3,,Evgenii Tiurnev,R,191,RUS,24.085,296,185,7-6(6) 6-2,3,R32,102,7,5,89,54,35,17,10,5,7,11,3,62,30,23,11,10,2,6
2021-9550,Prague,Clay,32,C,,20210509,4,BU54,4,,Geoffrey Blancaneaux,R,180,FRA,22.752,309,170,C0H0,,,Arthur Cazaux,R,183,FRA,18.71,589,51,6-4 7-6(6),3,R32,135,1,2,81,61,41,10,11,3,5,5,0,93,56,34,18,11,9,12
2021-9550,Prague,Clay,32,C,,20210509,5,O660,,,Genaro Alberto Olivieri,R,175,ARG,22.762,429,95,F0BT,5,,Jonas Forejtek,R,183,CZE,20.164,321,162,6-2 6-4,3,R32,70,6,2,54,30,24,15,9,5,5,1,1,61,47,28,7,9,1,4
2021-9550,Prague,Clay,32,C,,20210509,6,GG65,6,,Michael Geerts,R,178,BEL,26.308,367,123,K0FY,,,Martin Krumich,R,188,CZE,18.368,990,12,6-2 6-4,3,R32,87,3,0,56,33,21,10,9,2,6,1,5,66,37,18,9,9,11,18
2021-9550,Prague,Clay,32,C,,20210509,7,P0DF,,,Matheus Pucinelli De Almeida,R,183,BRA,20.104,568,56,J09X,7,,Filip Cristian Jianu,R,180,ROU,19.639,341,137,7-6(4) 6-2,3,R32,92,3,0,57,38,27,12,10,0,2,2,2,56,38,24,8,10,1,5
2021-9550,Prague,Clay,32,C,,20210509,8,PH78,,,Ryan Peniston,L,180,GBR,25.495,377,119,Z246,8,,Miljan Zekic,R,185,SRB,32.824,411,102,6-0 4-1 RET,3,R32,49,0,2,32,18,14,11,6,0,0,0,0,39,34,13,2,5,5,9
2021-9550,Prague,Clay,32,C,,20210509,9,AA27,,,Franco Agamenone,R,191,ITA,28.066,487,77,S0GZ,,,Nikolas Sanchez Izquierdo,R,185,ESP,22.152,363,125,6-3 6-3,3,R32,91,0,1,53,41,28,5,9,2,4,0,2,61,40,24,6,9,3,8
2021-9550,Prague,Clay,32,C,,20210509,10,D0CG,,,Facundo Diaz Acosta,L,183,ARG,20.397,397,109,DA67,,,Matteo Donati,R,185,ITA,26.193,921,15,6-1 6-3,3,R32,65,2,1,51,25,18,16,8,6,7,1,4,51,37,17,6,8,2,7
2021-9550,Prague,Clay,32,C,,20210509,11,H09F,,,Yu Hsiou Hsu,R,178,TPE,22.103,384,117,V717,,,Alexey Vatutin,R,178,RUS,28.531,271,223,6-3 6-0,3,R32,65,5,0,43,22,17,14,8,2,3,0,1,45,33,15,4,7,4,9
2021-9550,Prague,Clay,32,C,,20210509,12,I236,,,Uladzimir Ignatik,R,183,BLR,30.82,344,136,P09O,,,Zsombor Piros,R,180,HUN,21.572,451,89,6-4 6-3,3,R32,75,6,1,54,37,33,7,9,2,2,2,4,63,33,19,16,10,5,8
2021-9550,Prague,Clay,32,C,,20210509,13,M0AC,,,Rudolf Molleker,R,188,GER,20.534,253,246,P0EV,,,Andrew Paulson,R,191,CZE,19.477,699,32,7-5 4-6 6-1,3,R32,111,6,3,83,44,33,23,15,1,3,7,2,95,52,35,21,14,6,10
2021-9550,Prague,Clay,32,C,,20210509,14,RG42,,,Alex Rybakov,L,185,USA,24.279,445,91,HB31,,,Johannes Haerteis,L,196,GER,25.21,329,151,6-4 6-2,3,R32,77,4,0,52,42,24,8,9,4,6,1,1,51,33,19,6,9,1,6
2021-9550,Prague,Clay,32,C,,20210509,15,SF36,,,Igor Sijsling,R,191,NED,33.725,306,172,S0LT,,,Daniel Siniakov,R,183,CZE,18.313,1621,2,6-4 6-3,3,R32,65,2,1,59,32,21,19,9,4,5,1,4,57,42,28,3,10,2,6
2021-9550,Prague,Clay,32,C,,20210509,16,U120,,,Kaichi Uchida,R,180,JPN,26.71,335,143,CF10,,,Nick Chappell,L,178,USA,28.635,358,128,6-4 3-6 6-1,3,R32,115,3,4,78,46,34,14,13,5,9,4,3,82,41,24,18,13,3,9
2021-9550,Prague,Clay,32,C,,20210509,17,KD87,1,,Evgeny Karlovskiy,R,191,RUS,26.754,282,202,M0AC,,,Rudolf Molleker,R,188,GER,20.534,253,246,5-7 6-4 6-2,3,R16,104,12,0,81,48,38,22,15,2,3,4,6,87,47,34,19,15,0,3
2021-9550,Prague,Clay,32,C,,20210509,18,U120,,,Kaichi Uchida,R,180,JPN,26.71,335,143,RC04,2,,Alexander Ritschard,R,193,SUI,27.127,313,168,7-6(4) 7-5,3,R16,104,9,4,90,45,31,25,12,9,11,9,5,64,40,30,9,12,1,4
2021-9550,Prague,Clay,32,C,,20210509,19,AA27,,,Franco Agamenone,R,191,ITA,28.066,487,77,BU54,4,,Geoffrey Blancaneaux,R,180,FRA,22.752,309,170,7-5 6-4,3,R16,118,0,0,70,49,29,12,11,1,4,0,1,77,50,23,16,11,7,12
2021-9550,Prague,Clay,32,C,,20210509,20,GG65,6,,Michael Geerts,R,178,BEL,26.308,367,123,RG42,,,Alex Rybakov,L,185,USA,24.279,445,91,6-2 6-2,3,R16,64,1,0,40,26,24,8,8,0,0,5,4,52,33,18,8,8,2,6
2021-9550,Prague,Clay,32,C,,20210509,21,D0CG,,,Facundo Diaz Acosta,L,183,ARG,20.397,397,109,PH42,,,Matija Pecotic,L,185,CRO,31.849,349,132,6-3 7-6(7),3,R16,109,2,1,71,37,27,19,10,7,9,1,4,70,39,26,17,11,3,7
2021-9550,Prague,Clay,32,C,,20210509,22,O660,,,Genaro Alberto Olivieri,R,175,ARG,22.762,429,95,H09F,,,Yu Hsiou Hsu,R,178,TPE,22.103,384,117,6-3 6-4,3,R16,100,1,2,55,27,18,15,9,3,5,1,2,70,50,25,9,10,6,11
2021-9550,Prague,Clay,32,C,,20210509,23,PH78,,,Ryan Peniston,L,180,GBR,25.495,377,119,I236,,,Uladzimir Ignatik,R,183,BLR,30.82,344,136,6-2 2-6 6-3,3,R16,142,0,3,104,74,46,12,13,10,14,2,0,76,44,27,13,12,7,12
2021-9550,Prague,Clay,32,C,,20210509,24,SF36,,,Igor Sijsling,R,191,NED,33.725,306,172,P0DF,,,Matheus Pucinelli De Almeida,R,183,BRA,20.104,568,56,6-2 2-6 3-2 RET,3,R16,126,2,3,74,45,30,13,10,8,11,1,2,86,56,36,9,11,8,12
2021-9550,Prague,Clay,32,C,,20210509,25,O660,,,Genaro Alberto Olivieri,R,175,ARG,22.762,429,95,KD87,1,,Evgeny Karlovskiy,R,191,RUS,26.754,282,202,6-7(6) 6-4 6-4,3,QF,160,6,5,104,59,44,22,16,5,8,2,4,101,61,44,14,16,4,9
2021-9550,Prague,Clay,32,C,,20210509,26,AA27,,,Franco Agamenone,R,191,ITA,28.066,487,77,GG65,6,,Michael Geerts,R,178,BEL,26.308,367,123,5-7 7-5 6-3,3,QF,175,2,4,112,82,54,12,16,13,18,3,1,106,62,41,18,17,5,12
2021-9550,Prague,Clay,32,C,,20210509,27,PH78,,,Ryan Peniston,L,180,GBR,25.495,377,119,D0CG,,,Facundo Diaz Acosta,L,183,ARG,20.397,397,109,6-3 6-1,3,QF,68,0,1,44,31,18,10,8,0,2,0,2,50,30,15,5,8,6,12
2021-9550,Prague,Clay,32,C,,20210509,28,SF36,,,Igor Sijsling,R,191,NED,33.725,306,172,U120,,,Kaichi Uchida,R,180,JPN,26.71,335,143,7-5 6-3,3,QF,75,9,4,69,48,33,11,11,4,6,4,2,63,33,19,15,10,5,9
2021-9550,Prague,Clay,32,C,,20210509,29,AA27,,,Franco Agamenone,R,191,ITA,28.066,487,77,SF36,,,Igor Sijsling,R,191,NED,33.725,306,172,6-3 6-0,3,SF,60,3,0,49,34,25,9,8,2,3,0,2,52,27,15,8,7,7,12
2021-9550,Prague,Clay,32,C,,20210509,30,PH78,,,Ryan Peniston,L,180,GBR,25.495,377,119,O660,,,Genaro Alberto Olivieri,R,175,ARG,22.762,429,95,6-1 7-5,3,SF,116,1,4,78,50,35,12,10,10,12,4,3,76,39,20,16,9,12,17
2021-9550,Prague,Clay,32,C,,20210509,31,AA27,,,Franco Agamenone,R,191,ITA,28.066,487,77,PH78,,,Ryan Peniston,L,180,GBR,25.495,377,119,6-3 6-1,3,F,88,1,1,61,42,29,9,8,4,5,1,2,47,36,17,3,8,3,8
2021-460,Heilbronn,Clay,32,C,,20210516,1,O449,,,Oscar Otte,R,193,GER,27.833,153,485,V708,1,,Jiri Vesely,L,198,CZE,27.849,73,971,7-6(2) 7-6(3),3,R32,112,9,6,70,39,35,17,12,2,4,5,7,97,55,41,19,12,5,7
2021-460,Heilbronn,Clay,32,C,,20210516,2,H997,,,Yannick Hanfmann,R,193,GER,29.506,95,822,GJ37,,,Tallon Griekspoor,R,188,NED,24.871,130,589,6-0 6-4,3,R32,74,2,4,45,29,24,8,8,1,2,2,5,66,40,18,12,8,4,9
2021-460,Heilbronn,Clay,32,C,,20210516,3,DB59,3,,Dennis Novak,R,183,AUT,27.715,109,720,MH16,,,Yannick Maden,R,185,GER,31.548,203,346,6-2 2-6 7-5,3,R32,141,6,0,92,58,37,15,14,7,11,1,1,98,57,33,21,14,7,12
2021-460,Heilbronn,Clay,32,C,,20210516,4,GE33,4,,Daniel Elahi Galan,R,191,COL,24.909,110,712,PG94,,,Marc Polmans,R,188,AUS,24.038,147,506,6-1 6-1,3,R32,63,4,2,47,24,19,13,7,2,2,0,7,50,29,15,7,7,5,10
2021-460,Heilbronn,Clay,32,C,,20210516,5,DA81,5,,Taro Daniel,R,191,JPN,28.298,112,705,AE14,,,Daniel Altmaier,R,188,GER,22.675,144,516,7-5 6-0,3,R32,85,6,3,49,30,23,10,9,1,3,3,5,66,29,23,8,9,8,14
2021-460,Heilbronn,Clay,32,C,,20210516,6,N897,,,Sumit Nagal,R,178,IND,23.748,140,534,KB09,6,,Denis Kudla,R,180,USA,28.745,118,672,7-5 1-6 6-1,3,R32,129,2,2,99,79,48,7,13,11,15,2,3,85,49,29,18,13,5,10
2021-460,Heilbronn,Clay,32,C,,20210516,7,K435,7,,Philipp Kohlschreiber,R,178,GER,37.582,121,644,J620,,,Maxime Janvier,R,196,FRA,24.575,225,301,6-4 6-3,3,R32,90,2,1,58,35,24,13,9,2,3,0,5,59,34,22,9,10,1,5
2021-460,Heilbronn,Clay,32,C,,20210516,8,MK66,8,,Mackenzie McDonald,R,178,USA,26.084,120,647,V832,,,Aleksandar Vukic,R,188,AUS,25.109,209,336,6-3 4-3 RET,3,R32,76,7,3,55,28,17,15,8,5,7,4,7,63,31,22,11,8,6,10
2021-460,Heilbronn,Clay,32,C,,20210516,9,CG33,,,Kimmer Coppejans,R,178,BEL,27.269,176,406,TE16,,,Carlos Taberner,R,183,ESP,23.77,136,555,6-2 6-1,3,R32,65,6,0,44,24,19,15,8,1,1,0,2,38,20,10,8,7,3,7
2021-460,Heilbronn,Clay,32,C,,20210516,10,EA24,,,Tomas Martin Etcheverry,R,196,ARG,21.829,226,295,KB54,,,Andrey Kuznetsov,R,183,RUS,30.229,450,88,6-3 6-2,3,R32,81,4,1,42,34,21,4,8,0,3,1,1,69,35,14,14,9,10,17
2021-460,Heilbronn,Clay,32,C,,20210516,11,G983,,,Alessandro Giannessi,L,185,ITA,30.962,161,458,GA94,,,Prajnesh Gunneswaran,L,188,IND,31.507,148,496,7-6(4) 6-1,3,R32,88,2,2,61,39,31,12,10,0,1,0,5,70,37,24,15,9,6,9
2021-460,Heilbronn,Clay,32,C,,20210516,12,HA71,,,Antoine Hoang,R,183,FRA,25.53,131,570,M0AC,,,Rudolf Molleker,R,188,GER,20.553,254,241,6-0 3-6 6-3,3,R32,97,2,4,66,43,34,12,12,1,2,5,3,80,43,29,16,12,5,9
2021-460,Heilbronn,Clay,32,C,,20210516,13,MN70,,,Joao Menezes,R,185,BRA,24.411,196,357,KI48,,,Ergi Kirkin,R,180,TUR,22.3,402,105,7-6(6) 2-6 7-5,3,R32,191,5,3,112,66,47,23,16,3,7,2,7,121,63,44,29,16,6,9
2021-460,Heilbronn,Clay,32,C,,20210516,14,MJ71,,,Mats Moraing,L,198,GER,28.903,267,228,L949,,,Henri Laaksonen,R,185,SUI,29.125,149,493,7-6(2) 6-2,3,R32,84,8,2,68,38,30,18,10,2,3,2,4,68,33,21,19,10,6,9
2021-460,Heilbronn,Clay,32,C,,20210516,15,N0AE,,,Brandon Nakashima,R,188,USA,19.784,138,543,HH06,,,Marc-Andrea Huesler,L,196,SUI,24.893,160,459,6-7(3) 6-4 7-6(3),3,R32,174,3,6,123,64,48,34,17,6,7,19,5,136,71,50,34,17,11,13
2021-460,Heilbronn,Clay,32,C,,20210516,16,Z419,,,Bernabe Zapata Miralles,R,183,ESP,24.339,139,543,ME89,,,Illya Marchenko,R,185,UKR,33.687,162,443,6-3 7-6(2),3,R32,101,2,4,68,41,30,15,11,4,7,0,4,74,34,20,19,10,5,9
2021-460,Heilbronn,Clay,32,C,,20210516,17,MN70,,,Joao Menezes,R,185,BRA,24.411,196,357,H997,,,Yannick Hanfmann,R,193,GER,29.506,95,822,6-4 6-3,3,R16,96,4,0,56,41,25,9,10,1,3,3,1,68,36,23,13,9,6,10
2021-460,Heilbronn,Clay,32,C,,20210516,18,DB59,3,,Dennis Novak,R,183,AUT,27.715,109,720,MJ71,,,Mats Moraing,L,198,GER,28.903,267,228,7-6(4) 4-6 7-5,3,R16,145,5,1,104,60,40,25,17,2,7,11,5,112,55,39,27,17,8,13
2021-460,Heilbronn,Clay,32,C,,20210516,19,GE33,4,,Daniel Elahi Galan,R,191,COL,24.909,110,712,G983,,,Alessandro Giannessi,L,185,ITA,30.962,161,458,6-7(4) 7-6(7) 6-4,3,R16,180,9,1,128,72,51,32,17,12,14,2,5,108,67,49,20,17,5,8
2021-460,Heilbronn,Clay,32,C,,20210516,20,DA81,5,,Taro Daniel,R,191,JPN,28.298,112,705,EA24,,,Tomas Martin Etcheverry,R,196,ARG,21.829,226,295,6-4 6-1,3,R16,92,3,2,62,28,22,20,9,3,4,1,0,55,29,19,11,8,1,5
2021-460,Heilbronn,Clay,32,C,,20210516,21,K435,7,,Philipp Kohlschreiber,R,178,GER,37.582,121,644,N0AE,,,Brandon Nakashima,R,188,USA,19.784,138,543,3-6 6-4 6-1,3,R16,145,5,2,98,49,32,25,13,9,12,1,5,105,62,38,18,13,11,16
2021-460,Heilbronn,Clay,32,C,,20210516,22,MK66,8,,Mackenzie McDonald,R,178,USA,26.084,120,647,CG33,,,Kimmer Coppejans,R,178,BEL,27.269,176,406,6-4 4-6 6-3,3,R16,130,1,0,83,57,40,11,14,0,3,1,5,94,58,39,15,15,5,10
2021-460,Heilbronn,Clay,32,C,,20210516,23,N897,,,Sumit Nagal,R,178,IND,23.748,140,534,HA71,,,Antoine Hoang,R,183,FRA,25.53,131,570,1-6 6-1 6-4,3,R16,112,1,1,65,55,30,4,12,2,8,0,4,67,44,26,5,12,10,17
2021-460,Heilbronn,Clay,32,C,,20210516,24,Z419,,,Bernabe Zapata Miralles,R,183,ESP,24.339,139,543,O449,,,Oscar Otte,R,193,GER,27.833,153,485,6-2 6-1,3,R16,53,1,0,42,26,17,16,8,0,0,0,4,33,13,7,8,7,1,5
2021-460,Heilbronn,Clay,32,C,,20210516,25,DB59,3,,Dennis Novak,R,183,AUT,27.715,109,720,DA81,5,,Taro Daniel,R,191,JPN,28.298,112,705,6-4 6-4,3,QF,107,4,3,65,47,33,6,10,0,2,1,3,70,37,22,17,10,4,8
2021-460,Heilbronn,Clay,32,C,,20210516,26,GE33,4,,Daniel Elahi Galan,R,191,COL,24.909,110,712,K435,7,,Philipp Kohlschreiber,R,178,GER,37.582,121,644,2-6 6-2 7-6(4),3,QF,142,1,1,100,58,37,15,14,7,14,1,3,97,60,34,14,14,9,16
2021-460,Heilbronn,Clay,32,C,,20210516,27,MK66,8,,Mackenzie McDonald,R,178,USA,26.084,120,647,MN70,,,Joao Menezes,R,185,BRA,24.411,196,357,6-3 6-3,3,QF,85,1,1,55,37,27,10,9,4,5,1,1,58,37,19,9,9,4,8
2021-460,Heilbronn,Clay,32,C,,20210516,28,Z419,,,Bernabe Zapata Miralles,R,183,ESP,24.339,139,543,N897,,,Sumit Nagal,R,178,IND,23.748,140,534,6-3 6-1,3,QF,72,1,2,53,28,19,16,8,2,3,0,2,51,32,15,7,8,3,8
2021-460,Heilbronn,Clay,32,C,,20210516,29,Z419,,,Bernabe Zapata Miralles,R,183,ESP,24.339,139,543,DB59,3,,Dennis Novak,R,183,AUT,27.715,109,720,6-3 1-6 6-3,3,SF,106,2,3,97,66,42,19,13,12,14,3,0,68,38,27,19,12,3,5
2021-460,Heilbronn,Clay,32,C,,20210516,30,GE33,4,,Daniel Elahi Galan,R,191,COL,24.909,110,712,MK66,8,,Mackenzie McDonald,R,178,USA,26.084,120,647,6-4 6-7(4) 7-5,3,SF,143,5,0,115,74,49,23,17,7,10,3,0,103,71,46,20,17,5,10
2021-460,Heilbronn,Clay,32,C,,20210516,31,Z419,,,Bernabe Zapata Miralles,R,183,ESP,24.339,139,543,GE33,4,,Daniel Elahi Galan,R,191,COL,24.909,110,712,6-3 6-4,3,F,73,0,0,52,36,30,11,10,2,2,3,1,65,37,26,14,9,3,5
2021-9500,Zagreb,Clay,32,C,,20210516,1,CE77,1,,Federico Coria,R,180,ARG,29.185,91,843,SK47,,,Mohamed Safwat,R,180,EGY,30.656,163,440,6-4 7-6(7),3,R32,116,3,2,77,56,36,11,11,3,6,0,3,65,44,30,7,11,0,4
2021-9500,Zagreb,Clay,32,C,,20210516,2,MO44,2,,Pedro Martinez,R,185,ESP,24.055,94,825,SP80,,,Nino Serdarusic,R,191,CRO,24.422,295,186,6-4 6-7(1) 6-3,3,R32,188,2,2,97,64,44,23,16,8,10,7,4,105,63,43,21,15,10,14
2021-9500,Zagreb,Clay,32,C,,20210516,3,MF35,3,,Andrej Martin,R,183,SVK,31.652,116,688,J380,,,Jason Jung,R,180,TPE,31.918,151,488,2-6 7-6(4) 4-0 RET,3,R32,147,4,4,100,69,39,13,12,12,19,1,5,93,56,33,14,12,4,11
2021-9500,Zagreb,Clay,32,C,,20210516,4,MM66,,,Nikola Milojevic,R,188,SRB,25.908,141,533,U134,4,,Yasutaka Uchiyama,R,183,JPN,28.778,113,704,6-3 6-2,3,R32,83,4,1,41,26,23,10,9,0,1,1,2,50,22,14,11,8,2,6
2021-9500,Zagreb,Clay,32,C,,20210516,5,V836,,,Juan Pablo Varillas,R,185,PER,25.61,133,564,S483,5,,Pedro Sousa,R,180,POR,32.969,111,709,7-6(4) 7-5,3,R32,109,6,1,68,38,33,16,12,1,3,5,1,77,53,34,12,12,1,4
2021-9500,Zagreb,Clay,32,C,,20210516,6,TE30,,,Alejandro Tabilo,L,188,CHI,23.953,166,430,BM95,6,,Benjamin Bonzi,R,183,FRA,24.934,115,693,6-4 6-1,3,R32,79,2,2,51,27,23,14,8,4,4,0,4,52,30,20,10,9,4,8
2021-9500,Zagreb,Clay,32,C,,20210516,7,D923,7,,Damir Dzumhur,R,175,BIH,28.988,119,667,SC47,,,Go Soeda,R,178,JPN,36.693,158,469,6-4 6-3,3,R32,87,0,0,46,33,23,9,9,0,2,0,3,63,44,25,7,10,2,7
2021-9500,Zagreb,Clay,32,C,,20210516,8,SX91,8,,Thiago Seyboth Wild,R,185,BRA,21.183,126,633,SX50,,,Roman Safiullin,R,185,RUS,23.773,179,393,0-6 7-5 7-5,3,R32,185,3,8,97,50,33,21,15,3,8,5,3,98,48,31,27,15,9,13
2021-9500,Zagreb,Clay,32,C,,20210516,9,B0BI,,,Sebastian Baez,R,170,ARG,20.381,218,311,RB56,,,Ramkumar Ramanathan,R,188,IND,26.519,215,321,6-4 6-0,3,R32,77,0,0,53,40,28,7,8,5,6,2,5,59,32,16,11,8,4,9
2021-9500,Zagreb,Clay,32,C,,20210516,10,BS86,,,Tomas Barrios Vera,R,191,CHI,23.431,243,266,PG20,,,Dmitry Popko,R,191,KAZ,24.559,193,362,6-4 6-2,3,R32,98,2,0,43,30,27,9,9,0,0,8,2,69,29,21,18,9,5,8
2021-9500,Zagreb,Clay,32,C,,20210516,11,C0C8,,,Juan Manuel Cerundolo,L,183,ARG,19.499,152,486,D864,,,Evgeny Donskoy,R,185,RUS,31.02,135,562,6-3 6-2,3,R32,82,1,0,46,33,21,9,8,0,2,3,5,64,28,18,11,9,2,8
2021-9500,Zagreb,Clay,32,C,,20210516,12,GH92,,,Borna Gojo,R,196,CRO,23.214,238,277,G858,,,Ernests Gulbis,R,191,LAT,32.709,185,379,7-6(5) 7-6(5),3,R32,149,12,2,70,50,40,10,12,2,5,7,6,96,52,37,20,12,4,7
2021-9500,Zagreb,Clay,32,C,,20210516,13,MD56,,,Leonardo Mayer,R,191,ARG,34.004,159,465,SN54,,,Frederico Ferreira Silva,L,178,POR,26.163,170,423,6-3 6-7(4) 6-3,3,R32,188,10,6,117,75,51,25,16,5,6,2,1,90,63,45,13,14,2,5
2021-9500,Zagreb,Clay,32,C,,20210516,14,RA51,,,Blaz Rola,L,193,SLO,30.612,156,476,V733,,,Antun Vidak,R,178,CRO,28.011,1867,1,6-0 6-1,3,R32,52,6,3,35,17,15,13,7,0,0,2,5,35,11,7,6,6,4,9
2021-9500,Zagreb,Clay,32,C,,20210516,15,V812,,,Botic van de Zandschulp,R,191,NED,25.615,154,482,MP01,,,Michael Mmoh,R,188,USA,23.346,169,423,6-4 3-6 7-5,3,R32,173,1,3,98,64,41,19,16,6,10,0,4,108,81,52,12,15,10,14
2021-9500,Zagreb,Clay,32,C,,20210516,16,Z09D,,,Kacper Zuk,R,183,POL,22.316,171,418,R09X,,,Jurij Rodionov,L,191,AUT,22.001,142,530,4-6 6-3 6-3,3,R32,109,7,4,75,44,31,19,14,1,4,2,2,84,51,29,19,14,4,9
2021-9500,Zagreb,Clay,32,C,,20210516,17,C0C8,,,Juan Manuel Cerundolo,L,183,ARG,19.499,152,486,CE77,1,,Federico Coria,R,180,ARG,29.185,91,843,7-6(4) 6-2,3,R16,122,0,0,71,54,35,12,10,7,9,0,2,74,51,30,8,10,3,7
2021-9500,Zagreb,Clay,32,C,,20210516,18,MO44,2,,Pedro Martinez,R,185,ESP,24.055,94,825,Z09D,,,Kacper Zuk,R,183,POL,22.316,171,418,7-6(6) 6-2,3,R16,105,1,0,67,45,38,13,10,3,3,5,3,67,43,32,10,10,4,6
2021-9500,Zagreb,Clay,32,C,,20210516,19,BS86,,,Tomas Barrios Vera,R,191,CHI,23.431,243,266,MF35,3,,Andrej Martin,R,183,SVK,31.652,116,688,2-6 6-3 6-2,3,R16,129,1,2,78,49,37,12,13,4,7,0,2,77,46,31,13,12,4,8
2021-9500,Zagreb,Clay,32,C,,20210516,20,B0BI,,,Sebastian Baez,R,170,ARG,20.381,218,311,D923,7,,Damir Dzumhur,R,175,BIH,28.988,119,667,6-7(5) 6-1 7-5,3,R16,155,0,0,115,92,53,15,16,9,13,0,3,99,72,38,16,15,6,13
2021-9500,Zagreb,Clay,32,C,,20210516,21,SX91,8,,Thiago Seyboth Wild,R,185,BRA,21.183,126,633,GH92,,,Borna Gojo,R,196,CRO,23.214,238,277,7-5 6-4,3,R16,129,7,2,77,52,33,14,11,5,7,1,4,64,35,27,11,11,6,10
2021-9500,Zagreb,Clay,32,C,,20210516,22,MM66,,,Nikola Milojevic,R,188,SRB,25.908,141,533,MD56,,,Leonardo Mayer,R,191,ARG,34.004,159,465,7-6(4) 6-2,3,R16,116,5,4,72,45,34,12,10,3,4,0,4,54,25,19,13,10,1,4
2021-9500,Zagreb,Clay,32,C,,20210516,23,V812,,,Botic van de Zandschulp,R,191,NED,25.615,154,482,TE30,,,Alejandro Tabilo,L,188,CHI,23.953,166,430,6-1 2-6 6-4,3,R16,116,5,3,70,44,27,17,13,0,4,0,3,74,39,22,17,12,6,11
2021-9500,Zagreb,Clay,32,C,,20210516,24,V836,,,Juan Pablo Varillas,R,185,PER,25.61,133,564,RA51,,,Blaz Rola,L,193,SLO,30.612,156,476,6-4 6-2,3,R16,93,4,0,58,28,20,17,9,5,6,1,1,48,23,16,10,9,1,5
2021-9500,Zagreb,Clay,32,C,,20210516,25,B0BI,,,Sebastian Baez,R,170,ARG,20.381,218,311,MO44,2,,Pedro Martinez,R,185,ESP,24.055,94,825,3-6 6-3 6-4,3,QF,146,2,2,92,67,41,15,14,4,8,0,3,80,56,36,10,14,5,10
2021-9500,Zagreb,Clay,32,C,,20210516,26,BS86,,,Tomas Barrios Vera,R,191,CHI,23.431,243,266,SX91,8,,Thiago Seyboth Wild,R,185,BRA,21.183,126,633,6-4 6-2,3,QF,98,2,2,54,34,27,9,9,2,3,0,3,56,37,21,8,9,1,5
2021-9500,Zagreb,Clay,32,C,,20210516,27,C0C8,,,Juan Manuel Cerundolo,L,183,ARG,19.499,152,486,V812,,,Botic van de Zandschulp,R,191,NED,25.615,154,482,6-4 6-7(3) 6-2,3,QF,162,0,2,113,85,49,19,15,7,9,3,3,89,55,37,16,15,2,7
2021-9500,Zagreb,Clay,32,C,,20210516,28,V836,,,Juan Pablo Varillas,R,185,PER,25.61,133,564,MM66,,,Nikola Milojevic,R,188,SRB,25.908,141,533,7-6(3) 6-3,3,QF,148,4,0,84,44,28,27,11,5,6,0,2,56,45,31,8,10,2,4
2021-9500,Zagreb,Clay,32,C,,20210516,29,B0BI,,,Sebastian Baez,R,170,ARG,20.381,218,311,BS86,,,Tomas Barrios Vera,R,191,CHI,23.431,243,266,6-3 6-4,3,SF,78,1,1,50,40,26,6,9,2,4,3,2,63,42,25,8,10,5,10
2021-9500,Zagreb,Clay,32,C,,20210516,30,V836,,,Juan Pablo Varillas,R,185,PER,25.61,133,564,C0C8,,,Juan Manuel Cerundolo,L,183,ARG,19.499,152,486,5-1 RET,3,SF,38,0,0,30,14,11,8,3,2,2,0,0,20,16,7,2,3,3,5
2021-9500,Zagreb,Clay,32,C,,20210516,31,B0BI,,,Sebastian Baez,R,170,ARG,20.381,218,311,V836,,,Juan Pablo Varillas,R,185,PER,25.61,133,564,3-6 6-3 6-1,3,F,126,2,1,75,61,41,7,12,3,5,1,2,73,41,27,13,13,1,6
2021-9188,Little Rock,Hard,32,C,,20210531,1,J380,1,,Jason Jung,R,180,TPE,31.959,160,448,HB05,,,Christian Harrison,R,180,USA,27.006,301,182,6-1 6-2,3,R32,63,2,4,53,35,28,9,8,3,3,5,1,47,34,16,6,7,4,8
2021-9188,Little Rock,Hard,32,C,,20210531,2,GA36,3,,Emilio Gomez,R,185,ECU,29.506,179,399,V620,,,Agustin Velotti,R,,ARG,29.018,336,142,7-6(2) 6-3,3,R32,101,2,0,57,32,26,18,10,0,0,5,3,85,43,31,21,11,10,12
2021-9188,Little Rock,Hard,32,C,,20210531,3,E873,4,,Ernesto Escobedo,R,185,MEX,24.906,188,378,Y124,,,Donald Young,L,183,USA,31.855,346,134,6-3 6-0,3,R32,57,8,1,49,32,25,9,7,3,3,3,7,40,28,13,2,8,0,5
2021-9188,Little Rock,Hard,32,C,,20210531,4,KC12,5,,Mitchell Krueger,R,188,USA,27.381,207,338,K0EQ,,,Zane Khan,R,185,USA,19.299,496,75,6-2 6-4,3,R32,78,8,0,54,37,26,10,9,3,4,7,2,53,31,22,7,9,0,4
2021-9188,Little Rock,Hard,32,C,,20210531,5,KD35,6,,Thai-Son Kwiatkowski,R,188,USA,26.294,219,314,KE64,,,Stefan Kozlov,R,183,USA,23.326,366,124,6-2 6-1,3,R32,75,4,2,43,30,22,9,7,3,3,1,5,57,37,17,7,8,4,9
2021-9188,Little Rock,Hard,32,C,,20210531,6,MP13,,,Mukund Sasikumar,R,185,IND,24.375,326,151,CF88,7,,Roberto Cid Subervi,R,193,DOM,27.751,238,275,6-3 6-4,3,R32,,,,,,,,,,,,,,,,,,,
2021-9188,Little Rock,Hard,32,C,,20210531,7,E865,8,,Christopher Eubanks,R,201,USA,25.07,241,271,M0AW,,,Nicolas Mejia,R,183,COL,21.3,341,136,6-3 7-6(3),3,R32,110,8,1,73,51,43,9,11,0,0,4,1,76,49,34,13,10,4,5
2021-9188,Little Rock,Hard,32,C,,20210531,8,C0AK,,,Oliver Crawford,R,180,GBR,22.086,453,87,PB22,9,,Peter Polansky,R,183,CAN,32.958,244,265,7-5 6-2,3,R32,97,3,0,63,35,24,19,10,0,0,9,0,54,30,21,13,10,3,6
2021-9188,Little Rock,Hard,32,C,,20210531,9,BV27,,,Ulises Blanch,R,188,USA,23.184,254,242,S0K7,,,Zachary Svajda,R,175,USA,18.502,781,25,5-7 6-3 6-3,3,R32,119,15,4,103,69,53,13,15,5,7,9,5,84,42,33,25,15,6,10
2021-9188,Little Rock,Hard,32,C,,20210531,10,GK06,,,Alexis Galarneau,R,180,CAN,22.248,462,83,AB71,,,JC Aragone,R,178,USA,25.925,312,169,6-3 6-3,3,R32,93,6,2,59,34,25,14,9,6,7,0,6,63,35,21,11,9,3,7
2021-9188,Little Rock,Hard,32,C,,20210531,11,KA22,,,Dayne Kelly,R,,AUS,30.856,381,115,CF10,,,Nick Chappell,L,178,USA,28.695,360,128,6-1 7-5,3,R32,99,1,2,68,37,26,18,10,3,4,5,3,56,35,21,9,9,0,4
2021-9188,Little Rock,Hard,32,C,,20210531,12,KC86,,,Darian King,R,188,BAR,29.095,318,163,T0A1,,,Thiago Agustin Tirante,R,185,ARG,20.14,340,136,6-4 6-4,3,R32,94,0,1,67,53,37,7,10,1,2,2,3,65,42,30,9,10,5,8
2021-9188,Little Rock,Hard,32,C,,20210531,13,MI01,,,Hiroki Moriya,R,168,JPN,30.623,260,234,J551,,,Nicolas Jarry,R,201,CHI,25.637,324,153,6-4 6-2,3,R32,89,4,4,68,42,31,15,9,10,10,8,2,57,34,25,9,9,2,5
2021-9188,Little Rock,Hard,32,C,,20210531,14,O482,,,Gonzalo Oliveira,L,185,VEN,26.283,317,165,H940,,,Ryan Harrison,R,185,USA,29.065,557,60,7-5 7-6(6),3,R32,105,5,5,75,48,39,14,12,0,1,15,1,79,53,40,13,12,5,7
2021-9188,Little Rock,Hard,32,C,,20210531,15,RC04,,,Alexander Ritschard,R,193,SUI,27.187,314,168,KB14,,,Kevin King,L,191,USA,30.253,315,167,7-6(5) 4-6 6-4,3,R32,149,5,4,111,73,49,18,16,5,10,8,7,114,71,48,20,16,7,12
2021-9188,Little Rock,Hard,32,C,,20210531,16,SM25,,,Jack Sock,R,191,USA,28.682,248,256,Q941,,,Roberto Quiroz,L,193,ECU,29.268,280,207,6-3 6-1,3,R32,67,4,2,45,29,23,10,8,0,0,1,3,47,31,20,5,8,0,4
2021-9188,Little Rock,Hard,32,C,,20210531,17,J380,1,,Jason Jung,R,180,TPE,31.959,160,448,MI01,,,Hiroki Moriya,R,168,JPN,30.623,260,234,6-3 6-4,3,R16,73,7,0,45,35,28,8,9,0,0,0,2,60,34,23,14,10,4,7
2021-9188,Little Rock,Hard,32,C,,20210531,18,GA36,3,,Emilio Gomez,R,185,ECU,29.506,179,399,GK06,,,Alexis Galarneau,R,180,CAN,22.248,462,83,6-4 6-4,3,R16,94,8,2,64,41,27,15,10,5,6,1,6,64,32,21,16,10,3,6
2021-9188,Little Rock,Hard,32,C,,20210531,19,SM25,,,Jack Sock,R,191,USA,28.682,248,256,E873,4,,Ernesto Escobedo,R,185,MEX,24.906,188,378,6-7(7) 7-6(9) 7-6(5),3,R16,208,17,11,130,78,61,28,18,4,5,14,4,133,77,55,38,18,6,7
2021-9188,Little Rock,Hard,32,C,,20210531,20,KC12,5,,Mitchell Krueger,R,188,USA,27.381,207,338,KC86,,,Darian King,R,188,BAR,29.095,318,163,6-3 6-2,3,R16,99,2,1,67,40,28,15,8,6,6,0,3,64,40,27,6,9,7,11
2021-9188,Little Rock,Hard,32,C,,20210531,21,KD35,6,,Thai-Son Kwiatkowski,R,188,USA,26.294,219,314,RC04,,,Alexander Ritschard,R,193,SUI,27.187,314,168,5-7 6-3 6-2,3,R16,177,7,4,114,75,47,15,15,9,14,8,9,118,74,45,15,14,10,17
2021-9188,Little Rock,Hard,32,C,,20210531,22,BV27,,,Ulises Blanch,R,188,USA,23.184,254,242,E865,8,,Christopher Eubanks,R,201,USA,25.07,241,271,6-4 7-6(4),3,R16,97,5,1,80,45,30,23,11,5,6,9,4,70,47,35,11,11,3,5
2021-9188,Little Rock,Hard,32,C,,20210531,23,C0AK,,,Oliver Crawford,R,180,GBR,22.086,453,87,KA22,,,Dayne Kelly,R,,AUS,30.856,381,115,6-4 6-1,3,R16,72,1,1,52,38,25,11,9,0,1,3,5,48,30,20,5,8,3,7
2021-9188,Little Rock,Hard,32,C,,20210531,24,O482,,,Gonzalo Oliveira,L,185,VEN,26.283,317,165,MP13,,,Mukund Sasikumar,R,185,IND,24.375,326,151,4-6 6-4 6-2,3,R16,,,,,,,,,,,,,,,,,,,
2021-9188,Little Rock,Hard,32,C,,20210531,25,KC12,5,,Mitchell Krueger,R,188,USA,27.381,207,338,J380,1,,Jason Jung,R,180,TPE,31.959,160,448,3-6 6-2 6-1,3,QF,107,8,2,67,50,37,7,12,1,3,5,3,79,51,26,15,12,4,9
2021-9188,Little Rock,Hard,32,C,,20210531,26,GA36,3,,Emilio Gomez,R,185,ECU,29.506,179,399,BV27,,,Ulises Blanch,R,188,USA,23.184,254,242,6-2 6-0,3,QF,61,2,0,37,21,16,12,7,0,0,2,0,59,34,18,8,7,5,10
2021-9188,Little Rock,Hard,32,C,,20210531,27,SM25,,,Jack Sock,R,191,USA,28.682,248,256,KD35,6,,Thai-Son Kwiatkowski,R,188,USA,26.294,219,314,6-7(3) 7-6(5) 6-4,3,QF,174,7,3,112,76,57,19,17,7,9,13,2,113,70,52,23,17,6,9
2021-9188,Little Rock,Hard,32,C,,20210531,28,O482,,,Gonzalo Oliveira,L,185,VEN,26.283,317,165,C0AK,,,Oliver Crawford,R,180,GBR,22.086,453,87,1-6 7-5 2-0 RET,3,QF,121,2,1,85,48,28,16,11,9,14,0,1,55,39,25,7,10,1,5
2021-9188,Little Rock,Hard,32,C,,20210531,29,GA36,3,,Emilio Gomez,R,185,ECU,29.506,179,399,O482,,,Gonzalo Oliveira,L,185,VEN,26.283,317,165,6-4 6-2,3,SF,105,4,4,46,25,21,12,9,0,1,1,3,63,39,22,13,9,8,12
2021-9188,Little Rock,Hard,32,C,,20210531,30,SM25,,,Jack Sock,R,191,USA,28.682,248,256,KC12,5,,Mitchell Krueger,R,188,USA,27.381,207,338,6-4 1-6 6-3,3,SF,121,10,3,82,53,39,14,13,5,7,7,1,69,44,32,16,13,2,4
2021-9188,Little Rock,Hard,32,C,,20210531,31,SM25,,,Jack Sock,R,191,USA,28.682,248,256,GA36,3,,Emilio Gomez,R,185,ECU,29.506,179,399,7-5 6-4,3,F,110,9,1,70,37,29,20,11,5,5,5,3,63,35,26,17,11,2,4
2021-444,Bratislava,Clay,32,C,,20210613,1,TA12,1,,Stefano Travaglia,R,185,ITA,29.459,78,939,KH56,,,Zdenek Kolar,R,183,CZE,24.676,232,288,7-6(4) 6-3,3,R32,139,0,0,95,70,45,16,15,0,3,2,3,102,66,41,14,15,5,12
2021-444,Bratislava,Clay,32,C,,20210613,2,GJ37,2,,Tallon Griekspoor,R,188,NED,24.947,131,589,P0HP,,,Lukas Pokorny,R,191,SVK,19.288,,,7-6(4) 6-1,3,R32,109,6,2,79,52,38,18,12,4,5,14,2,85,57,45,9,12,5,6
2021-444,Bratislava,Clay,32,C,,20210613,3,SN54,,,Frederico Ferreira Silva,L,178,POR,26.24,168,425,TE16,3,,Carlos Taberner,R,183,ESP,23.847,137,555,6-2 7-6(5),3,R32,102,5,1,52,37,24,10,10,3,6,1,0,79,51,30,10,10,8,13
2021-444,Bratislava,Clay,32,C,,20210613,4,D923,,,Damir Dzumhur,R,175,BIH,29.065,125,638,GB93,4,,Norbert Gombos,R,193,SVK,30.834,81,912,6-3 6-3,3,R32,,,,,,,,,,,,,,,,,,,
2021-444,Bratislava,Clay,32,C,,20210613,5,MV14,5,,Alex Molcan,L,178,SVK,23.532,181,395,RB56,,,Ramkumar Ramanathan,R,188,IND,26.595,216,321,6-3 7-6(7),3,R32,118,1,1,71,51,34,9,11,2,6,5,3,104,65,36,20,11,10,15
2021-444,Bratislava,Clay,32,C,,20210613,6,BI23,7,,Liam Broady,L,183,GBR,27.439,146,514,ME89,,,Illya Marchenko,R,185,UKR,33.763,161,443,6-2 6-1,3,R32,,,,,,,,,,,,,,,,,,,
2021-444,Bratislava,Clay,32,C,,20210613,7,P09O,,,Zsombor Piros,R,180,HUN,21.667,438,92,M0FH,8,,Tomas Machac,R,183,CZE,20.665,144,524,7-5 3-6 6-4,3,R32,,,,,,,,,,,,,,,,,,,
2021-444,Bratislava,Clay,32,C,,20210613,8,CH05,,,Altug Celikbilek,R,183,TUR,24.764,239,274,SH90,,,Joao Sousa,R,185,POR,32.205,114,714,7-6(6) 6-7(3) 7-6(2),3,R32,,,,,,,,,,,,,,,,,,,
2021-444,Bratislava,Clay,32,C,,20210613,9,I306,,,Cem Ilkel,R,185,TUR,25.812,199,351,S0H2,,,Alexander Shevchenko,R,188,KAZ,20.537,530,66,6-4 6-7(1) 6-3,3,R32,77,2,1,52,31,28,11,10,3,4,9,1,61,38,24,10,10,2,6
2021-444,Bratislava,Clay,32,C,,20210613,10,KE05,,,Danylo Kalenichenko,R,188,UKR,27.359,529,66,P0FF,,,Lukas Palovic,,,SVK,19.283,1879,1,7-6(4) 7-6(5),3,R32,,,,,,,,,,,,,,,,,,,
2021-444,Bratislava,Clay,32,C,,20210613,11,K839,,,Tobias Kamke,R,178,GER,35.064,240,273,F0BT,,,Jonas Forejtek,R,183,CZE,20.26,320,162,6-2 6-4,3,R32,,,,,,,,,,,,,,,,,,,
2021-444,Bratislava,Clay,32,C,,20210613,12,L797,,,Lukas Lacko,R,188,SVK,33.61,213,324,K0HG,,,Milos Karol,R,198,SVK,18.5,,,6-4 6-3,3,R32,65,0,1,45,32,28,8,9,0,0,4,3,63,35,21,14,9,4,7
2021-444,Bratislava,Clay,32,C,,20210613,13,L0BV,,,Jiri Lehecka,R,185,CZE,19.595,278,213,SC77,,,Sergiy Stakhovsky,R,193,UKR,35.433,210,333,6-4 7-5,3,R32,141,4,3,119,78,54,18,16,7,11,10,5,101,53,41,19,15,9,13
2021-444,Bratislava,Clay,32,C,,20210613,14,MN13,,,Maximilian Marterer,L,188,GER,25.996,215,322,R09X,,,Jurij Rodionov,L,191,AUT,22.078,142,530,4-6 6-1 6-4,3,R32,,,,,,,,,,,,,,,,,,,
2021-444,Bratislava,Clay,32,C,,20210613,15,S0GD,,,Dalibor Svrcina,R,178,CZE,18.697,746,28,HA28,,,Filip Horansky,R,191,SVK,28.43,187,379,2-6 7-6(5) 6-1,3,R32,,,,,,,,,,,,,,,,,,,
2021-444,Bratislava,Clay,32,C,,20210613,16,Z09D,,,Kacper Zuk,R,183,POL,22.393,173,415,M0HU,,,Shintaro Mochizuki,R,175,JPN,18.031,497,74,7-6(5) 6-3,3,R32,,,,,,,,,,,,,,,,,,,
2021-444,Bratislava,Clay,32,C,,20210613,17,TA12,1,,Stefano Travaglia,R,185,ITA,29.459,78,939,I306,,,Cem Ilkel,R,185,TUR,25.812,199,351,6-4 6-2,3,R16,,,,,,,,,,,,,,,,,,,
2021-444,Bratislava,Clay,32,C,,20210613,18,GJ37,2,,Tallon Griekspoor,R,188,NED,24.947,131,589,KE05,,,Danylo Kalenichenko,R,188,UKR,27.359,529,66,7-6(2) 7-6(1),3,R16,125,5,4,89,64,43,11,14,3,7,7,1,94,62,42,12,15,6,11
2021-444,Bratislava,Clay,32,C,,20210613,19,MV14,5,,Alex Molcan,L,178,SVK,23.532,181,395,K839,,,Tobias Kamke,R,178,GER,35.064,240,273,6-2 6-2,3,R16,,,,,,,,,,,,,,,,,,,
2021-444,Bratislava,Clay,32,C,,20210613,20,MN13,,,Maximilian Marterer,L,188,GER,25.996,215,322,BI23,7,,Liam Broady,L,183,GBR,27.439,146,514,6-4 7-6(6),3,R16,,,,,,,,,,,,,,,,,,,
2021-444,Bratislava,Clay,32,C,,20210613,21,D923,,,Damir Dzumhur,R,175,BIH,29.065,125,638,CH05,,,Altug Celikbilek,R,183,TUR,24.764,239,274,6-4 6-4,3,R16,,,,,,,,,,,,,,,,,,,
2021-444,Bratislava,Clay,32,C,,20210613,22,SN54,,,Frederico Ferreira Silva,L,178,POR,26.24,168,425,S0GD,,,Dalibor Svrcina,R,178,CZE,18.697,746,28,6-4 7-5,3,R16,,,,,,,,,,,,,,,,,,,
2021-444,Bratislava,Clay,32,C,,20210613,23,L0BV,,,Jiri Lehecka,R,185,CZE,19.595,278,213,Z09D,,,Kacper Zuk,R,183,POL,22.393,173,415,2-6 6-3 6-2,3,R16,146,2,1,104,72,51,13,12,7,9,3,6,106,74,49,13,12,8,10
2021-444,Bratislava,Clay,32,C,,20210613,24,P09O,,,Zsombor Piros,R,180,HUN,21.667,438,92,L797,,,Lukas Lacko,R,188,SVK,33.61,213,324,6-2 6-4,3,R16,,,,,,,,,,,,,,,,,,,
2021-444,Bratislava,Clay,32,C,,20210613,25,TA12,1,,Stefano Travaglia,R,185,ITA,29.459,78,939,MN13,,,Maximilian Marterer,L,188,GER,25.996,215,322,7-6(1) 6-1,3,QF,,,,,,,,,,,,,,,,,,,
2021-444,Bratislava,Clay,32,C,,20210613,26,GJ37,2,,Tallon Griekspoor,R,188,NED,24.947,131,589,L0BV,,,Jiri Lehecka,R,185,CZE,19.595,278,213,7-6(3) 6-4,3,QF,107,4,1,93,65,43,15,13,7,9,4,0,68,49,33,11,12,1,4
2021-444,Bratislava,Clay,32,C,,20210613,27,MV14,5,,Alex Molcan,L,178,SVK,23.532,181,395,D923,,,Damir Dzumhur,R,175,BIH,29.065,125,638,6-1 4-6 6-3,3,QF,,,,,,,,,,,,,,,,,,,
2021-444,Bratislava,Clay,32,C,,20210613,28,P09O,,,Zsombor Piros,R,180,HUN,21.667,438,92,SN54,,,Frederico Ferreira Silva,L,178,POR,26.24,168,425,6-0 6-4,3,QF,,,,,,,,,,,,,,,,,,,
2021-444,Bratislava,Clay,32,C,,20210613,29,P09O,,,Zsombor Piros,R,180,HUN,21.667,438,92,TA12,1,,Stefano Travaglia,R,185,ITA,29.459,78,939,7-6(5) 3-2 RET,3,SF,,,,,,,,,,,,,,,,,,,
2021-444,Bratislava,Clay,32,C,,20210613,30,GJ37,2,,Tallon Griekspoor,R,188,NED,24.947,131,589,MV14,5,,Alex Molcan,L,178,SVK,23.532,181,395,6-7(5) 6-3 6-4,3,SF,135,16,2,92,59,49,18,16,1,2,8,3,97,45,33,32,16,4,6
2021-444,Bratislava,Clay,32,C,,20210613,31,GJ37,2,,Tallon Griekspoor,R,188,NED,24.947,131,589,P09O,,,Zsombor Piros,R,180,HUN,21.667,438,92,6-3 6-2,3,F,90,3,2,67,46,33,11,10,2,3,3,0,80,65,39,8,11,6,9
2021-7536,Lyon,Clay,32,C,,20210613,1,C882,1,,Pablo Cuevas,R,180,URU,35.447,92,846,CG04,,,Pedro Cachin,R,185,ARG,26.171,287,200,4-6 7-6(5) 6-2,3,R32,139,4,3,96,56,39,26,15,5,7,9,3,104,62,46,18,15,7,10
2021-7536,Lyon,Clay,32,C,,20210613,2,V306,2,,Fernando Verdasco,L,188,ESP,37.577,99,795,N897,,,Sumit Nagal,R,178,IND,23.825,143,528,6-7(5) 7-6(3) 7-5,3,R32,193,7,6,131,85,62,19,18,10,15,4,10,148,106,66,16,18,13,19
2021-7536,Lyon,Clay,32,C,,20210613,3,BF23,3,,Facundo Bagnis,L,183,ARG,31.291,104,778,V717,,,Alexey Vatutin,R,178,RUS,28.627,285,200,5-7 6-3 6-2,3,R32,133,10,3,80,38,28,27,15,2,5,2,7,96,74,45,7,14,6,11
2021-7536,Lyon,Clay,32,C,,20210613,4,GE33,4,,Daniel Elahi Galan,R,191,COL,24.986,107,764,LC12,,,Laurent Lokoli,R,188,FRA,26.653,420,98,5-2 RET,3,R32,39,1,0,25,21,14,1,4,0,1,2,2,25,16,7,2,3,3,5
2021-7536,Lyon,Clay,32,C,,20210613,5,DA81,5,,Taro Daniel,R,191,JPN,28.375,113,716,CC66,,,Andrea Collarini,L,183,ARG,29.366,203,346,6-3 6-2,3,R32,91,4,1,68,42,26,15,9,4,5,2,1,49,25,14,10,8,1,5
2021-7536,Lyon,Clay,32,C,,20210613,6,O449,,,Oscar Otte,R,193,GER,27.91,152,485,BM95,6,,Benjamin Bonzi,R,183,FRA,25.01,116,693,4-6 7-6(5) 6-4,3,R32,141,11,8,127,63,50,26,16,10,13,6,2,108,62,41,26,16,3,6
2021-7536,Lyon,Clay,32,C,,20210613,7,J620,,,Maxime Janvier,R,196,FRA,24.652,226,295,C0AU,7,,Francisco Cerundolo,R,185,ARG,22.834,117,688,6-3 6-3,3,R32,82,1,2,60,48,34,8,9,3,3,1,3,61,41,26,8,9,3,6
2021-7536,Lyon,Clay,32,C,,20210613,8,SK94,8,,Cedrik-Marcel Stebe,L,180,GER,30.678,135,562,GH33,,,Manuel Guinard,R,198,FRA,25.577,298,189,6-3 6-3,3,R32,91,6,2,51,36,28,8,9,3,4,0,2,73,41,23,13,9,7,11
2021-7536,Lyon,Clay,32,C,,20210613,9,AE14,,,Daniel Altmaier,R,188,GER,22.752,145,521,MP20,,,Alexandre Muller,R,183,FRA,24.361,191,370,6-3 6-2,3,R32,68,6,5,55,30,23,15,9,4,4,1,1,55,33,20,10,8,6,9
2021-7536,Lyon,Clay,32,C,,20210613,10,EA24,,,Tomas Martin Etcheverry,R,196,ARG,21.906,220,312,MW76,,,Matteo Martineau,R,183,FRA,22.407,376,118,6-4 6-2,3,R32,85,1,0,56,41,32,7,9,5,5,5,5,58,39,28,6,9,3,6
2021-7536,Lyon,Clay,32,C,,20210613,11,F811,,,Bjorn Fratangelo,R,183,USA,27.901,198,354,GG65,,,Michael Geerts,R,178,BEL,26.404,362,127,6-3 6-3,3,R32,77,6,2,47,32,27,10,9,0,0,2,1,58,38,22,9,9,4,7
2021-7536,Lyon,Clay,32,C,,20210613,12,J0AZ,,,Kyrian Jacquet,R,175,FRA,20.09,469,82,D985,,,Joao Domingues,R,,POR,27.688,227,293,6-3 4-6 6-4,3,R32,111,4,4,71,44,31,13,15,4,9,2,3,100,63,36,19,14,9,15
2021-7536,Lyon,Clay,32,C,,20210613,13,LC11,,,Tristan Lamasine,R,183,FRA,28.274,252,245,TA29,,,Marco Trungelliti,R,178,ARG,31.365,237,278,7-6(2) 6-2,3,R32,102,1,4,80,54,39,13,10,9,9,4,5,78,42,27,17,10,9,11
2021-7536,Lyon,Clay,32,C,,20210613,14,PH64,,,Andrea Pellegrino,R,185,ITA,24.225,235,280,U182,,,Camilo Ugo Carabelli,R,185,ARG,21.99,305,176,6-4 0-6 6-4,3,R32,107,1,4,75,54,43,5,13,6,9,7,0,78,56,37,13,13,3,5
2021-7536,Lyon,Clay,32,C,,20210613,15,R0DG,,,Holger Rune,R,188,DEN,18.125,291,197,D0DW,,,Titouan Droguet,R,191,FRA,19.995,703,32,7-6(3) 1-6 6-4,3,R32,134,2,3,96,62,46,18,15,4,7,4,3,109,72,51,20,14,10,11
2021-7536,Lyon,Clay,32,C,,20210613,16,Y218,,,Elias Ymer,R,185,SWE,25.175,194,365,LB66,,,Constant Lestienne,R,180,FRA,29.057,224,301,6-4 RET,3,R32,43,2,1,25,15,11,9,5,0,0,0,2,34,16,12,8,5,0,1
2021-7536,Lyon,Clay,32,C,,20210613,17,C882,1,,Pablo Cuevas,R,180,URU,35.447,92,846,J0AZ,,,Kyrian Jacquet,R,175,FRA,20.09,469,82,6-4 6-1,3,R16,66,0,1,49,34,23,12,8,3,3,4,4,59,42,25,7,9,5,9
2021-7536,Lyon,Clay,32,C,,20210613,18,R0DG,,,Holger Rune,R,188,DEN,18.125,291,197,V306,2,,Fernando Verdasco,L,188,ESP,37.577,99,795,6-4 6-3,3,R16,73,1,0,58,39,28,12,10,0,1,3,4,52,35,24,6,9,1,4
2021-7536,Lyon,Clay,32,C,,20210613,19,BF23,3,,Facundo Bagnis,L,183,ARG,31.291,104,778,LC11,,,Tristan Lamasine,R,183,FRA,28.274,252,245,6-4 6-0,3,R16,66,3,3,45,26,19,15,8,1,1,0,1,47,35,19,5,8,4,8
2021-7536,Lyon,Clay,32,C,,20210613,20,AE14,,,Daniel Altmaier,R,188,GER,22.752,145,521,GE33,4,,Daniel Elahi Galan,R,191,COL,24.986,107,764,6-4 3-6 7-6(6),3,R16,142,9,3,100,52,40,25,15,7,10,4,1,109,65,47,23,16,9,12
2021-7536,Lyon,Clay,32,C,,20210613,21,DA81,5,,Taro Daniel,R,191,JPN,28.375,113,716,F811,,,Bjorn Fratangelo,R,183,USA,27.901,198,354,6-3 6-4,3,R16,76,2,1,58,45,33,8,10,1,1,3,0,59,34,23,13,9,5,7
2021-7536,Lyon,Clay,32,C,,20210613,22,SK94,8,,Cedrik-Marcel Stebe,L,180,GER,30.678,135,562,EA24,,,Tomas Martin Etcheverry,R,196,ARG,21.906,220,312,6-1 6-4,3,R16,84,3,3,56,34,27,10,9,3,4,1,2,45,27,13,8,8,2,6
2021-7536,Lyon,Clay,32,C,,20210613,23,PH64,,,Andrea Pellegrino,R,185,ITA,24.225,235,280,J620,,,Maxime Janvier,R,196,FRA,24.652,226,295,7-6(6) 3-6 6-3,3,R16,151,3,4,97,61,41,19,15,6,9,7,3,110,72,50,18,15,10,13
2021-7536,Lyon,Clay,32,C,,20210613,24,Y218,,,Elias Ymer,R,185,SWE,25.175,194,365,O449,,,Oscar Otte,R,193,GER,27.91,152,485,6-4 6-4,3,R16,82,2,1,62,34,27,13,10,3,5,1,6,68,33,23,15,10,6,10
2021-7536,Lyon,Clay,32,C,,20210613,25,C882,1,,Pablo Cuevas,R,180,URU,35.447,92,846,PH64,,,Andrea Pellegrino,R,185,ITA,24.225,235,280,6-3 7-5,3,QF,83,6,3,68,42,31,12,11,4,6,1,3,58,40,22,10,10,4,8
2021-7536,Lyon,Clay,32,C,,20210613,26,BF23,3,,Facundo Bagnis,L,183,ARG,31.291,104,778,SK94,8,,Cedrik-Marcel Stebe,L,180,GER,30.678,135,562,6-3 7-6(5),3,QF,118,3,2,72,42,28,22,11,2,3,2,2,74,53,31,12,10,7,9
2021-7536,Lyon,Clay,32,C,,20210613,27,DA81,5,,Taro Daniel,R,191,JPN,28.375,113,716,AE14,,,Daniel Altmaier,R,188,GER,22.752,145,521,7-6(3) 6-7(2) 6-3,3,QF,160,3,7,97,64,49,17,17,0,3,13,4,121,74,53,23,16,4,8
2021-7536,Lyon,Clay,32,C,,20210613,28,Y218,,,Elias Ymer,R,185,SWE,25.175,194,365,R0DG,,,Holger Rune,R,188,DEN,18.125,291,197,6-3 5-3 RET,3,QF,74,3,2,53,34,28,10,9,3,3,0,2,67,41,24,13,8,6,8
2021-7536,Lyon,Clay,32,C,,20210613,29,C882,1,,Pablo Cuevas,R,180,URU,35.447,92,846,BF23,3,,Facundo Bagnis,L,183,ARG,31.291,104,778,6-4 6-1,3,SF,70,4,0,41,30,25,5,8,0,1,1,2,60,37,19,10,9,5,10
2021-7536,Lyon,Clay,32,C,,20210613,30,Y218,,,Elias Ymer,R,185,SWE,25.175,194,365,DA81,5,,Taro Daniel,R,191,JPN,28.375,113,716,6-4 6-2,3,SF,71,5,0,68,39,24,19,9,6,7,2,1,46,29,17,8,9,1,5
2021-7536,Lyon,Clay,32,C,,20210613,31,C882,1,,Pablo Cuevas,R,180,URU,35.447,92,846,Y218,,,Elias Ymer,R,185,SWE,25.175,194,365,6-2 6-2,3,F,78,4,3,42,29,24,8,8,0,0,2,1,59,34,21,9,8,7,11
2021-7740,Nottingham,Grass,32,C,,20210613,1,E687,,,Daniel Evans,R,175,GBR,31.058,27,2195,KD46,,,Thanasi Kokkinakis,R,193,AUS,25.175,180,398,4-6 7-6(1) 7-6(5),3,R32,171,15,3,107,66,47,29,17,4,6,19,3,110,75,60,14,17,4,5
2021-7740,Nottingham,Grass,32,C,,20210613,2,TD51,2,,Frances Tiafoe,R,188,USA,23.395,74,963,HH06,,,Marc-Andrea Huesler,L,196,SUI,24.969,158,459,6-3 6-4,3,R32,73,1,3,68,41,32,11,9,5,6,9,5,57,36,25,9,10,4,8
2021-7740,Nottingham,Grass,32,C,,20210613,3,SA93,3,,Andreas Seppi,R,191,ITA,37.309,98,811,Z371,,,Zhizhen Zhang,R,193,CHN,24.657,175,407,7-6(4) 6-2,3,R32,70,4,0,57,34,27,17,10,0,0,6,0,62,43,27,11,10,1,3
2021-7740,Nottingham,Grass,32,C,,20210613,4,A678,4,,Kevin Anderson,R,203,RSA,35.072,100,795,CI14,,,Jay Clarke,R,183,GBR,22.88,229,292,6-3 7-6(0),3,R32,87,13,1,65,42,36,14,11,1,1,3,3,67,33,20,22,10,1,2
2021-7740,Nottingham,Grass,32,C,,20210613,5,D864,,,Evgeny Donskoy,R,185,RUS,31.097,136,555,MK66,5,,Mackenzie McDonald,R,178,USA,26.16,119,675,6-3 7-5,3,R32,79,7,4,75,41,33,15,11,4,5,4,1,54,42,28,6,10,4,7
2021-7740,Nottingham,Grass,32,C,,20210613,6,KB09,6,,Denis Kudla,R,180,USA,28.821,120,662,M0FH,,,Tomas Machac,R,183,CZE,20.665,144,524,6-3 4-6 6-4,3,R32,106,14,7,94,49,36,23,15,8,12,10,2,82,56,38,10,14,8,13
2021-7740,Nottingham,Grass,32,C,,20210613,7,CA99,,,Marius Copil,R,191,ROU,30.656,228,292,D923,7,,Damir Dzumhur,R,175,BIH,29.065,125,638,6-4 4-6 6-1,3,R32,93,16,1,71,42,37,17,13,3,4,1,1,85,55,35,18,14,0,4
2021-7740,Nottingham,Grass,32,C,,20210613,8,MQ75,8,,Kamil Majchrzak,R,183,POL,25.415,126,636,GA94,,,Prajnesh Gunneswaran,L,188,IND,31.584,151,496,6-0 RET,3,R32,17,3,0,14,8,8,4,3,0,0,0,3,17,7,3,1,3,1,4
2021-7740,Nottingham,Grass,32,C,,20210613,9,BI23,,,Liam Broady,L,183,GBR,27.439,146,514,BI81,,,Alex Bolt,L,183,AUS,28.435,196,359,7-5 3-6 6-3,3,R32,120,6,1,88,61,45,13,15,3,6,10,1,81,57,35,15,15,2,6
2021-7740,Nottingham,Grass,32,C,,20210613,10,E690,,,Matthew Ebden,R,188,AUS,33.547,230,292,PH78,,,Ryan Peniston,L,180,GBR,25.591,383,115,6-4 6-4,3,R32,82,7,3,61,37,31,14,10,2,2,1,3,68,47,31,11,10,9,11
2021-7740,Nottingham,Grass,32,C,,20210613,11,HA71,,,Antoine Hoang,R,183,FRA,25.607,133,570,F586,,,Thomas Fabbiano,R,173,ITA,32.049,164,436,7-6(5) 7-6(3),3,R32,113,7,2,76,61,48,8,12,0,1,3,5,84,58,40,14,12,3,4
2021-7740,Nottingham,Grass,32,C,,20210613,12,ME89,,,Illya Marchenko,R,185,UKR,33.763,161,443,GB53,,,Federico Gaio,R,178,ITA,29.273,138,548,6-2 6-3,3,R32,63,3,2,45,32,26,7,8,1,1,3,5,54,30,17,11,9,4,8
2021-7740,Nottingham,Grass,32,C,,20210613,13,N0AE,,,Brandon Nakashima,R,188,USA,19.86,139,547,V824,,,Mario Vilella Martinez,R,178,ESP,25.947,183,393,6-3 6-2,3,R32,53,2,0,39,27,23,9,8,0,0,12,7,57,38,22,8,9,0,4
2021-7740,Nottingham,Grass,32,C,,20210613,14,O513,,,Sebastian Ofner,R,191,AUT,25.087,171,418,GH92,,,Borna Gojo,R,196,CRO,23.291,233,282,6-3 6-7(10) 7-6(6),3,R32,150,14,7,127,84,62,19,17,3,5,12,5,118,82,55,18,16,5,8
2021-7740,Nottingham,Grass,32,C,,20210613,15,R685,,,Lukas Rosol,R,193,CZE,35.888,186,384,C0BC,,,Maxime Cressy,R,201,USA,24.099,153,480,6-4 6-7(5) 6-3,3,R32,121,2,5,89,59,46,21,16,0,0,23,16,115,61,49,23,15,10,12
2021-7740,Nottingham,Grass,32,C,,20210613,16,V832,,,Aleksandar Vukic,R,188,AUS,25.185,209,334,PG94,,,Marc Polmans,R,188,AUS,24.115,149,505,7-6(10) 4-6 6-3,3,R32,141,18,4,104,68,53,20,16,1,3,10,8,119,80,58,19,15,12,14
2021-7740,Nottingham,Grass,32,C,,20210613,17,E687,,,Daniel Evans,R,175,GBR,31.058,27,2195,E690,,,Matthew Ebden,R,188,AUS,33.547,230,292,7-6(6) 7-6(4),3,R16,117,3,2,85,55,42,12,12,4,7,6,3,83,53,33,19,12,4,7
2021-7740,Nottingham,Grass,32,C,,20210613,18,TD51,2,,Frances Tiafoe,R,188,USA,23.395,74,963,ME89,,,Illya Marchenko,R,185,UKR,33.763,161,443,7-5 7-6(5),3,R16,109,10,5,83,55,47,12,12,9,9,4,1,75,40,27,27,12,4,5
2021-7740,Nottingham,Grass,32,C,,20210613,19,SA93,3,,Andreas Seppi,R,191,ITA,37.309,98,811,HA71,,,Antoine Hoang,R,183,FRA,25.607,133,570,6-4 6-7(4) 6-2,3,R16,139,5,3,89,56,44,21,15,3,4,10,5,103,79,57,7,15,10,14
2021-7740,Nottingham,Grass,32,C,,20210613,20,A678,4,,Kevin Anderson,R,203,RSA,35.072,100,795,R685,,,Lukas Rosol,R,193,CZE,35.888,186,384,6-3 6-4,3,R16,70,19,1,66,45,38,8,10,2,2,2,0,51,31,23,8,9,0,2
2021-7740,Nottingham,Grass,32,C,,20210613,21,KB09,6,,Denis Kudla,R,180,USA,28.821,120,662,BI23,,,Liam Broady,L,183,GBR,27.439,146,514,3-6 6-3 7-6(2),3,R16,140,9,0,88,49,40,24,15,4,5,10,4,103,65,45,21,15,10,11
2021-7740,Nottingham,Grass,32,C,,20210613,22,MQ75,8,,Kamil Majchrzak,R,183,POL,25.415,126,636,V832,,,Aleksandar Vukic,R,188,AUS,25.185,209,334,5-7 7-6(10) 6-4,3,R16,124,9,1,98,62,51,25,17,1,2,19,2,118,83,66,18,17,4,5
2021-7740,Nottingham,Grass,32,C,,20210613,23,CA99,,,Marius Copil,R,191,ROU,30.656,228,292,O513,,,Sebastian Ofner,R,191,AUT,25.087,171,418,6-4 6-4,3,R16,67,9,2,55,36,33,8,10,0,0,4,0,55,32,26,11,10,2,4
2021-7740,Nottingham,Grass,32,C,,20210613,24,D864,,,Evgeny Donskoy,R,185,RUS,31.097,136,555,N0AE,,,Brandon Nakashima,R,188,USA,19.86,139,547,7-6(3) 7-6(2),3,R16,114,7,4,87,46,38,26,12,4,4,2,2,86,59,42,17,12,3,3
2021-7740,Nottingham,Grass,32,C,,20210613,25,KB09,6,,Denis Kudla,R,180,USA,28.821,120,662,E687,,,Daniel Evans,R,175,GBR,31.058,27,2195,6-4 1-6 6-4,3,QF,121,5,3,82,48,37,12,14,5,9,11,2,95,59,38,20,13,9,12
2021-7740,Nottingham,Grass,32,C,,20210613,26,TD51,2,,Frances Tiafoe,R,188,USA,23.395,74,963,D864,,,Evgeny Donskoy,R,185,RUS,31.097,136,555,7-6(4) 2-6 6-3,3,QF,103,8,0,94,57,44,20,15,3,5,10,4,76,51,43,14,14,0,1
2021-7740,Nottingham,Grass,32,C,,20210613,27,MQ75,8,,Kamil Majchrzak,R,183,POL,25.415,126,636,SA93,3,,Andreas Seppi,R,191,ITA,37.309,98,811,4-6 6-2 6-3,3,QF,100,9,1,78,54,40,13,14,5,8,4,4,80,43,27,16,13,8,13
2021-7740,Nottingham,Grass,32,C,,20210613,28,CA99,,,Marius Copil,R,191,ROU,30.656,228,292,A678,4,,Kevin Anderson,R,203,RSA,35.072,100,795,7-6(4) 7-6(9),3,QF,121,14,1,95,57,46,18,12,7,8,11,1,81,50,37,19,12,1,2
2021-7740,Nottingham,Grass,32,C,,20210613,29,TD51,2,,Frances Tiafoe,R,188,USA,23.395,74,963,CA99,,,Marius Copil,R,191,ROU,30.656,228,292,6-3 6-2,3,SF,68,3,0,54,36,25,12,9,3,4,2,2,53,28,18,8,8,5,9
2021-7740,Nottingham,Grass,32,C,,20210613,30,KB09,6,,Denis Kudla,R,180,USA,28.821,120,662,MQ75,8,,Kamil Majchrzak,R,183,POL,25.415,126,636,6-4 1-6 7-6(6),3,SF,127,6,5,110,69,51,15,14,7,11,9,4,83,52,37,22,15,3,6
2021-7740,Nottingham,Grass,32,C,,20210613,31,TD51,2,,Frances Tiafoe,R,188,USA,23.395,74,963,KB09,6,,Denis Kudla,R,180,USA,28.821,120,662,6-1 6-3,3,F,70,6,1,52,35,26,9,8,1,1,6,3,64,38,24,8,8,8,12
2021-7791,Almaty,Clay,32,C,,20210613,1,MF35,1,,Andrej Martin,R,183,SVK,31.729,108,760,Z09Z,,,Beibit Zhukayev,R,198,KAZ,20.668,729,24,6-2 6-1,3,R32,67,2,1,35,21,17,9,7,1,2,1,5,58,28,13,12,8,4,10
2021-7791,Almaty,Clay,32,C,,20210613,2,KD70,,,Pedja Krstin,R,183,SRB,26.776,276,215,SK47,2,,Mohamed Safwat,R,180,EGY,30.732,162,440,6-4 6-0,3,R32,67,1,3,50,37,26,7,8,3,4,6,5,51,29,17,6,8,2,7
2021-7791,Almaty,Clay,32,C,,20210613,3,CG33,3,,Kimmer Coppejans,R,178,BEL,27.346,174,407,O340,,,Roberto Ortega-Olmedo,R,168,ESP,30.122,306,174,6-1 6-2,3,R32,63,7,0,45,27,24,11,8,2,2,1,5,44,27,13,7,7,1,5
2021-7791,Almaty,Clay,32,C,,20210613,4,CG94,4,,Enzo Couacaud,R,183,FRA,26.286,177,400,SS25,,,Vitaliy Sachko,R,188,UKR,23.915,310,170,6-7(2) 7-5 6-2,3,R32,152,4,6,110,48,37,36,16,5,6,7,4,114,65,49,21,16,10,14
2021-7791,Almaty,Clay,32,C,,20210613,5,S0GR,,,Timofey Skatov,R,173,KAZ,20.392,399,107,GA79,5,,Lorenzo Giustino,R,180,ITA,29.758,178,399,6-4 3-6 6-2,3,R32,174,1,2,111,84,47,15,13,15,19,4,9,85,44,29,13,14,3,9
2021-7791,Almaty,Clay,32,C,,20210613,6,PG20,6,,Dmitry Popko,R,191,KAZ,24.635,195,362,O659,,,Vladyslav Orlov,R,188,UKR,26.075,374,119,6-2 6-3,3,R32,87,3,3,57,29,19,14,9,6,9,1,3,54,29,13,9,8,5,11
2021-7791,Almaty,Clay,32,C,,20210613,7,I165,7,,Denis Istomin,R,185,UZB,34.765,204,343,BE67,,,Mirza Basic,R,188,BIH,29.922,295,192,3-6 6-4 6-2,3,R32,112,1,3,96,53,33,24,14,7,10,3,3,81,41,28,20,13,3,7
2021-7791,Almaty,Clay,32,C,,20210613,8,MN70,8,,Joao Menezes,R,185,BRA,24.487,211,332,TD47,,,Evgenii Tiurnev,R,191,RUS,24.181,300,183,6-3 6-1,3,R32,73,2,0,45,29,20,11,8,0,1,8,8,56,26,19,8,8,4,9
2021-7791,Almaty,Clay,32,C,,20210613,9,BU13,,,Zizou Bergs,R,185,BEL,22.029,259,235,BS86,,,Tomas Barrios Vera,R,191,CHI,23.507,231,292,2-6 7-6(9) 6-3,3,R32,152,6,2,91,60,43,14,14,5,8,3,1,100,68,46,18,15,4,7
2021-7791,Almaty,Clay,32,C,,20210613,10,FC26,,,Evan Furness,R,173,FRA,22.834,327,151,G0AV,,,Carlos Gimeno Valero,R,191,ESP,19.967,269,222,1-6 6-2 6-3,3,R32,106,5,2,69,48,31,8,12,5,9,0,6,68,47,30,9,12,6,11
2021-7791,Almaty,Clay,32,C,,20210613,11,J09X,,,Filip Cristian Jianu,R,180,ROU,19.734,338,139,G681,,,Teymuraz Gabashvili,R,185,GEO,36.057,257,240,6-1 6-3,3,R32,56,7,2,41,21,16,12,8,0,1,3,3,42,22,13,5,8,2,7
2021-7791,Almaty,Clay,32,C,,20210613,12,KC33,,,Dimitar Kuzmanov,R,183,BUL,27.877,242,268,MB53,,,Adrian Menendez-Maceiras,R,183,ESP,35.625,296,192,6-2 6-4,3,R32,102,2,1,57,31,24,14,9,5,6,1,4,62,34,17,15,9,3,7
2021-7791,Almaty,Clay,32,C,,20210613,13,MP83,,,Gian Marco Moroni,R,185,ITA,23.329,263,232,SP80,,,Nino Serdarusic,R,191,CRO,24.498,299,186,7-5 6-1,3,R32,92,3,6,63,40,31,12,10,7,8,4,3,53,22,14,14,9,1,5
2021-7791,Almaty,Clay,32,C,,20210613,14,SP24,,,Brayden Schnur,R,193,CAN,25.944,225,296,W857,,,Tung-Lin Wu,R,188,TPE,23.088,268,223,6-4 6-4,3,R32,100,6,1,74,51,37,10,10,3,4,2,1,59,39,25,10,10,5,8
2021-7791,Almaty,Clay,32,C,,20210613,15,T0AP,,,Chun-Hsin Tseng,R,175,TPE,19.847,279,211,MW75,,,Felipe Meligeni Alves,R,185,BRA,23.313,236,279,6-2 6-1,3,R32,55,1,2,43,26,20,11,8,0,1,0,4,44,25,14,4,7,3,8
2021-7791,Almaty,Clay,32,C,,20210613,16,Y171,,,Denis Yevseyev,R,188,KAZ,28.06,385,114,BI47,,,Riccardo Bonadio,R,180,ITA,27.918,292,195,6-4 4-6 7-5,3,R32,131,7,3,94,58,44,17,16,9,13,3,3,89,48,35,21,16,0,5
2021-7791,Almaty,Clay,32,C,,20210613,17,MF35,1,,Andrej Martin,R,183,SVK,31.729,108,760,SP24,,,Brayden Schnur,R,193,CAN,25.944,225,296,6-2 6-2,3,R16,72,3,6,48,25,21,11,8,2,3,1,3,47,31,15,6,8,4,9
2021-7791,Almaty,Clay,32,C,,20210613,18,CG33,3,,Kimmer Coppejans,R,178,BEL,27.346,174,407,MP83,,,Gian Marco Moroni,R,185,ITA,23.329,263,232,2-6 6-3 6-1,3,R16,123,0,2,78,50,31,15,12,11,14,1,4,69,46,30,8,12,1,6
2021-7791,Almaty,Clay,32,C,,20210613,19,KC33,,,Dimitar Kuzmanov,R,183,BUL,27.877,242,268,CG94,4,,Enzo Couacaud,R,183,FRA,26.286,177,400,7-5 6-0,3,R16,100,0,2,71,49,27,12,9,6,9,3,5,65,30,17,10,9,9,16
2021-7791,Almaty,Clay,32,C,,20210613,20,PG20,6,,Dmitry Popko,R,191,KAZ,24.635,195,362,J09X,,,Filip Cristian Jianu,R,180,ROU,19.734,338,139,7-5 6-3,3,R16,112,2,2,64,30,23,21,11,2,3,2,1,71,37,25,15,10,7,10
2021-7791,Almaty,Clay,32,C,,20210613,21,T0AP,,,Chun-Hsin Tseng,R,175,TPE,19.847,279,211,I165,7,,Denis Istomin,R,185,UZB,34.765,204,343,7-6(7) 6-4,3,R16,112,0,4,79,43,30,19,11,4,7,4,4,81,41,27,17,11,3,7
2021-7791,Almaty,Clay,32,C,,20210613,22,BU13,,,Zizou Bergs,R,185,BEL,22.029,259,235,MN70,8,,Joao Menezes,R,185,BRA,24.487,211,332,6-3 6-4,3,R16,81,8,1,59,39,29,13,10,2,2,1,1,56,42,28,9,9,2,4
2021-7791,Almaty,Clay,32,C,,20210613,23,FC26,,,Evan Furness,R,173,FRA,22.834,327,151,KD70,,,Pedja Krstin,R,183,SRB,26.776,276,215,6-3 6-1,3,R16,80,3,1,53,37,24,8,8,6,8,2,4,62,41,20,7,8,6,12
2021-7791,Almaty,Clay,32,C,,20210613,24,S0GR,,,Timofey Skatov,R,173,KAZ,20.392,399,107,Y171,,,Denis Yevseyev,R,188,KAZ,28.06,385,114,1-6 6-1 6-4,3,R16,115,1,3,73,54,36,9,12,6,9,4,9,80,37,27,18,12,1,5
2021-7791,Almaty,Clay,32,C,,20210613,25,PG20,6,,Dmitry Popko,R,191,KAZ,24.635,195,362,MF35,1,,Andrej Martin,R,183,SVK,31.729,108,760,7-5 6-3,3,QF,103,1,3,66,36,23,19,10,2,4,3,5,70,45,26,9,11,3,8
2021-7791,Almaty,Clay,32,C,,20210613,26,BU13,,,Zizou Bergs,R,185,BEL,22.029,259,235,CG33,3,,Kimmer Coppejans,R,178,BEL,27.346,174,407,6-3 2-6 6-4,3,QF,126,1,6,77,49,32,14,13,4,8,3,4,88,55,36,15,14,6,11
2021-7791,Almaty,Clay,32,C,,20210613,27,S0GR,,,Timofey Skatov,R,173,KAZ,20.392,399,107,FC26,,,Evan Furness,R,173,FRA,22.834,327,151,4-6 7-6(8) 6-4,3,QF,184,0,3,117,89,57,13,16,7,12,7,9,114,74,49,18,16,9,14
2021-7791,Almaty,Clay,32,C,,20210613,28,T0AP,,,Chun-Hsin Tseng,R,175,TPE,19.847,279,211,KC33,,,Dimitar Kuzmanov,R,183,BUL,27.877,242,268,7-6(1) 6-3,3,QF,125,4,3,71,49,35,14,11,5,6,1,2,78,52,35,9,10,10,12
2021-7791,Almaty,Clay,32,C,,20210613,29,BU13,,,Zizou Bergs,R,185,BEL,22.029,259,235,PG20,6,,Dmitry Popko,R,191,KAZ,24.635,195,362,5-7 6-3 5-1 RET,3,SF,121,2,2,76,46,32,17,14,5,8,3,1,74,42,25,16,13,3,8
2021-7791,Almaty,Clay,32,C,,20210613,30,S0GR,,,Timofey Skatov,R,173,KAZ,20.392,399,107,T0AP,,,Chun-Hsin Tseng,R,175,TPE,19.847,279,211,6-2 6-3,3,SF,90,1,1,63,54,34,4,9,6,8,1,1,54,32,16,10,8,7,12
2021-7791,Almaty,Clay,32,C,,20210613,31,BU13,,,Zizou Bergs,R,185,BEL,22.029,259,235,S0GR,,,Timofey Skatov,R,173,KAZ,20.392,399,107,4-6 6-3 6-2,3,F,121,5,1,73,54,44,12,14,4,5,0,1,75,59,40,7,13,4,7
2021-9003,Bratislava,,32,C,,20210613,1,GB93,1,,Norbert Gombos,R,193,SVK,30.834,81,912,MH16,,,Yannick Maden,R,185,GER,31.625,202,346,6-3 6-3,3,R32,,,,,,,,,,,,,,,,,,,
2021-9003,Bratislava,,32,C,,20210613,2,CE77,2,,Federico Coria,R,180,ARG,29.262,94,838,KH56,,,Zdenek Kolar,R,183,CZE,24.676,232,288,6-7(6) 6-0 7-5,3,R32,,,,,,,,,,,,,,,,,,,
2021-9003,Bratislava,,32,C,,20210613,3,KB54,,,Andrey Kuznetsov,R,183,RUS,30.305,450,88,DA31,3,,Hugo Dellien,R,180,BOL,27.992,124,639,6-2 4-6 6-3,3,R32,,,,,,,,,,,,,,,,,,,
2021-9003,Bratislava,,32,C,,20210613,4,KC04,4,,Jozef Kovalik,R,183,SVK,28.605,127,634,KI82,,,Vit Kopriva,R,178,CZE,23.995,261,234,6-4 6-2,3,R32,,,,,,,,,,,,,,,,,,,
2021-9003,Bratislava,,32,C,,20210613,5,GJ37,5,,Tallon Griekspoor,R,188,NED,24.947,131,589,I236,,,Uladzimir Ignatik,R,183,BLR,30.916,356,129,7-6(1) 7-6(2),3,R32,,,,,,,,,,,,,,,,,,,
2021-9003,Bratislava,,32,C,,20210613,6,C0C8,6,,Juan Manuel Cerundolo,L,183,ARG,19.576,147,513,K0HG,,,Milos Karol,R,198,SVK,18.5,,,6-4 6-2,3,R32,,,,,,,,,,,,,,,,,,,
2021-9003,Bratislava,,32,C,,20210613,7,MJ98,,,Facundo Mena,R,183,ARG,28.723,250,250,RA51,7,,Blaz Rola,L,193,SLO,30.689,155,476,6-4 6-2,3,R32,,,,,,,,,,,,,,,,,,,
2021-9003,Bratislava,,32,C,,20210613,8,SN54,8,,Frederico Ferreira Silva,L,178,POR,26.24,168,425,K839,,,Tobias Kamke,R,178,GER,35.064,240,273,6-4 6-4,3,R32,,,,,,,,,,,,,,,,,,,
2021-9003,Bratislava,,32,C,,20210613,9,BC65,,,Matthias Bachinger,R,188,GER,34.198,246,257,HB64,,,Quentin Halys,R,191,FRA,24.63,223,305,7-6(3) 6-2,3,R32,,,,,,,,,,,,,,,,,,,
2021-9003,Bratislava,,32,C,,20210613,10,B0BI,,,Sebastian Baez,R,170,ARG,20.457,185,391,O376,,,Renzo Olivo,R,178,ARG,29.246,208,336,1-6 6-1 6-3,3,R32,,,,,,,,,,,,,,,,,,,
2021-9003,Bratislava,,32,C,,20210613,11,D916,,,Steven Diez,R,175,CAN,30.242,190,375,MO55,,,Lucas Miedler,R,183,AUT,24.977,308,171,6-2 6-4,3,R32,,,,,,,,,,,,,,,,,,,
2021-9003,Bratislava,,32,C,,20210613,12,HA28,,,Filip Horansky,R,191,SVK,28.43,187,379,MN13,,,Maximilian Marterer,L,188,GER,25.996,215,322,6-2 6-4,3,R32,,,,,,,,,,,,,,,,,,,
2021-9003,Bratislava,,32,C,,20210613,13,I306,,,Cem Ilkel,R,185,TUR,25.812,199,351,BT68,,,Elliot Benchetrit,R,193,MAR,22.697,247,256,7-5 6-2,3,R32,,,,,,,,,,,,,,,,,,,
2021-9003,Bratislava,,32,C,,20210613,14,K966,,,Martin Klizan,L,191,SVK,31.923,176,404,MJ71,,,Mats Moraing,L,198,GER,28.98,243,267,7-6(2) 6-7(3) 7-5,3,R32,,,,,,,,,,,,,,,,,,,
2021-9003,Bratislava,,32,C,,20210613,15,L0BV,,,Jiri Lehecka,R,185,CZE,19.595,278,213,KI63,,,Lukas Klein,R,193,SVK,23.228,256,241,4-6 6-3 7-6(4),3,R32,,,,,,,,,,,,,,,,,,,
2021-9003,Bratislava,,32,C,,20210613,16,MV14,,,Alex Molcan,L,178,SVK,23.532,181,395,A0CJ,,,Duje Ajdukovic,R,188,CRO,20.35,307,173,7-6(6) 6-4,3,R32,,,,,,,,,,,,,,,,,,,
2021-9003,Bratislava,,32,C,,20210613,17,HA28,,,Filip Horansky,R,191,SVK,28.43,187,379,GB93,1,,Norbert Gombos,R,193,SVK,30.834,81,912,6-2 6-2,3,R16,,,,,,,,,,,,,,,,,,,
2021-9003,Bratislava,,32,C,,20210613,18,L0BV,,,Jiri Lehecka,R,185,CZE,19.595,278,213,CE77,2,,Federico Coria,R,180,ARG,29.262,94,838,7-6(5) 7-6(6),3,R16,,,,,,,,,,,,,,,,,,,
2021-9003,Bratislava,,32,C,,20210613,19,BC65,,,Matthias Bachinger,R,188,GER,34.198,246,257,KC04,4,,Jozef Kovalik,R,183,SVK,28.605,127,634,6-7(1) 6-1 6-4,3,R16,,,,,,,,,,,,,,,,,,,
2021-9003,Bratislava,,32,C,,20210613,20,GJ37,5,,Tallon Griekspoor,R,188,NED,24.947,131,589,D916,,,Steven Diez,R,175,CAN,30.242,190,375,6-4 3-6 6-4,3,R16,,,,,,,,,,,,,,,,,,,
2021-9003,Bratislava,,32,C,,20210613,21,K966,,,Martin Klizan,L,191,SVK,31.923,176,404,C0C8,6,,Juan Manuel Cerundolo,L,183,ARG,19.576,147,513,6-7(0) 6-3 7-5,3,R16,,,,,,,,,,,,,,,,,,,
2021-9003,Bratislava,,32,C,,20210613,22,B0BI,,,Sebastian Baez,R,170,ARG,20.457,185,391,SN54,8,,Frederico Ferreira Silva,L,178,POR,26.24,168,425,6-3 5-7 6-4,3,R16,,,,,,,,,,,,,,,,,,,
2021-9003,Bratislava,,32,C,,20210613,23,I306,,,Cem Ilkel,R,185,TUR,25.812,199,351,MJ98,,,Facundo Mena,R,183,ARG,28.723,250,250,6-3 6-4,3,R16,,,,,,,,,,,,,,,,,,,
2021-9003,Bratislava,,32,C,,20210613,24,KB54,,,Andrey Kuznetsov,R,183,RUS,30.305,450,88,MV14,,,Alex Molcan,L,178,SVK,23.532,181,395,6-4 6-4,3,R16,,,,,,,,,,,,,,,,,,,
2021-9003,Bratislava,,32,C,,20210613,25,GJ37,5,,Tallon Griekspoor,R,188,NED,24.947,131,589,L0BV,,,Jiri Lehecka,R,185,CZE,19.595,278,213,2-6 6-3 6-2,3,QF,,,,,,,,,,,,,,,,,,,
2021-9003,Bratislava,,32,C,,20210613,26,B0BI,,,Sebastian Baez,R,170,ARG,20.457,185,391,BC65,,,Matthias Bachinger,R,188,GER,34.198,246,257,7-6(6) 7-6(0),3,QF,,,,,,,,,,,,,,,,,,,
2021-9003,Bratislava,,32,C,,20210613,27,HA28,,,Filip Horansky,R,191,SVK,28.43,187,379,I306,,,Cem Ilkel,R,185,TUR,25.812,199,351,6-3 6-4,3,QF,,,,,,,,,,,,,,,,,,,
2021-9003,Bratislava,,32,C,,20210613,28,K966,,,Martin Klizan,L,191,SVK,31.923,176,404,KB54,,,Andrey Kuznetsov,R,183,RUS,30.305,450,88,7-6(4) 6-2,3,QF,,,,,,,,,,,,,,,,,,,
2021-9003,Bratislava,,32,C,,20210613,29,GJ37,5,,Tallon Griekspoor,R,188,NED,24.947,131,589,K966,,,Martin Klizan,L,191,SVK,31.923,176,404,6-4 5-7 6-4,3,SF,,,,,,,,,,,,,,,,,,,
2021-9003,Bratislava,,32,C,,20210613,30,B0BI,,,Sebastian Baez,R,170,ARG,20.457,185,391,HA28,,,Filip Horansky,R,191,SVK,28.43,187,379,6-7(6) 6-4 7-6(7),3,SF,,,,,,,,,,,,,,,,,,,
2021-9003,Bratislava,,32,C,,20210613,31,GJ37,5,,Tallon Griekspoor,R,188,NED,24.947,131,589,B0BI,,,Sebastian Baez,R,170,ARG,20.457,185,391,7-6(6) 6-3,3,F,,,,,,,,,,,,,,,,,,,
2021-9522,Nottingham,Grass,32,C,,20210613,1,G628,1,,Richard Gasquet,R,183,FRA,34.987,53,1213,SC47,,,Go Soeda,R,178,JPN,36.769,156,469,6-4 6-2,3,R32,84,3,1,47,30,26,7,9,0,1,1,3,84,51,28,16,9,8,12
2021-9522,Nottingham,Grass,32,C,,20210613,2,KF17,2,,Soonwoo Kwon,R,180,KOR,23.529,91,854,M0FH,,,Tomas Machac,R,183,CZE,20.665,144,524,3-6 6-3 6-4,3,R32,91,6,2,75,55,42,12,14,1,3,5,2,85,63,42,12,14,2,5
2021-9522,Nottingham,Grass,32,C,,20210613,3,Z371,,,Zhizhen Zhang,R,193,CHN,24.657,175,407,SA93,3,,Andreas Seppi,R,191,ITA,37.309,98,811,7-6(1) 6-4,3,R32,88,8,1,67,45,41,10,11,2,2,7,2,83,54,40,12,11,8,9
2021-9522,Nottingham,Grass,32,C,,20210613,4,KB09,,,Denis Kudla,R,180,USA,28.821,120,662,A678,4,,Kevin Anderson,R,203,RSA,35.072,100,795,7-5 1-6 6-3,3,R32,113,3,1,91,47,33,25,14,7,9,27,2,77,54,44,10,14,3,5
2021-9522,Nottingham,Grass,32,C,,20210613,5,M0FA,,,Anton Matusevich,R,185,GBR,20.038,588,52,Y268,5,,Mikael Ymer,R,185,SWE,22.76,105,776,6-3 7-5,3,R32,70,3,4,56,30,26,15,10,2,3,1,1,76,61,33,10,11,6,10
2021-9522,Nottingham,Grass,32,C,,20210613,6,M0CW,,,Aidan McHugh,R,180,GBR,20.928,522,68,K926,6,,Mikhail Kukushkin,R,183,KAZ,33.465,106,772,7-6(4) 6-4,3,R32,98,2,1,58,46,32,8,11,0,2,3,4,85,57,35,11,11,5,8
2021-9522,Nottingham,Grass,32,C,,20210613,7,MQ75,,,Kamil Majchrzak,R,183,POL,25.415,126,636,SE73,7,,Yuichi Sugita,R,175,JPN,32.734,110,731,6-0 6-3,3,R32,46,6,0,41,29,24,8,8,0,0,0,1,35,20,11,6,7,1,5
2021-9522,Nottingham,Grass,32,C,,20210613,8,E873,,,Ernesto Escobedo,R,185,MEX,24.942,188,378,U134,8,,Yasutaka Uchiyama,R,183,JPN,28.854,115,704,4-6 7-5 7-6(6),3,R32,148,9,3,99,74,58,13,17,0,2,13,3,109,67,45,26,17,6,8
2021-9522,Nottingham,Grass,32,C,,20210613,9,BI81,,,Alex Bolt,L,183,AUS,28.435,196,359,SX91,,,Thiago Seyboth Wild,R,185,BRA,21.259,121,645,6-2 6-4,3,R32,60,6,2,45,29,22,11,9,1,2,2,0,58,39,23,7,9,5,9
2021-9522,Nottingham,Grass,32,C,,20210613,10,BM95,,,Benjamin Bonzi,R,183,FRA,25.01,116,693,CA99,,,Marius Copil,R,191,ROU,30.656,228,292,6-3 6-4,3,R32,62,5,0,56,36,30,12,10,2,2,6,4,47,29,24,7,9,2,4
2021-9522,Nottingham,Grass,32,C,,20210613,11,CI14,,,Jay Clarke,R,183,GBR,22.88,229,292,C0BC,,,Maxime Cressy,R,201,USA,24.099,153,480,7-5 6-7(8) 7-6(4),3,R32,153,8,2,117,72,57,25,18,3,5,13,13,120,76,56,22,18,7,10
2021-9522,Nottingham,Grass,32,C,,20210613,12,D923,,,Damir Dzumhur,R,175,BIH,29.065,125,638,D864,,,Evgeny Donskoy,R,185,RUS,31.097,136,555,7-6(4) 6-2,3,R32,76,4,1,62,37,31,19,10,2,2,4,1,58,34,22,14,10,1,3
2021-9522,Nottingham,Grass,32,C,,20210613,13,F586,,,Thomas Fabbiano,R,173,ITA,32.049,164,436,N0AE,,,Brandon Nakashima,R,188,USA,19.86,139,547,4-6 7-6(0) 6-3,3,R32,141,6,4,104,59,43,23,16,9,12,7,2,99,59,41,19,15,4,7
2021-9522,Nottingham,Grass,32,C,,20210613,14,GB53,,,Federico Gaio,R,178,ITA,29.273,138,548,PG94,,,Marc Polmans,R,188,AUS,24.115,149,505,6-4 7-6(7),3,R32,109,10,2,73,51,42,9,11,1,2,7,3,85,57,38,13,11,5,7
2021-9522,Nottingham,Grass,32,C,,20210613,15,MK66,,,Mackenzie McDonald,R,178,USA,26.16,119,675,HA71,,,Antoine Hoang,R,183,FRA,25.607,133,570,6-4 6-2,3,R32,74,2,0,46,33,26,10,9,0,0,1,5,61,39,25,10,9,5,8
2021-9522,Nottingham,Grass,32,C,,20210613,16,RB56,,,Ramkumar Ramanathan,R,188,IND,26.595,216,321,MD56,,,Leonardo Mayer,R,191,ARG,34.081,157,468,3-6 6-3 7-6(1),3,R32,113,10,2,80,60,56,7,15,1,2,8,7,92,49,39,25,15,8,9
2021-9522,Nottingham,Grass,32,C,,20210613,17,G628,1,,Richard Gasquet,R,183,FRA,34.987,53,1213,CI14,,,Jay Clarke,R,183,GBR,22.88,229,292,6-2 6-3,3,R16,73,4,3,52,33,24,10,8,1,2,3,4,64,33,17,13,9,4,9
2021-9522,Nottingham,Grass,32,C,,20210613,18,D923,,,Damir Dzumhur,R,175,BIH,29.065,125,638,KF17,2,,Soonwoo Kwon,R,180,KOR,23.529,91,854,6-4 6-7(3) 6-2,3,R16,132,1,2,91,62,46,15,15,2,4,6,7,96,57,42,15,15,6,11
2021-9522,Nottingham,Grass,32,C,,20210613,19,BI81,,,Alex Bolt,L,183,AUS,28.435,196,359,M0CW,,,Aidan McHugh,R,180,GBR,20.928,522,68,6-7(5) 6-4 6-4,3,R16,156,7,1,101,64,47,26,16,4,4,6,2,112,83,56,19,16,5,7
2021-9522,Nottingham,Grass,32,C,,20210613,20,BM95,,,Benjamin Bonzi,R,183,FRA,25.01,116,693,E873,,,Ernesto Escobedo,R,185,MEX,24.942,188,378,7-6(10) 6-1,3,R16,104,6,1,69,50,38,11,10,1,2,5,1,93,55,33,17,9,6,9
2021-9522,Nottingham,Grass,32,C,,20210613,21,KB09,,,Denis Kudla,R,180,USA,28.821,120,662,GB53,,,Federico Gaio,R,178,ITA,29.273,138,548,4-6 6-3 6-2,3,R16,107,11,2,92,52,35,22,14,2,5,9,3,76,51,37,7,13,5,10
2021-9522,Nottingham,Grass,32,C,,20210613,22,MQ75,,,Kamil Majchrzak,R,183,POL,25.415,126,636,RB56,,,Ramkumar Ramanathan,R,188,IND,26.595,216,321,6-4 6-3,3,R16,72,7,1,53,31,24,17,10,0,0,6,3,63,34,22,15,9,2,4
2021-9522,Nottingham,Grass,32,C,,20210613,23,M0FA,,,Anton Matusevich,R,185,GBR,20.038,588,52,F586,,,Thomas Fabbiano,R,173,ITA,32.049,164,436,7-6(10) 6-4,3,R16,109,7,8,92,48,36,18,11,9,12,8,4,85,47,33,15,11,5,9
2021-9522,Nottingham,Grass,32,C,,20210613,24,MK66,,,Mackenzie McDonald,R,178,USA,26.16,119,675,Z371,,,Zhizhen Zhang,R,193,CHN,24.657,175,407,6-4 6-7(3) 6-4,3,R16,136,9,4,111,68,45,22,16,5,8,7,3,104,68,44,15,16,4,9
2021-9522,Nottingham,Grass,32,C,,20210613,25,BI81,,,Alex Bolt,L,183,AUS,28.435,196,359,G628,1,,Richard Gasquet,R,183,FRA,34.987,53,1213,6-3 6-7(9) 1-0 RET,3,QF,98,9,0,78,50,38,17,12,3,4,6,0,68,43,29,17,10,2,4
2021-9522,Nottingham,Grass,32,C,,20210613,26,BM95,,,Benjamin Bonzi,R,183,FRA,25.01,116,693,D923,,,Damir Dzumhur,R,175,BIH,29.065,125,638,7-6(1) 6-2,3,QF,69,8,0,52,43,32,9,10,0,1,2,1,61,39,29,5,10,2,5
2021-9522,Nottingham,Grass,32,C,,20210613,27,MQ75,,,Kamil Majchrzak,R,183,POL,25.415,126,636,KB09,,,Denis Kudla,R,180,USA,28.821,120,662,6-7(6) 6-4 6-4,3,QF,122,9,1,89,65,51,13,16,1,3,9,3,104,63,46,18,16,8,12
2021-9522,Nottingham,Grass,32,C,,20210613,28,MK66,,,Mackenzie McDonald,R,178,USA,26.16,119,675,M0FA,,,Anton Matusevich,R,185,GBR,20.038,588,52,6-2 6-3,3,QF,54,11,0,40,31,25,7,8,0,0,0,4,66,39,21,14,9,2,6
2021-9522,Nottingham,Grass,32,C,,20210613,29,BI81,,,Alex Bolt,L,183,AUS,28.435,196,359,MK66,,,Mackenzie McDonald,R,178,USA,26.16,119,675,6-3 6-4,3,SF,57,4,1,55,35,29,10,10,0,1,3,2,43,28,23,5,9,1,4
2021-9522,Nottingham,Grass,32,C,,20210613,30,MQ75,,,Kamil Majchrzak,R,183,POL,25.415,126,636,BM95,,,Benjamin Bonzi,R,183,FRA,25.01,116,693,6-3 6-2,3,SF,64,4,1,62,43,35,7,9,3,3,1,1,47,29,19,7,8,2,5
2021-9522,Nottingham,Grass,32,C,,20210613,31,BI81,,,Alex Bolt,L,183,AUS,28.435,196,359,MQ75,,,Kamil Majchrzak,R,183,POL,25.415,126,636,4-6 6-4 6-3,3,F,110,12,0,79,54,36,21,15,1,3,8,1,99,67,46,14,14,7,10
2021-9524,Almaty,Clay,32,C,,20210613,1,MF35,1,,Andrej Martin,R,183,SVK,31.729,108,760,SS25,,,Vitaliy Sachko,R,188,UKR,23.915,310,170,6-4 7-6(11),3,R32,136,1,5,85,45,31,22,11,4,7,1,4,77,45,30,14,11,2,6
2021-9524,Almaty,Clay,32,C,,20210613,2,SK47,2,,Mohamed Safwat,R,180,EGY,30.732,162,440,Z09Z,,,Beibit Zhukayev,R,198,KAZ,20.668,729,24,6-4 6-4,3,R32,90,3,2,58,34,29,8,10,2,4,4,8,77,44,27,13,10,6,10
2021-9524,Almaty,Clay,32,C,,20210613,3,D0C1,,,Jesper de Jong,R,180,NED,21.035,322,159,CG33,3,,Kimmer Coppejans,R,178,BEL,27.346,174,407,6-4 6-2,3,R32,89,1,2,65,39,29,9,9,4,6,0,3,60,37,21,8,9,4,9
2021-9524,Almaty,Clay,32,C,,20210613,4,K09F,,,Pavel Kotov,R,191,RUS,22.568,273,218,GA79,4,,Lorenzo Giustino,R,180,ITA,29.758,178,399,7-6(3) 6-4,3,R32,141,1,3,79,49,31,17,11,5,7,2,1,83,36,19,27,11,5,8
2021-9524,Almaty,Clay,32,C,,20210613,5,PG20,5,,Dmitry Popko,R,191,KAZ,24.635,195,362,SP80,,,Nino Serdarusic,R,191,CRO,24.498,299,186,6-4 6-3,3,R32,99,0,2,63,34,22,16,9,4,6,1,3,67,33,22,13,10,5,10
2021-9524,Almaty,Clay,32,C,,20210613,6,BI47,,,Riccardo Bonadio,R,180,ITA,27.918,292,195,I165,6,,Denis Istomin,R,185,UZB,34.765,204,343,6-3 6-1,3,R32,62,1,2,45,24,19,14,8,3,3,1,1,51,29,15,10,8,1,5
2021-9524,Almaty,Clay,32,C,,20210613,7,MN70,7,,Joao Menezes,R,185,BRA,24.487,211,332,T09L,,,Dostanbek Tashbulatov,R,175,KAZ,20.961,875,18,6-2 6-0,3,R32,56,4,0,40,24,17,10,7,1,2,0,0,40,27,8,5,7,3,9
2021-9524,Almaty,Clay,32,C,,20210613,8,SP24,8,,Brayden Schnur,R,193,CAN,25.944,225,296,MB53,,,Adrian Menendez-Maceiras,R,183,ESP,35.625,296,192,7-5 6-3,3,R32,124,4,2,80,52,36,13,11,8,10,5,4,79,44,27,15,10,7,11
2021-9524,Almaty,Clay,32,C,,20210613,9,BS86,,,Tomas Barrios Vera,R,191,CHI,23.507,231,292,O659,,,Vladyslav Orlov,R,188,UKR,26.075,374,119,7-6(3) 6-2,3,R32,101,3,1,62,44,33,7,10,1,3,0,1,69,40,20,16,10,4,8
2021-9524,Almaty,Clay,32,C,,20210613,10,BE67,,,Mirza Basic,R,188,BIH,29.922,295,192,S0GR,,,Timofey Skatov,R,173,KAZ,20.392,399,107,6-3 6-1,3,R32,76,1,3,46,22,15,13,8,1,3,0,2,64,49,22,6,8,9,15
2021-9524,Almaty,Clay,32,C,,20210613,11,BU13,,,Zizou Bergs,R,185,BEL,22.029,259,235,KI48,,,Ergi Kirkin,R,180,TUR,22.376,406,104,6-4 5-7 6-2,3,R32,151,0,3,96,62,42,19,15,4,7,2,2,106,46,30,28,15,14,19
2021-9524,Almaty,Clay,32,C,,20210613,12,G681,,,Teymuraz Gabashvili,R,185,GEO,36.057,257,240,KD70,,,Pedja Krstin,R,183,SRB,26.776,276,215,3-0 RET,3,R32,21,0,0,10,7,6,2,2,0,0,0,2,12,5,1,3,1,3,4
2021-9524,Almaty,Clay,32,C,,20210613,13,G0AV,,,Carlos Gimeno Valero,R,191,ESP,19.967,269,222,T0AP,,,Chun-Hsin Tseng,R,175,TPE,19.847,279,211,7-5 4-6 6-2,3,R32,141,1,9,104,78,49,11,15,7,11,4,5,90,45,28,18,15,8,14
2021-9524,Almaty,Clay,32,C,,20210613,14,J09X,,,Filip Cristian Jianu,R,180,ROU,19.734,338,139,W857,,,Tung-Lin Wu,R,188,TPE,23.088,268,223,6-4 7-5,3,R32,104,4,1,64,34,25,20,11,4,5,1,4,73,48,31,12,11,3,6
2021-9524,Almaty,Clay,32,C,,20210613,15,MP83,,,Gian Marco Moroni,R,185,ITA,23.329,263,232,KC33,,,Dimitar Kuzmanov,R,183,BUL,27.877,242,268,4-6 6-3 4-1 RET,3,R32,134,5,3,81,62,38,10,12,3,6,1,2,84,56,32,12,12,4,9
2021-9524,Almaty,Clay,32,C,,20210613,16,Y171,,,Denis Yevseyev,R,188,KAZ,28.06,385,114,TD47,,,Evgenii Tiurnev,R,191,RUS,24.181,300,183,6-7(10) 6-3 7-5,3,R32,130,1,7,121,84,57,21,17,8,11,19,7,108,53,38,26,16,5,10
2021-9524,Almaty,Clay,32,C,,20210613,17,MF35,1,,Andrej Martin,R,183,SVK,31.729,108,760,Y171,,,Denis Yevseyev,R,188,KAZ,28.06,385,114,6-4 6-2,3,R16,75,0,4,64,31,23,20,9,3,3,1,2,49,34,19,10,9,1,4
2021-9524,Almaty,Clay,32,C,,20210613,18,MP83,,,Gian Marco Moroni,R,185,ITA,23.329,263,232,SK47,2,,Mohamed Safwat,R,180,EGY,30.732,162,440,4-6 6-3 6-3,3,R16,140,4,6,94,66,45,15,14,9,11,4,3,92,53,35,20,14,5,9
2021-9524,Almaty,Clay,32,C,,20210613,19,BS86,,,Tomas Barrios Vera,R,191,CHI,23.507,231,292,PG20,5,,Dmitry Popko,R,191,KAZ,24.635,195,362,6-4 6-1,3,R16,68,2,0,39,28,21,10,8,2,3,3,5,65,36,17,14,9,5,10
2021-9524,Almaty,Clay,32,C,,20210613,20,BE67,,,Mirza Basic,R,188,BIH,29.922,295,192,MN70,7,,Joao Menezes,R,185,BRA,24.487,211,332,4-6 6-2 7-5,3,R16,136,3,6,98,46,28,27,15,8,13,6,5,86,56,29,16,15,5,12
2021-9524,Almaty,Clay,32,C,,20210613,21,SP24,8,,Brayden Schnur,R,193,CAN,25.944,225,296,G0AV,,,Carlos Gimeno Valero,R,191,ESP,19.967,269,222,6-4 7-6(6),3,R16,98,6,2,81,59,38,11,11,8,12,0,9,77,56,30,10,11,6,11
2021-9524,Almaty,Clay,32,C,,20210613,22,BI47,,,Riccardo Bonadio,R,180,ITA,27.918,292,195,J09X,,,Filip Cristian Jianu,R,180,ROU,19.734,338,139,6-1 7-6(2),3,R16,91,4,2,61,43,37,9,10,2,2,1,4,69,37,25,15,9,4,6
2021-9524,Almaty,Clay,32,C,,20210613,23,D0C1,,,Jesper de Jong,R,180,NED,21.035,322,159,G681,,,Teymuraz Gabashvili,R,185,GEO,36.057,257,240,6-3 6-2,3,R16,70,4,1,62,34,23,17,9,3,4,1,2,42,26,15,7,8,1,5
2021-9524,Almaty,Clay,32,C,,20210613,24,K09F,,,Pavel Kotov,R,191,RUS,22.568,273,218,BU13,,,Zizou Bergs,R,185,BEL,22.029,259,235,6-3 4-6 6-2,3,R16,129,3,0,76,55,39,11,13,0,2,5,4,86,49,31,19,14,2,7
2021-9524,Almaty,Clay,32,C,,20210613,25,MF35,1,,Andrej Martin,R,183,SVK,31.729,108,760,SP24,8,,Brayden Schnur,R,193,CAN,25.944,225,296,7-6(7) 7-5,3,QF,121,2,7,87,60,42,14,12,4,5,3,1,85,62,40,13,12,4,6
2021-9524,Almaty,Clay,32,C,,20210613,26,BS86,,,Tomas Barrios Vera,R,191,CHI,23.507,231,292,K09F,,,Pavel Kotov,R,191,RUS,22.568,273,218,6-3 2-6 6-4,3,QF,145,4,2,79,41,28,26,14,4,6,2,3,98,68,44,17,13,10,12
2021-9524,Almaty,Clay,32,C,,20210613,27,BE67,,,Mirza Basic,R,188,BIH,29.922,295,192,MP83,,,Gian Marco Moroni,R,185,ITA,23.329,263,232,6-3 7-5,3,QF,109,2,1,73,37,24,16,10,8,12,1,8,81,47,24,13,11,5,12
2021-9524,Almaty,Clay,32,C,,20210613,28,D0C1,,,Jesper de Jong,R,180,NED,21.035,322,159,BI47,,,Riccardo Bonadio,R,180,ITA,27.918,292,195,7-6(6) 6-2,3,QF,88,4,2,59,38,30,12,10,0,2,3,1,65,43,27,10,10,6,10
2021-9524,Almaty,Clay,32,C,,20210613,29,BS86,,,Tomas Barrios Vera,R,191,CHI,23.507,231,292,MF35,1,,Andrej Martin,R,183,SVK,31.729,108,760,6-3 6-0,3,SF,54,1,0,33,23,20,6,7,2,3,3,3,45,27,13,5,8,4,10
2021-9524,Almaty,Clay,32,C,,20210613,30,D0C1,,,Jesper de Jong,R,180,NED,21.035,322,159,BE67,,,Mirza Basic,R,188,BIH,29.922,295,192,6-4 7-6(3),3,SF,112,9,2,78,48,32,14,11,5,8,5,4,77,40,25,17,11,7,11
2021-9524,Almaty,Clay,32,C,,20210613,31,D0C1,,,Jesper de Jong,R,180,NED,21.035,322,159,BS86,,,Tomas Barrios Vera,R,191,CHI,23.507,231,292,6-1 6-2,3,F,60,3,0,41,26,19,13,8,0,0,3,0,42,25,14,6,7,0,4
2021-9357,Forli,Clay,32,C,,20210619,1,F0A4,,,Francesco Forti,R,188,ITA,21.9,411,99,GJ37,1,,Tallon Griekspoor,R,188,NED,24.964,120,673,4-6 6-1 7-5,3,R32,110,6,2,88,51,37,23,15,2,4,3,5,75,47,32,16,14,2,6
2021-9357,Forli,Clay,32,C,,20210619,2,BU10,,,Jacopo Berrettini,R,191,ITA,22.56,467,83,G983,2,,Alessandro Giannessi,L,185,ITA,31.055,162,437,6-1 7-6(0),3,R32,78,3,3,56,36,28,10,10,0,2,1,3,57,26,17,12,9,2,6
2021-9357,Forli,Clay,32,C,,20210619,3,BV24,,,Raul Brancaccio,R,183,ITA,24.126,336,142,L503,3,,Paolo Lorenzi,R,183,ITA,39.51,168,428,6-3 6-4,3,R32,111,2,3,82,43,29,22,10,8,9,1,3,63,29,16,20,9,5,8
2021-9357,Forli,Clay,32,C,,20210619,4,D916,4,,Steven Diez,R,175,CAN,30.259,191,359,A622,,,Andrea Arnaboldi,L,180,ITA,33.478,271,212,5-0 RET,3,R32,24,0,0,17,9,7,4,2,3,3,0,0,17,12,3,2,3,1,4
2021-9357,Forli,Clay,32,C,,20210619,5,LF26,,,Orlando Luz,R,180,BRA,23.359,328,148,I306,5,,Cem Ilkel,R,185,TUR,25.829,189,361,7-5 3-6 7-5,3,R32,147,3,7,96,58,41,19,16,5,9,3,5,106,56,37,25,17,3,8
2021-9357,Forli,Clay,32,C,,20210619,6,MJ71,,,Mats Moraing,L,198,GER,28.997,246,258,H756,6,,Robin Haase,R,191,NED,34.204,209,324,6-3 6-1,3,R32,53,2,2,41,18,17,15,8,0,0,5,3,55,25,13,15,8,3,7
2021-9357,Forli,Clay,32,C,,20210619,7,EA24,7,,Tomas Martin Etcheverry,R,196,ARG,21.922,204,339,J267,,,Malek Jaziri,R,185,TUN,37.413,283,194,6-4 6-2,3,R32,95,4,0,49,38,26,8,9,1,2,0,5,77,32,22,17,9,10,14
2021-9357,Forli,Clay,32,C,,20210619,8,HB64,8,,Quentin Halys,R,191,FRA,24.646,219,313,LB51,,,Julian Lenz,R,188,GER,28.334,273,208,6-3 6-3,3,R32,84,3,3,68,39,28,16,9,6,6,1,3,59,37,23,10,9,5,8
2021-9357,Forli,Clay,32,C,,20210619,9,A0CJ,,,Duje Ajdukovic,R,188,CRO,20.367,297,177,P0CT,,,Francesco Passaro,R,180,ITA,20.446,743,28,7-6(2) 5-7 7-6(4),3,R32,167,3,4,121,78,56,17,18,9,13,1,5,121,93,59,12,18,3,6
2021-9357,Forli,Clay,32,C,,20210619,10,BT68,,,Elliot Benchetrit,R,193,MAR,22.713,288,187,BM03,,,Filippo Baldi,R,180,ITA,25.44,306,169,6-3 7-5,3,R32,110,6,3,83,48,34,17,11,6,8,0,1,72,44,27,12,10,2,6
2021-9357,Forli,Clay,32,C,,20210619,11,CG04,,,Pedro Cachin,R,185,ARG,26.188,277,200,GF95,,,Hugo Grenier,R,196,FRA,25.24,262,229,4-6 6-4 6-3,3,R32,172,4,3,107,66,44,19,15,13,17,2,4,108,71,41,15,14,17,22
2021-9357,Forli,Clay,32,C,,20210619,12,C0E9,,,Flavio Cobolli,R,183,ITA,19.121,379,113,Z0A1,,,Giulio Zeppieri,L,183,ITA,19.532,307,169,6-0 7-5,3,R32,76,1,3,50,30,22,12,9,0,1,3,0,54,31,15,11,9,4,9
2021-9357,Forli,Clay,32,C,,20210619,13,E698,,,Gastao Elias,R,180,POR,30.568,250,247,GB61,,,Viktor Galovic,R,193,CRO,30.749,334,143,6-3 6-2,3,R32,68,5,3,49,34,27,7,8,3,3,0,5,69,47,24,12,9,6,10
2021-9357,Forli,Clay,32,C,,20210619,14,GF23,,,Lucas Gerch,L,193,GER,26.497,473,82,T0A1,,,Thiago Agustin Tirante,R,185,ARG,20.192,331,146,7-6(6) 3-6 6-3,3,R32,157,7,7,93,47,33,24,15,4,9,3,4,105,70,42,17,15,8,13
2021-9357,Forli,Clay,32,C,,20210619,15,SF36,,,Igor Sijsling,R,191,NED,33.837,310,168,PH64,,,Andrea Pellegrino,R,185,ITA,24.241,239,285,6-2 7-6(5),3,R32,90,3,2,61,36,24,14,10,1,4,1,7,85,56,32,12,10,9,14
2021-9357,Forli,Clay,32,C,,20210619,16,U182,,,Camilo Ugo Carabelli,R,185,ARG,22.007,300,175,F664,,,Sebastian Fanselow,R,,GER,29.47,392,107,6-2 6-2,3,R32,72,1,1,39,22,17,13,8,0,1,1,6,52,28,17,6,8,2,7
2021-9357,Forli,Clay,32,C,,20210619,17,D916,4,,Steven Diez,R,175,CAN,30.259,191,359,U182,,,Camilo Ugo Carabelli,R,185,ARG,22.007,300,175,6-2 7-6(9),3,R16,124,2,1,80,55,36,11,10,8,11,1,1,72,43,21,16,10,1,6
2021-9357,Forli,Clay,32,C,,20210619,18,EA24,7,,Tomas Martin Etcheverry,R,196,ARG,21.922,204,339,C0E9,,,Flavio Cobolli,R,183,ITA,19.121,379,113,6-4 4-6 6-2,3,R16,127,5,1,80,49,37,18,14,1,3,1,4,83,46,32,20,14,3,7
2021-9357,Forli,Clay,32,C,,20210619,19,HB64,8,,Quentin Halys,R,191,FRA,24.646,219,313,BT68,,,Elliot Benchetrit,R,193,MAR,22.713,288,187,6-4 7-5,3,R16,97,5,2,66,41,30,12,11,2,4,3,3,75,48,33,8,11,3,7
2021-9357,Forli,Clay,32,C,,20210619,20,BU10,,,Jacopo Berrettini,R,191,ITA,22.56,467,83,CG04,,,Pedro Cachin,R,185,ARG,26.188,277,200,7-6(4) 6-7(4) 6-4,3,R16,191,5,7,128,83,55,27,17,10,12,7,4,132,83,64,21,17,8,11
2021-9357,Forli,Clay,32,C,,20210619,21,BV24,,,Raul Brancaccio,R,183,ITA,24.126,336,142,A0CJ,,,Duje Ajdukovic,R,188,CRO,20.367,297,177,5-7 6-4 6-3,3,R16,152,3,5,96,52,39,21,16,2,6,5,3,106,59,41,18,15,6,11
2021-9357,Forli,Clay,32,C,,20210619,22,E698,,,Gastao Elias,R,180,POR,30.568,250,247,LF26,,,Orlando Luz,R,180,BRA,23.359,328,148,6-4 7-6(7),3,R16,113,6,1,73,42,33,22,11,3,3,1,1,81,48,35,17,11,6,7
2021-9357,Forli,Clay,32,C,,20210619,23,F0A4,,,Francesco Forti,R,188,ITA,21.9,411,99,GF23,,,Lucas Gerch,L,193,GER,26.497,473,82,6-4 6-4,3,R16,87,1,2,71,54,37,9,10,5,6,3,2,55,34,26,9,10,2,5
2021-9357,Forli,Clay,32,C,,20210619,24,MJ71,,,Mats Moraing,L,198,GER,28.997,246,258,SF36,,,Igor Sijsling,R,191,NED,33.837,310,168,3-6 6-4 6-2,3,R16,105,12,7,95,48,38,17,14,3,7,3,2,81,42,30,14,13,4,9
2021-9357,Forli,Clay,32,C,,20210619,25,EA24,7,,Tomas Martin Etcheverry,R,196,ARG,21.922,204,339,D916,4,,Steven Diez,R,175,CAN,30.259,191,359,4-6 6-3 6-2,3,QF,136,5,1,91,64,44,16,14,5,7,1,2,72,41,24,20,13,0,4
2021-9357,Forli,Clay,32,C,,20210619,26,HB64,8,,Quentin Halys,R,191,FRA,24.646,219,313,F0A4,,,Francesco Forti,R,188,ITA,21.9,411,99,7-5 6-3,3,QF,93,3,2,60,31,26,14,11,3,5,2,3,62,42,28,7,10,7,11
2021-9357,Forli,Clay,32,C,,20210619,27,E698,,,Gastao Elias,R,180,POR,30.568,250,247,BV24,,,Raul Brancaccio,R,183,ITA,24.126,336,142,6-2 6-3,3,QF,86,2,0,48,26,18,12,8,2,4,1,6,74,43,24,9,9,6,12
2021-9357,Forli,Clay,32,C,,20210619,28,MJ71,,,Mats Moraing,L,198,GER,28.997,246,258,BU10,,,Jacopo Berrettini,R,191,ITA,22.56,467,83,6-3 6-4,3,QF,82,2,1,55,29,25,16,10,1,1,8,4,64,42,27,10,9,3,5
2021-9357,Forli,Clay,32,C,,20210619,29,MJ71,,,Mats Moraing,L,198,GER,28.997,246,258,EA24,7,,Tomas Martin Etcheverry,R,196,ARG,21.922,204,339,6-3 7-5,3,SF,79,11,1,61,39,33,13,11,2,2,5,2,56,38,27,11,10,3,5
2021-9357,Forli,Clay,32,C,,20210619,30,HB64,8,,Quentin Halys,R,191,FRA,24.646,219,313,E698,,,Gastao Elias,R,180,POR,30.568,250,247,7-6(4) 6-4,3,SF,97,2,3,69,40,30,19,11,3,4,2,3,72,46,33,12,11,2,4
2021-9357,Forli,Clay,32,C,,20210619,31,MJ71,,,Mats Moraing,L,198,GER,28.997,246,258,HB64,8,,Quentin Halys,R,191,FRA,24.646,219,313,3-6 6-1 7-5,3,F,101,8,1,83,47,41,19,14,6,7,10,4,87,50,38,17,14,1,4
2021-9637,Forli,Hard,32,C,,20210619,1,O449,1,,Oscar Otte,R,193,GER,27.926,154,459,F0A4,,,Francesco Forti,R,188,ITA,21.9,411,99,6-3 7-5,3,R32,80,9,3,60,34,29,17,11,2,2,9,4,73,43,29,15,10,5,7
2021-9637,Forli,Hard,32,C,,20210619,2,C0BC,2,,Maxime Cressy,R,201,USA,24.115,150,480,KD87,,,Evgeny Karlovskiy,R,191,RUS,26.867,278,198,6-3 6-2,3,R32,58,12,2,40,26,26,10,9,0,0,5,1,52,31,21,9,8,6,9
2021-9637,Forli,Hard,32,C,,20210619,3,A829,3,,Radu Albot,R,175,MDA,31.603,93,848,VA08,,,Andrea Vavassori,R,193,ITA,26.125,357,127,6-7(2) 6-4 7-6(2),3,R32,162,1,1,98,63,48,20,17,1,3,6,4,109,69,54,17,17,2,5
2021-9637,Forli,Hard,32,C,,20210619,4,R09X,4,,Jurij Rodionov,L,191,AUT,22.094,135,579,F0BT,,,Jonas Forejtek,R,183,CZE,20.277,317,162,7-6(4) 5-7 6-3,3,R32,148,14,3,122,90,61,17,17,12,15,6,1,90,64,43,17,16,4,7
2021-9637,Forli,Hard,32,C,,20210619,5,LB51,,,Julian Lenz,R,188,GER,28.334,273,208,GB53,5,,Federico Gaio,R,178,ITA,29.29,142,523,6-0 6-3,3,R32,58,4,1,51,31,24,11,8,1,1,2,7,41,22,14,6,7,3,7
2021-9637,Forli,Hard,32,C,,20210619,6,CH05,6,,Altug Celikbilek,R,183,TUR,24.78,238,285,BV24,,,Raul Brancaccio,R,183,ITA,24.126,336,142,7-5 6-2,3,R32,88,4,6,76,40,33,21,10,9,9,2,3,77,47,31,13,10,7,10
2021-9637,Forli,Hard,32,C,,20210619,7,K09F,,,Pavel Kotov,R,191,RUS,22.585,270,215,MN20,7,,Daniel Masur,R,183,GER,26.617,217,316,7-5 6-4,3,R32,86,9,1,54,38,32,11,11,1,2,1,4,87,59,38,11,11,11,14
2021-9637,Forli,Hard,32,C,,20210619,8,V717,,,Alexey Vatutin,R,178,RUS,28.643,316,164,F586,8,,Thomas Fabbiano,R,173,ITA,32.066,164,431,7-6(6) 7-6(1),3,R32,113,7,3,92,56,38,16,12,4,8,2,2,81,49,28,18,12,2,6
2021-9637,Forli,Hard,32,C,,20210619,9,BC65,,,Matthias Bachinger,R,188,GER,34.215,248,254,RC04,,,Alexander Ritschard,R,193,SUI,27.239,311,168,6-3 6-4,3,R32,83,5,2,67,41,32,15,10,10,10,9,4,70,39,30,13,9,10,12
2021-9637,Forli,Hard,32,C,,20210619,10,C0E9,,,Flavio Cobolli,R,183,ITA,19.121,379,113,A622,,,Andrea Arnaboldi,L,180,ITA,33.478,271,212,1-6 6-3 6-4,3,R32,112,4,3,96,53,38,17,13,9,13,1,4,85,51,31,19,13,5,9
2021-9637,Forli,Hard,32,C,,20210619,11,MO55,,,Lucas Miedler,R,183,AUT,24.994,320,159,BE67,,,Mirza Basic,R,188,BIH,29.938,294,180,7-6(4) 6-4,3,R32,93,6,2,69,44,30,15,11,1,3,5,2,72,44,27,14,11,1,4
2021-9637,Forli,Hard,32,C,,20210619,12,R685,,,Lukas Rosol,R,193,CZE,35.904,194,356,SF41,,,Aldin Setkic,R,191,BIH,33.495,425,96,6-3 6-4,3,R32,58,12,3,50,35,31,10,10,0,0,5,2,47,32,22,8,9,0,2
2021-9637,Forli,Hard,32,C,,20210619,13,SS25,,,Vitaliy Sachko,R,188,UKR,23.932,304,172,N0BG,,,Luca Nardi,R,185,ITA,17.87,706,32,6-4 5-7 6-4,3,R32,137,3,5,100,58,43,16,16,7,11,6,4,106,66,46,17,16,4,9
2021-9637,Forli,Hard,32,C,,20210619,14,SO20,,,Jelle Sels,R,188,NED,25.859,342,135,G0GD,,,Matteo Gigante,L,180,ITA,19.455,728,29,7-6(3) 6-2,3,R32,84,3,2,68,35,26,21,10,0,1,2,3,61,34,22,16,10,5,8
2021-9637,Forli,Hard,32,C,,20210619,15,S0LA,,,Dominic Stricker,L,183,SUI,18.842,289,187,K839,,,Tobias Kamke,R,178,GER,35.08,240,284,6-4 7-6(5),3,R32,87,10,4,77,43,34,18,11,6,7,2,1,69,43,31,14,11,2,4
2021-9637,Forli,Hard,32,C,,20210619,16,V490,,,Matteo Viola,R,185,ITA,33.952,251,247,MH16,,,Yannick Maden,R,185,GER,31.641,242,281,1-6 6-4 6-4,3,R32,125,0,1,101,76,43,13,14,12,18,3,5,100,62,39,15,13,6,11
2021-9637,Forli,Hard,32,C,,20210619,17,BC65,,,Matthias Bachinger,R,188,GER,34.215,248,254,O449,1,,Oscar Otte,R,193,GER,27.926,154,459,6-2 3-1 RET,3,R16,,3,0,33,24,20,6,6,1,1,4,2,33,19,13,3,6,1,4
2021-9637,Forli,Hard,32,C,,20210619,18,C0BC,2,,Maxime Cressy,R,201,USA,24.115,150,480,V490,,,Matteo Viola,R,185,ITA,33.952,251,247,6-4 6-4,3,R16,73,6,5,50,32,28,12,10,0,0,1,3,55,36,22,14,10,2,4
2021-9637,Forli,Hard,32,C,,20210619,19,SO20,,,Jelle Sels,R,188,NED,25.859,342,135,A829,3,,Radu Albot,R,175,MDA,31.603,93,848,7-5 6-4,3,R16,91,5,3,70,38,28,17,11,4,6,2,1,60,45,27,8,11,0,4
2021-9637,Forli,Hard,32,C,,20210619,20,R09X,4,,Jurij Rodionov,L,191,AUT,22.094,135,579,R685,,,Lukas Rosol,R,193,CZE,35.904,194,356,6-3 6-4,3,R16,70,9,3,61,38,31,13,10,2,2,4,4,55,35,31,6,9,3,5
2021-9637,Forli,Hard,32,C,,20210619,21,CH05,6,,Altug Celikbilek,R,183,TUR,24.78,238,285,SS25,,,Vitaliy Sachko,R,188,UKR,23.932,304,172,6-2 6-4,3,R16,69,8,2,65,41,28,11,9,5,7,4,1,47,34,16,5,9,1,6
2021-9637,Forli,Hard,32,C,,20210619,22,C0E9,,,Flavio Cobolli,R,183,ITA,19.121,379,113,K09F,,,Pavel Kotov,R,191,RUS,22.585,270,215,6-7(3) 7-6(6) 7-6(7),3,R16,219,2,4,152,75,55,37,18,11,14,12,4,153,93,67,24,18,11,14
2021-9637,Forli,Hard,32,C,,20210619,23,LB51,,,Julian Lenz,R,188,GER,28.334,273,208,S0LA,,,Dominic Stricker,L,183,SUI,18.842,289,187,7-5 7-5,3,R16,88,14,4,70,49,39,13,12,1,1,9,5,80,43,35,16,12,6,8
2021-9637,Forli,Hard,32,C,,20210619,24,V717,,,Alexey Vatutin,R,178,RUS,28.643,316,164,MO55,,,Lucas Miedler,R,183,AUT,24.994,320,159,2-6 6-0 6-2,3,R16,90,6,2,62,30,21,19,11,4,7,6,1,73,39,22,13,11,9,15
2021-9637,Forli,Hard,32,C,,20210619,25,C0BC,2,,Maxime Cressy,R,201,USA,24.115,150,480,LB51,,,Julian Lenz,R,188,GER,28.334,273,208,6-3 6-4,3,QF,85,10,3,53,38,30,12,10,1,1,0,1,76,52,32,13,9,9,11
2021-9637,Forli,Hard,32,C,,20210619,26,R09X,4,,Jurij Rodionov,L,191,AUT,22.094,135,579,C0E9,,,Flavio Cobolli,R,183,ITA,19.121,379,113,6-4 6-2,3,QF,70,3,3,49,27,21,16,9,0,0,2,3,60,31,20,15,9,3,6
2021-9637,Forli,Hard,32,C,,20210619,27,BC65,,,Matthias Bachinger,R,188,GER,34.215,248,254,CH05,6,,Altug Celikbilek,R,183,TUR,24.78,238,285,7-6(4) 7-5,3,QF,103,8,3,80,50,35,15,12,3,6,6,6,88,52,33,17,12,6,10
2021-9637,Forli,Hard,32,C,,20210619,28,SO20,,,Jelle Sels,R,188,NED,25.859,342,135,V717,,,Alexey Vatutin,R,178,RUS,28.643,316,164,6-3 6-4,3,QF,79,4,0,58,37,27,12,10,3,5,0,3,46,23,13,13,9,1,5
2021-9637,Forli,Hard,32,C,,20210619,29,C0BC,2,,Maxime Cressy,R,201,USA,24.115,150,480,SO20,,,Jelle Sels,R,188,NED,25.859,342,135,6-2 7-5,3,SF,72,17,3,53,34,29,13,10,2,2,8,1,58,38,26,10,10,0,3
2021-9637,Forli,Hard,32,C,,20210619,30,BC65,,,Matthias Bachinger,R,188,GER,34.215,248,254,R09X,4,,Jurij Rodionov,L,191,AUT,22.094,135,579,4-6 7-5 6-2,3,SF,131,6,2,81,51,35,20,15,1,3,6,3,104,62,43,21,15,10,14
2021-9637,Forli,Hard,32,C,,20210619,31,C0BC,2,,Maxime Cressy,R,201,USA,24.115,150,480,BC65,,,Matthias Bachinger,R,188,GER,34.215,248,254,6-4 6-2,3,F,75,9,5,44,28,24,9,9,0,1,2,1,70,40,24,13,9,6,10
2021-9647,Forli,Hard,32,C,,20210619,1,C0BC,1,,Maxime Cressy,R,201,USA,24.115,150,480,SO20,,,Jelle Sels,R,188,NED,25.859,342,135,6-3 6-2,3,R32,62,9,3,37,22,21,11,8,0,0,5,0,58,38,22,8,9,5,9
2021-9647,Forli,Hard,32,C,,20210619,2,SF41,,,Aldin Setkic,R,191,BIH,33.495,425,96,GB53,2,,Federico Gaio,R,178,ITA,29.29,142,523,7-5 6-2,3,R32,72,3,1,48,32,28,12,10,0,0,4,5,61,33,24,12,10,2,5
2021-9647,Forli,Hard,32,C,,20210619,3,BM03,,,Filippo Baldi,R,180,ITA,25.44,306,169,CE25,3,,Salvatore Caruso,R,185,ITA,28.509,97,809,6-2 6-3,3,R32,56,1,0,43,27,23,13,9,0,0,2,3,43,21,16,9,8,1,4
2021-9647,Forli,Hard,32,C,,20210619,4,K09F,,,Pavel Kotov,R,191,RUS,22.585,270,215,BU13,4,,Zizou Bergs,R,185,BEL,22.045,220,313,7-5 6-7(5) 7-5,3,R32,157,7,1,106,72,53,15,18,6,10,2,2,116,84,57,12,18,7,13
2021-9647,Forli,Hard,32,C,,20210619,5,BE67,5,,Mirza Basic,R,188,BIH,29.938,294,180,D0CF,,,Savriyan Danilov,R,188,RUS,21.043,607,48,6-3 6-4,3,R32,69,1,0,62,38,28,15,10,2,2,5,2,57,34,26,9,9,3,5
2021-9647,Forli,Hard,32,C,,20210619,6,SS25,6,,Vitaliy Sachko,R,188,UKR,23.932,304,172,E928,,,Alexander Erler,R,193,AUT,23.644,354,128,3-6 6-2 6-2,3,R32,98,7,2,77,45,30,19,13,3,6,4,3,79,52,30,12,12,4,9
2021-9647,Forli,Hard,32,C,,20210619,7,N0BG,,,Luca Nardi,R,185,ITA,17.87,706,32,VA08,7,,Andrea Vavassori,R,193,ITA,26.125,357,127,6-4 6-2,3,R32,61,3,1,44,23,21,16,9,0,0,11,3,62,45,33,2,9,3,6
2021-9647,Forli,Hard,32,C,,20210619,8,A622,8,,Andrea Arnaboldi,L,180,ITA,33.478,271,212,BV24,,,Raul Brancaccio,R,183,ITA,24.126,336,142,6-2 4-1 RET,3,R32,53,2,1,42,26,24,8,7,3,3,3,3,44,24,17,6,6,6,9
2021-9647,Forli,Hard,32,C,,20210619,9,BO10,,,Gijs Brouwer,L,191,NED,25.265,442,91,LB51,,,Julian Lenz,R,188,GER,28.334,273,208,6-2 6-3,3,R32,77,10,1,72,54,33,12,8,10,10,6,2,64,39,26,6,9,2,6
2021-9647,Forli,Hard,32,C,,20210619,10,CH19,,,Daniele Capecchi,R,180,ITA,25.689,597,50,LC54,,,Benjamin Lock,R,198,ZIM,28.293,463,84,6-3 6-1,3,R32,70,8,4,55,35,24,7,8,4,6,1,2,44,26,10,7,8,1,7
2021-9647,Forli,Hard,32,C,,20210619,11,G0GD,,,Matteo Gigante,L,180,ITA,19.455,728,29,G09C,,,Marek Gengel,R,185,CZE,25.755,435,93,6-2 3-6 6-2,3,R32,94,2,0,79,51,36,18,12,1,2,5,5,84,55,33,15,13,5,9
2021-9647,Forli,Hard,32,C,,20210619,12,MO55,,,Lucas Miedler,R,183,AUT,24.994,320,159,PH77,,,David Poljak,R,188,CZE,25.09,461,85,5-7 6-4 6-3,3,R32,130,5,3,95,62,45,19,15,6,7,18,4,103,55,41,29,16,6,9
2021-9647,Forli,Hard,32,C,,20210619,13,PM13,,,Michail Pervolarakis,R,193,GRE,25.035,492,76,P0B2,,,Luca Potenza,R,175,ITA,20.893,632,44,6-3 6-4,3,R32,92,9,4,66,36,28,16,10,4,5,3,3,67,39,21,17,9,4,7
2021-9647,Forli,Hard,32,C,,20210619,14,S0DQ,,,Keegan Smith,R,201,USA,22.99,750,27,VA25,,,Valentin Vacherot,R,193,MON,22.59,1569,2,7-5 6-4,3,R32,75,8,0,53,43,37,7,11,0,0,7,0,68,46,32,13,11,3,5
2021-9647,Forli,Hard,32,C,,20210619,15,V717,,,Alexey Vatutin,R,178,RUS,28.643,316,164,CA99,,,Marius Copil,R,191,ROU,30.672,221,310,6-7(4) 6-3 6-3,3,R32,110,0,2,85,62,47,14,15,0,1,16,2,83,52,36,19,15,3,7
2021-9647,Forli,Hard,32,C,,20210619,16,V490,,,Matteo Viola,R,185,ITA,33.952,251,247,R685,,,Lukas Rosol,R,193,CZE,35.904,194,356,7-6(1) 4-6 7-5,3,R32,134,1,2,105,72,44,21,17,5,9,9,8,109,67,46,19,17,6,10
2021-9647,Forli,Hard,32,C,,20210619,17,C0BC,1,,Maxime Cressy,R,201,USA,24.115,150,480,G0GD,,,Matteo Gigante,L,180,ITA,19.455,728,29,7-6(3) 6-2,3,R16,89,19,8,62,42,35,11,10,2,3,2,6,71,38,24,16,10,4,7
2021-9647,Forli,Hard,32,C,,20210619,18,BE67,5,,Mirza Basic,R,188,BIH,29.938,294,180,MO55,,,Lucas Miedler,R,183,AUT,24.994,320,159,6-2 6-3,3,R16,56,3,1,40,26,24,8,8,0,0,2,4,51,29,19,10,9,3,7
2021-9647,Forli,Hard,32,C,,20210619,19,SS25,6,,Vitaliy Sachko,R,188,UKR,23.932,304,172,CH19,,,Daniele Capecchi,R,180,ITA,25.689,597,50,6-7(4) 6-1 6-2,3,R16,134,5,1,85,58,41,14,14,2,5,2,4,93,56,38,11,13,3,10
2021-9647,Forli,Hard,32,C,,20210619,20,A622,8,,Andrea Arnaboldi,L,180,ITA,33.478,271,212,BO10,,,Gijs Brouwer,L,191,NED,25.265,442,91,6-4 4-6 7-5,3,R16,140,6,2,111,71,49,22,16,6,8,12,2,103,65,48,18,16,5,8
2021-9647,Forli,Hard,32,C,,20210619,21,K09F,,,Pavel Kotov,R,191,RUS,22.585,270,215,S0DQ,,,Keegan Smith,R,201,USA,22.99,750,27,7-5 6-2,3,R16,79,4,0,51,41,33,6,10,1,2,5,3,74,46,28,12,10,5,9
2021-9647,Forli,Hard,32,C,,20210619,22,N0BG,,,Luca Nardi,R,185,ITA,17.87,706,32,V717,,,Alexey Vatutin,R,178,RUS,28.643,316,164,7-6(6) 6-4,3,R16,118,8,2,79,47,34,14,11,7,10,3,2,98,55,37,17,11,9,13
2021-9647,Forli,Hard,32,C,,20210619,23,PM13,,,Michail Pervolarakis,R,193,GRE,25.035,492,76,BM03,,,Filippo Baldi,R,180,ITA,25.44,306,169,6-4 6-4,3,R16,88,6,2,56,33,28,16,10,0,0,2,3,66,40,26,16,10,1,3
2021-9647,Forli,Hard,32,C,,20210619,24,SF41,,,Aldin Setkic,R,191,BIH,33.495,425,96,V490,,,Matteo Viola,R,185,ITA,33.952,251,247,6-1 6-3,3,R16,78,4,3,46,25,20,12,8,2,3,3,0,61,45,25,4,8,6,11
2021-9647,Forli,Hard,32,C,,20210619,25,SS25,6,,Vitaliy Sachko,R,188,UKR,23.932,304,172,C0BC,1,,Maxime Cressy,R,201,USA,24.115,150,480,7-6(4) 7-6(2),3,QF,131,3,3,98,66,49,19,12,5,5,16,7,83,51,40,18,12,4,4
2021-9647,Forli,Hard,32,C,,20210619,26,K09F,,,Pavel Kotov,R,191,RUS,22.585,270,215,BE67,5,,Mirza Basic,R,188,BIH,29.938,294,180,6-2 6-3,3,QF,62,9,0,46,32,27,7,8,0,0,1,0,57,35,20,11,9,2,6
2021-9647,Forli,Hard,32,C,,20210619,27,A622,8,,Andrea Arnaboldi,L,180,ITA,33.478,271,212,PM13,,,Michail Pervolarakis,R,193,GRE,25.035,492,76,6-4 6-3,3,QF,82,4,1,53,32,21,14,10,3,5,5,6,66,37,26,9,9,3,7
2021-9647,Forli,Hard,32,C,,20210619,28,N0BG,,,Luca Nardi,R,185,ITA,17.87,706,32,SF41,,,Aldin Setkic,R,191,BIH,33.495,425,96,6-0 6-4,3,QF,65,9,1,44,29,24,10,8,1,1,4,3,55,36,20,9,8,9,13
2021-9647,Forli,Hard,32,C,,20210619,29,K09F,,,Pavel Kotov,R,191,RUS,22.585,270,215,SS25,6,,Vitaliy Sachko,R,188,UKR,23.932,304,172,6-4 4-0 RET,3,SF,,2,0,37,25,20,9,7,1,1,0,0,47,31,16,7,7,3,6
2021-9647,Forli,Hard,32,C,,20210619,30,A622,8,,Andrea Arnaboldi,L,180,ITA,33.478,271,212,N0BG,,,Luca Nardi,R,185,ITA,17.87,706,32,4-6 6-3 6-4,3,SF,115,3,4,89,58,44,14,15,7,10,8,4,82,46,34,15,14,5,9
2021-9647,Forli,Hard,32,C,,20210619,31,K09F,,,Pavel Kotov,R,191,RUS,22.585,270,215,A622,8,,Andrea Arnaboldi,L,180,ITA,33.478,271,212,6-4 6-3,3,F,105,5,2,53,40,30,7,9,5,6,2,2,86,54,30,17,10,14,18
2021-558,Prostejov,Clay,32,C,,20210620,1,WB08,,,Yosuke Watanuki,R,180,JPN,23.19,255,240,A596,1,,Pablo Andujar,R,180,ESP,35.406,70,1005,1-6 6-1 6-4,3,R32,113,3,5,73,42,31,13,12,2,5,3,6,75,36,24,19,12,2,6
2021-558,Prostejov,Clay,32,C,,20210620,2,V708,2,,Jiri Vesely,L,198,CZE,27.945,73,954,MJ98,,,Facundo Mena,R,183,ARG,28.742,249,249,6-2 7-6(5),3,R32,108,5,3,65,42,30,16,10,2,3,4,4,70,32,21,22,10,8,11
2021-558,Prostejov,Clay,32,C,,20210620,3,ML57,3,,Gianluca Mager,R,188,ITA,26.552,82,893,F0BT,,,Jonas Forejtek,R,183,CZE,20.279,317,162,6-3 6-3,3,R32,71,3,0,57,38,24,13,9,4,5,2,2,54,33,23,7,9,4,8
2021-558,Prostejov,Clay,32,C,,20210620,4,CE77,4,,Federico Coria,R,180,ARG,29.281,103,755,HB31,,,Johannes Haerteis,L,196,GER,25.325,330,146,6-1 6-0,3,R32,49,5,1,32,25,21,4,6,1,1,0,1,40,24,9,3,7,2,8
2021-558,Prostejov,Clay,32,C,,20210620,5,DA31,5,,Hugo Dellien,R,180,BOL,28.011,129,610,P0EV,,,Andrew Paulson,R,191,CZE,19.592,678,36,6-1 6-3,3,R32,71,1,1,40,28,21,5,8,0,2,0,4,62,31,15,11,8,9,15
2021-558,Prostejov,Clay,32,C,,20210620,6,KI82,,,Vit Kopriva,R,178,CZE,24.014,261,231,KC04,6,,Jozef Kovalik,R,183,SVK,28.624,126,638,2-6 7-6(4) 6-4,3,R32,176,2,4,111,66,39,20,15,11,18,2,2,107,61,36,22,15,9,15
2021-558,Prostejov,Clay,32,C,,20210620,7,E928,,,Alexander Erler,R,193,AUT,23.647,354,128,C0C8,7,,Juan Manuel Cerundolo,L,183,ARG,19.595,141,532,7-6(1) 4-2 RET,3,R32,91,5,3,60,35,27,15,9,0,0,1,5,72,45,28,12,9,2,3
2021-558,Prostejov,Clay,32,C,,20210620,8,RA51,8,,Blaz Rola,L,193,SLO,30.708,157,449,RG42,,,Alex Rybakov,L,185,USA,24.394,409,99,6-1 7-5,3,R32,78,2,0,46,30,29,11,10,0,0,1,1,62,48,27,8,9,12,15
2021-558,Prostejov,Clay,32,C,,20210620,9,B0BI,,,Sebastian Baez,R,170,ARG,20.476,158,442,S0LT,,,Daniel Siniakov,R,183,CZE,18.428,1656,2,6-1 6-0,3,R32,54,0,1,36,31,22,4,6,1,1,1,4,48,27,12,6,7,3,9
2021-558,Prostejov,Clay,32,C,,20210620,10,K839,,,Tobias Kamke,R,178,GER,35.083,240,284,ML73,,,Skander Mansouri,R,193,TUN,25.911,378,114,6-0 3-6 6-2,3,R32,94,0,3,68,35,22,21,11,2,4,5,4,76,51,25,13,12,9,15
2021-558,Prostejov,Clay,32,C,,20210620,11,KI63,,,Lukas Klein,R,193,SVK,23.247,254,241,L0BV,,,Jiri Lehecka,R,185,CZE,19.614,263,224,7-5 7-5,3,R32,97,2,2,73,51,36,9,12,2,5,1,3,75,43,25,18,12,5,10
2021-558,Prostejov,Clay,32,C,,20210620,12,KH56,,,Zdenek Kolar,R,183,CZE,24.695,236,287,MO55,,,Lucas Miedler,R,183,AUT,24.997,320,159,6-2 6-2,3,R32,49,4,2,42,28,21,11,8,0,0,0,2,50,35,20,5,8,3,7
2021-558,Prostejov,Clay,32,C,,20210620,13,KB54,,,Andrey Kuznetsov,R,183,RUS,30.324,418,97,SO20,,,Jelle Sels,R,188,NED,25.862,342,135,6-0 7-6(4),3,R32,86,5,4,62,39,32,11,9,1,2,3,1,67,41,24,11,9,5,9
2021-558,Prostejov,Clay,32,C,,20210620,14,MV14,,,Alex Molcan,L,178,SVK,23.551,180,398,PH77,,,David Poljak,R,188,CZE,25.092,461,85,6-3 6-3,3,R32,72,0,0,50,37,28,7,9,2,3,2,2,50,33,18,9,9,1,5
2021-558,Prostejov,Clay,32,C,,20210620,15,S0GD,,,Dalibor Svrcina,R,178,CZE,18.716,588,52,BC65,,,Matthias Bachinger,R,188,GER,34.218,248,254,2-6 6-0 6-1,3,R32,81,4,3,63,36,27,16,11,3,5,3,2,56,29,17,12,10,3,8
2021-558,Prostejov,Clay,32,C,,20210620,16,V0B2,,,Michael Vrbensky,R,,CZE,21.484,287,189,O482,,,Gonzalo Oliveira,L,185,VEN,26.338,293,184,6-3 2-6 6-4,3,R32,120,5,3,82,46,35,18,14,2,5,5,2,67,41,31,15,13,0,3
2021-558,Prostejov,Clay,32,C,,20210620,17,K839,,,Tobias Kamke,R,178,GER,35.083,240,284,V708,2,,Jiri Vesely,L,198,CZE,27.945,73,954,6-3 6-4,3,R16,93,1,5,70,46,32,12,10,5,6,8,6,57,30,23,10,9,5,8
2021-558,Prostejov,Clay,32,C,,20210620,18,ML57,3,,Gianluca Mager,R,188,ITA,26.552,82,893,B0BI,,,Sebastian Baez,R,170,ARG,20.476,158,442,7-6(8) 6-2,3,R16,97,4,1,80,59,39,13,10,4,5,3,2,73,62,36,7,10,8,11
2021-558,Prostejov,Clay,32,C,,20210620,19,CE77,4,,Federico Coria,R,180,ARG,29.281,103,755,KB54,,,Andrey Kuznetsov,R,183,RUS,30.324,418,97,6-7(0) 7-5 6-2,3,R16,153,2,6,106,65,41,23,16,6,10,3,8,98,49,30,23,16,7,14
2021-558,Prostejov,Clay,32,C,,20210620,20,DA31,5,,Hugo Dellien,R,180,BOL,28.011,129,610,V0B2,,,Michael Vrbensky,R,,CZE,21.484,287,189,6-1 6-2,3,R16,82,1,0,46,33,21,9,7,1,2,0,3,61,31,15,11,8,4,10
2021-558,Prostejov,Clay,32,C,,20210620,21,RA51,8,,Blaz Rola,L,193,SLO,30.708,157,449,KI63,,,Lukas Klein,R,193,SVK,23.247,254,241,6-4 3-6 7-6(6),3,R16,135,8,3,91,58,39,20,15,7,10,1,4,102,77,49,12,16,1,4
2021-558,Prostejov,Clay,32,C,,20210620,22,KH56,,,Zdenek Kolar,R,183,CZE,24.695,236,287,KI82,,,Vit Kopriva,R,178,CZE,24.014,261,231,6-3 7-6(3),3,R16,102,4,2,65,42,31,13,11,1,3,2,4,70,42,30,11,10,6,9
2021-558,Prostejov,Clay,32,C,,20210620,23,MV14,,,Alex Molcan,L,178,SVK,23.551,180,398,WB08,,,Yosuke Watanuki,R,180,JPN,23.19,255,240,6-1 6-2,3,R16,67,1,1,47,32,22,13,8,1,1,3,2,47,36,18,4,7,4,8
2021-558,Prostejov,Clay,32,C,,20210620,24,S0GD,,,Dalibor Svrcina,R,178,CZE,18.716,588,52,E928,,,Alexander Erler,R,193,AUT,23.647,354,128,6-1 7-5,3,R16,85,3,6,56,37,25,9,9,1,3,0,4,69,31,21,13,10,7,13
2021-558,Prostejov,Clay,32,C,,20210620,25,ML57,3,,Gianluca Mager,R,188,ITA,26.552,82,893,S0GD,,,Dalibor Svrcina,R,178,CZE,18.716,588,52,6-3 6-2,3,QF,84,4,0,62,38,27,14,9,3,4,3,5,60,36,23,8,8,5,9
2021-558,Prostejov,Clay,32,C,,20210620,26,CE77,4,,Federico Coria,R,180,ARG,29.281,103,755,RA51,8,,Blaz Rola,L,193,SLO,30.708,157,449,6-4 6-1,3,QF,81,2,1,47,29,23,9,8,1,2,3,2,68,37,23,11,9,6,11
2021-558,Prostejov,Clay,32,C,,20210620,27,MV14,,,Alex Molcan,L,178,SVK,23.551,180,398,DA31,5,,Hugo Dellien,R,180,BOL,28.011,129,610,6-3 6-1,3,QF,63,1,4,43,30,22,7,8,0,1,0,1,60,52,24,4,8,6,11
2021-558,Prostejov,Clay,32,C,,20210620,28,KH56,,,Zdenek Kolar,R,183,CZE,24.695,236,287,K839,,,Tobias Kamke,R,178,GER,35.083,240,284,6-2 6-3,3,QF,74,2,0,50,21,17,19,9,0,1,0,4,42,23,13,9,8,3,7
2021-558,Prostejov,Clay,32,C,,20210620,29,MV14,,,Alex Molcan,L,178,SVK,23.551,180,398,ML57,3,,Gianluca Mager,R,188,ITA,26.552,82,893,6-1 6-3,3,SF,80,0,0,64,39,26,12,8,3,4,0,3,49,28,16,7,8,3,8
2021-558,Prostejov,Clay,32,C,,20210620,30,CE77,4,,Federico Coria,R,180,ARG,29.281,103,755,KH56,,,Zdenek Kolar,R,183,CZE,24.695,236,287,6-4 6-2,3,SF,91,1,2,52,24,17,18,9,2,3,4,1,65,40,27,9,9,5,9
2021-558,Prostejov,Clay,32,C,,20210620,31,CE77,4,,Federico Coria,R,180,ARG,29.281,103,755,MV14,,,Alex Molcan,L,178,SVK,23.551,180,398,7-6(1) 6-3,3,F,104,3,1,63,42,32,8,11,1,4,0,4,61,45,24,8,10,1,5
2021-7009,Aix en Provence,Clay,32,C,,20210620,1,CF59,1,,Roberto Carballes Baena,R,183,ESP,28.244,100,786,MW76,,,Matteo Martineau,R,183,FRA,22.426,381,113,6-3 6-1,3,R32,83,1,3,49,33,27,7,8,4,5,3,1,53,36,17,6,8,2,7
2021-7009,Aix en Provence,Clay,32,C,,20210620,2,BK19,,,Mathias Bourgue,R,188,FRA,27.42,201,345,V306,2,,Fernando Verdasco,L,188,ESP,37.596,102,760,7-6(3) 4-6 6-2,3,R32,157,8,3,102,57,43,20,15,5,8,3,4,89,56,36,17,15,2,6
2021-7009,Aix en Provence,Clay,32,C,,20210620,3,BF23,3,,Facundo Bagnis,L,183,ARG,31.31,96,828,BV25,,,Javier Barranco Cosano,L,180,ESP,22.59,338,139,6-3 1-6 6-1,3,R32,116,5,6,68,35,23,15,12,5,9,0,5,71,43,29,10,11,0,5
2021-7009,Aix en Provence,Clay,32,C,,20210620,4,C0AU,4,,Francisco Cerundolo,R,185,ARG,22.853,117,694,BU54,,,Geoffrey Blancaneaux,R,180,FRA,22.867,327,149,6-2 4-6 6-4,3,R32,115,1,4,78,45,30,19,14,2,6,2,2,75,48,28,13,14,6,12
2021-7009,Aix en Provence,Clay,32,C,,20210620,5,V836,5,,Juan Pablo Varillas,R,185,PER,25.706,133,599,CC66,,,Andrea Collarini,L,183,ARG,29.385,199,346,6-4 6-4,3,R32,98,1,2,52,27,23,14,10,0,1,3,0,67,47,29,10,10,4,7
2021-7009,Aix en Provence,Clay,32,C,,20210620,6,TE16,6,,Carlos Taberner,R,183,ESP,23.866,134,582,V717,,,Alexey Vatutin,R,178,RUS,28.646,316,164,6-4 6-1,3,R32,71,2,2,42,28,24,8,8,0,0,0,1,55,40,20,10,9,3,7
2021-7009,Aix en Provence,Clay,32,C,,20210620,7,G09O,7,,Hugo Gaston,L,173,FRA,20.731,160,439,R419,,,Tommy Robredo,R,180,ESP,39.138,259,232,2-6 6-1 6-0,3,R32,90,0,1,69,32,23,21,11,4,6,1,5,65,40,20,10,10,3,8
2021-7009,Aix en Provence,Clay,32,C,,20210620,8,LC11,,,Tristan Lamasine,R,183,FRA,28.293,252,244,N897,8,,Sumit Nagal,R,178,IND,23.844,144,511,4-6 7-6(5) 6-1,3,R32,140,9,2,89,66,44,14,15,6,10,1,1,102,70,47,11,14,5,10
2021-7009,Aix en Provence,Clay,32,C,,20210620,9,C0H0,,,Arthur Cazaux,R,183,FRA,18.825,451,87,V620,,,Agustin Velotti,R,,ARG,29.073,335,142,6-3 6-0,3,R32,70,10,1,43,22,19,14,8,1,1,1,2,54,24,17,9,7,7,11
2021-7009,Aix en Provence,Clay,32,C,,20210620,10,D0DW,,,Titouan Droguet,R,191,FRA,20.014,690,34,RB60,,,Oriol Roca Batalla,R,175,ESP,28.14,365,124,6-3 6-4,3,R32,79,0,0,51,36,21,13,10,1,3,1,3,58,39,24,7,9,5,9
2021-7009,Aix en Provence,Clay,32,C,,20210620,11,F811,,,Bjorn Fratangelo,R,183,USA,27.921,185,384,D985,,,Joao Domingues,R,,POR,27.707,241,281,7-6(2) 6-4,3,R32,88,3,1,68,37,30,22,11,0,0,8,3,69,44,32,15,11,4,5
2021-7009,Aix en Provence,Clay,32,C,,20210620,12,GH33,,,Manuel Guinard,R,198,FRA,25.596,301,174,S0GZ,,,Nikolas Sanchez Izquierdo,R,185,ESP,22.267,363,125,3-6 6-3 6-4,3,R32,148,0,1,94,55,38,22,14,8,10,1,2,99,73,44,16,14,12,15
2021-7009,Aix en Provence,Clay,32,C,,20210620,13,J0AZ,,,Kyrian Jacquet,R,175,FRA,20.11,430,94,J620,,,Maxime Janvier,R,196,FRA,24.671,227,301,6-3 7-6(2),3,R32,91,2,5,72,37,27,19,11,5,7,2,7,58,31,23,11,10,0,3
2021-7009,Aix en Provence,Clay,32,C,,20210620,14,O376,,,Renzo Olivo,R,178,ARG,29.265,203,340,GC17,,,Oscar Jose Gutierrez,R,170,ESP,28.153,412,99,7-6(3) 6-4,3,R32,108,0,7,82,62,44,5,11,6,9,0,8,80,48,28,15,11,4,8
2021-7009,Aix en Provence,Clay,32,C,,20210620,15,O449,,,Oscar Otte,R,193,GER,27.929,154,459,DF88,,,Aziz Dougaz,L,188,TUN,24.235,353,128,6-4 6-1,3,R32,57,7,3,51,31,26,12,9,0,0,3,2,43,25,15,10,8,1,4
2021-7009,Aix en Provence,Clay,32,C,,20210620,16,Y218,,,Elias Ymer,R,185,SWE,25.194,182,387,V490,,,Matteo Viola,R,185,ITA,33.955,251,247,6-4 7-6(3),3,R32,105,2,2,76,44,35,17,11,4,5,2,7,86,44,34,17,11,5,7
2021-7009,Aix en Provence,Clay,32,C,,20210620,17,GH33,,,Manuel Guinard,R,198,FRA,25.596,301,174,CF59,1,,Roberto Carballes Baena,R,183,ESP,28.244,100,786,7-6(5) 6-4,3,R16,120,3,4,80,48,35,19,11,6,7,3,3,74,40,32,17,11,1,3
2021-7009,Aix en Provence,Clay,32,C,,20210620,18,O376,,,Renzo Olivo,R,178,ARG,29.265,203,340,BF23,3,,Facundo Bagnis,L,183,ARG,31.31,96,828,6-2 6-4,3,R16,87,1,3,68,52,38,5,9,4,5,2,3,57,34,22,9,9,7,11
2021-7009,Aix en Provence,Clay,32,C,,20210620,19,Y218,,,Elias Ymer,R,185,SWE,25.194,182,387,C0AU,4,,Francisco Cerundolo,R,185,ARG,22.853,117,694,6-7(7) 6-2 6-4,3,R16,122,6,4,87,61,48,14,15,3,5,4,3,109,66,42,21,15,5,10
2021-7009,Aix en Provence,Clay,32,C,,20210620,20,J0AZ,,,Kyrian Jacquet,R,175,FRA,20.11,430,94,V836,5,,Juan Pablo Varillas,R,185,PER,25.706,133,599,6-4 6-3,3,R16,80,0,2,50,29,21,14,10,0,2,2,0,64,39,23,11,9,2,6
2021-7009,Aix en Provence,Clay,32,C,,20210620,21,TE16,6,,Carlos Taberner,R,183,ESP,23.866,134,582,C0H0,,,Arthur Cazaux,R,183,FRA,18.825,451,87,7-6(5) 6-2,3,R16,135,1,3,86,45,30,24,10,9,10,9,0,68,41,29,12,10,6,9
2021-7009,Aix en Provence,Clay,32,C,,20210620,22,O449,,,Oscar Otte,R,193,GER,27.929,154,459,G09O,7,,Hugo Gaston,L,173,FRA,20.731,160,439,6-4 4-6 6-3,3,R16,116,13,6,108,64,49,15,15,10,14,2,1,77,35,25,20,14,2,7
2021-7009,Aix en Provence,Clay,32,C,,20210620,23,D0DW,,,Titouan Droguet,R,191,FRA,20.014,690,34,BK19,,,Mathias Bourgue,R,188,FRA,27.42,201,345,6-4 6-1,3,R16,62,5,0,46,33,25,10,8,2,2,1,2,49,26,16,10,9,4,8
2021-7009,Aix en Provence,Clay,32,C,,20210620,24,LC11,,,Tristan Lamasine,R,183,FRA,28.293,252,244,F811,,,Bjorn Fratangelo,R,183,USA,27.921,185,384,7-5 6-3,3,R16,92,5,1,63,38,26,12,11,5,8,5,2,69,36,26,11,10,7,12
2021-7009,Aix en Provence,Clay,32,C,,20210620,25,TE16,6,,Carlos Taberner,R,183,ESP,23.866,134,582,O376,,,Renzo Olivo,R,178,ARG,29.265,203,340,6-3 6-1,3,QF,78,0,0,46,30,23,11,8,1,1,1,3,49,30,17,8,8,2,6
2021-7009,Aix en Provence,Clay,32,C,,20210620,26,GH33,,,Manuel Guinard,R,198,FRA,25.596,301,174,LC11,,,Tristan Lamasine,R,183,FRA,28.293,252,244,6-7(4) 6-3 6-3,3,QF,125,8,1,88,55,43,20,15,4,5,1,0,95,62,43,17,15,2,6
2021-7009,Aix en Provence,Clay,32,C,,20210620,27,J0AZ,,,Kyrian Jacquet,R,175,FRA,20.11,430,94,D0DW,,,Titouan Droguet,R,191,FRA,20.014,690,34,7-5 6-3,3,QF,93,3,4,75,40,28,19,11,2,4,0,1,72,50,28,10,10,6,10
2021-7009,Aix en Provence,Clay,32,C,,20210620,28,Y218,,,Elias Ymer,R,185,SWE,25.194,182,387,O449,,,Oscar Otte,R,193,GER,27.929,154,459,6-0 RET,3,QF,28,0,0,21,11,7,7,3,0,0,0,2,15,6,2,1,3,3,6
2021-7009,Aix en Provence,Clay,32,C,,20210620,29,TE16,6,,Carlos Taberner,R,183,ESP,23.866,134,582,J0AZ,,,Kyrian Jacquet,R,175,FRA,20.11,430,94,6-3 6-7(7) 6-0,3,SF,127,2,3,79,41,34,22,13,1,2,3,4,90,54,35,17,14,5,11
2021-7009,Aix en Provence,Clay,32,C,,20210620,30,GH33,,,Manuel Guinard,R,198,FRA,25.596,301,174,Y218,,,Elias Ymer,R,185,SWE,25.194,182,387,6-4 6-2,3,SF,90,1,1,68,43,30,9,9,5,7,2,2,60,28,17,13,9,5,10
2021-7009,Aix en Provence,Clay,32,C,,20210620,31,TE16,6,,Carlos Taberner,R,183,ESP,23.866,134,582,GH33,,,Manuel Guinard,R,198,FRA,25.596,301,174,6-2 6-2,3,F,59,3,0,36,28,25,7,8,0,0,0,1,45,25,15,8,8,3,7
2021-3463,Milan,Clay,32,C,,20210627,1,CE77,1,,Federico Coria,R,180,ARG,29.3,89,840,BI47,,,Riccardo Bonadio,R,180,ITA,27.956,277,204,6-2 6-2,3,R32,77,3,2,43,22,18,15,8,0,0,0,1,48,30,14,9,8,6,10
2021-3463,Milan,Clay,32,C,,20210627,2,R0DG,2,,Holger Rune,R,188,DEN,18.163,236,292,W857,,,Tung-Lin Wu,R,188,TPE,23.127,267,222,7-6(4) 7-5,3,R32,143,7,1,78,41,32,24,12,9,10,5,3,108,69,45,19,12,13,15
2021-3463,Milan,Clay,32,C,,20210627,3,BV27,3,,Ulises Blanch,R,188,USA,23.258,247,258,G476,,,Guillermo Garcia-Lopez,R,185,ESP,38.064,282,197,3-6 6-3 6-2,3,R32,120,6,5,84,45,37,20,13,5,6,2,2,92,55,34,20,13,10,13
2021-3463,Milan,Clay,32,C,,20210627,4,KD70,,,Pedja Krstin,R,183,SRB,26.815,274,211,MJ98,4,,Facundo Mena,R,183,ARG,28.761,252,249,6-0 3-0 RET,3,R32,44,4,1,25,16,15,5,5,0,0,0,2,23,13,3,3,4,2,6
2021-3463,Milan,Clay,32,C,,20210627,5,E698,5,,Gastao Elias,R,180,POR,30.59,245,274,F0BT,,,Jonas Forejtek,R,183,CZE,20.298,315,160,6-4 6-2,3,R32,72,2,1,51,27,22,13,9,4,6,1,2,53,33,20,7,9,4,9
2021-3463,Milan,Clay,32,C,,20210627,6,LC11,6,,Tristan Lamasine,R,183,FRA,28.312,248,258,A622,,,Andrea Arnaboldi,L,180,ITA,33.5,273,212,3-6 6-1 7-5,3,R32,126,5,5,73,37,26,24,14,2,5,3,5,97,60,37,16,14,10,15
2021-3463,Milan,Clay,32,C,,20210627,7,Z0A1,,,Giulio Zeppieri,L,183,ITA,19.554,320,155,G681,7,,Teymuraz Gabashvili,R,185,GEO,36.096,258,243,6-1 7-6(4),3,R32,90,3,3,71,41,34,14,10,5,6,2,2,52,32,22,11,9,3,6
2021-3463,Milan,Clay,32,C,,20210627,8,MP83,,,Gian Marco Moroni,R,185,ITA,23.368,257,243,GB61,,,Viktor Galovic,R,193,CRO,30.771,333,143,6-2 6-3,3,R32,78,5,4,56,33,26,13,8,2,2,1,5,66,32,22,12,9,6,10
2021-3463,Milan,Clay,32,C,,20210627,9,A0CJ,,,Duje Ajdukovic,R,188,CRO,20.389,297,183,LB51,,,Julian Lenz,R,188,GER,28.356,287,194,6-1 6-2,3,R32,76,2,3,47,25,19,13,7,4,4,0,4,50,27,14,6,8,3,8
2021-3463,Milan,Clay,32,C,,20210627,10,BE67,,,Mirza Basic,R,188,BIH,29.96,275,209,KI82,,,Vit Kopriva,R,178,CZE,24.033,262,234,6-3 7-5,3,R32,91,1,1,63,31,24,23,11,3,3,2,0,57,33,21,14,10,3,5
2021-3463,Milan,Clay,32,C,,20210627,11,CG04,,,Pedro Cachin,R,185,ARG,26.209,278,201,BV24,,,Raul Brancaccio,R,183,ITA,24.148,328,150,7-5 6-3,3,R32,98,1,1,69,34,23,17,11,3,6,2,3,72,39,20,17,10,6,11
2021-3463,Milan,Clay,32,C,,20210627,12,GF95,,,Hugo Grenier,R,196,FRA,25.262,265,229,V717,,,Alexey Vatutin,R,178,RUS,28.665,316,160,6-3 6-2,3,R32,90,0,4,72,50,33,7,9,3,6,0,4,42,28,11,2,8,1,7
2021-3463,Milan,Clay,32,C,,20210627,13,GH33,,,Manuel Guinard,R,198,FRA,25.615,255,246,MB53,,,Adrian Menendez-Maceiras,R,183,ESP,35.663,295,185,4-6 7-6(7) 5-1 RET,3,R32,171,9,3,95,53,37,18,14,3,8,2,3,103,60,36,17,14,7,13
2021-3463,Milan,Clay,32,C,,20210627,14,J267,,,Malek Jaziri,R,185,TUN,37.435,286,194,BT68,,,Elliot Benchetrit,R,193,MAR,22.735,291,191,6-4 6-1,3,R32,75,3,1,42,25,20,12,8,0,0,3,3,63,34,16,17,9,7,11
2021-3463,Milan,Clay,32,C,,20210627,15,L0BV,,,Jiri Lehecka,R,185,CZE,19.633,266,224,V495,,,Luca Vanni,R,198,ITA,36.063,425,95,6-3 7-6(5),3,R32,111,4,4,88,56,36,13,11,5,9,2,2,66,38,21,10,10,4,9
2021-3463,Milan,Clay,32,C,,20210627,16,LF26,,,Orlando Luz,R,180,BRA,23.381,326,152,SP80,,,Nino Serdarusic,R,191,CRO,24.537,299,179,7-6(5) 4-6 7-5,3,R32,189,3,4,123,70,46,22,17,8,14,6,3,113,66,46,19,17,6,12
2021-3463,Milan,Clay,32,C,,20210627,17,CE77,1,,Federico Coria,R,180,ARG,29.3,89,840,BE67,,,Mirza Basic,R,188,BIH,29.96,275,209,7-6(8) 6-3,3,R16,109,1,3,82,64,44,11,11,4,5,2,2,68,39,29,15,10,3,5
2021-3463,Milan,Clay,32,C,,20210627,18,R0DG,2,,Holger Rune,R,188,DEN,18.163,236,292,J267,,,Malek Jaziri,R,185,TUN,37.435,286,194,6-3 6-1,3,R16,67,2,2,48,29,21,14,8,1,1,0,1,45,25,14,6,8,2,6
2021-3463,Milan,Clay,32,C,,20210627,19,A0CJ,,,Duje Ajdukovic,R,188,CRO,20.389,297,183,BV27,3,,Ulises Blanch,R,188,USA,23.258,247,258,6-3 6-1,3,R16,70,6,1,45,25,22,12,8,1,1,2,1,52,26,16,9,8,4,8
2021-3463,Milan,Clay,32,C,,20210627,20,E698,5,,Gastao Elias,R,180,POR,30.59,245,274,L0BV,,,Jiri Lehecka,R,185,CZE,19.633,266,224,6-2 6-4,3,R16,90,3,3,64,30,23,20,9,4,4,5,2,58,34,24,9,9,1,4
2021-3463,Milan,Clay,32,C,,20210627,21,CG04,,,Pedro Cachin,R,185,ARG,26.209,278,201,LC11,6,,Tristan Lamasine,R,183,FRA,28.312,248,258,6-1 6-4,3,R16,68,6,1,49,31,23,10,9,0,2,1,3,49,33,18,5,8,3,8
2021-3463,Milan,Clay,32,C,,20210627,22,MP83,,,Gian Marco Moroni,R,185,ITA,23.368,257,243,LF26,,,Orlando Luz,R,180,BRA,23.381,326,152,6-3 6-4,3,R16,87,2,3,53,28,24,14,10,0,1,2,2,49,24,16,11,9,0,3
2021-3463,Milan,Clay,32,C,,20210627,23,GF95,,,Hugo Grenier,R,196,FRA,25.262,265,229,Z0A1,,,Giulio Zeppieri,L,183,ITA,19.554,320,155,3-6 6-3 7-6(5),3,R16,153,2,7,101,62,44,23,15,9,12,4,3,97,62,40,21,15,5,8
2021-3463,Milan,Clay,32,C,,20210627,24,KD70,,,Pedja Krstin,R,183,SRB,26.815,274,211,GH33,,,Manuel Guinard,R,198,FRA,25.615,255,246,6-4 0-6 6-4,3,R16,112,2,4,85,58,36,15,13,3,7,6,5,74,49,34,15,13,2,5
2021-3463,Milan,Clay,32,C,,20210627,25,CE77,1,,Federico Coria,R,180,ARG,29.3,89,840,E698,5,,Gastao Elias,R,180,POR,30.59,245,274,6-2 6-0,3,QF,64,0,0,34,24,17,9,7,0,1,0,2,44,20,9,7,7,4,10
2021-3463,Milan,Clay,32,C,,20210627,26,R0DG,2,,Holger Rune,R,188,DEN,18.163,236,292,CG04,,,Pedro Cachin,R,185,ARG,26.209,278,201,0-6 7-6(3) 7-6(8),3,QF,140,0,4,103,64,42,19,15,5,10,9,6,101,54,42,23,15,1,3
2021-3463,Milan,Clay,32,C,,20210627,27,MP83,,,Gian Marco Moroni,R,185,ITA,23.368,257,243,A0CJ,,,Duje Ajdukovic,R,188,CRO,20.389,297,183,6-3 7-5,3,QF,121,3,3,78,48,27,19,11,4,7,3,2,74,43,24,13,10,9,14
2021-3463,Milan,Clay,32,C,,20210627,28,GF95,,,Hugo Grenier,R,196,FRA,25.262,265,229,KD70,,,Pedja Krstin,R,183,SRB,26.815,274,211,6-4 6-4,3,QF,99,3,3,66,49,31,9,10,6,8,1,1,67,46,27,10,10,4,8
2021-3463,Milan,Clay,32,C,,20210627,29,CE77,1,,Federico Coria,R,180,ARG,29.3,89,840,GF95,,,Hugo Grenier,R,196,FRA,25.262,265,229,6-4 6-3,3,SF,96,1,0,59,37,26,14,10,1,2,0,1,57,37,24,8,9,2,5
2021-3463,Milan,Clay,32,C,,20210627,30,MP83,,,Gian Marco Moroni,R,185,ITA,23.368,257,243,R0DG,2,,Holger Rune,R,188,DEN,18.163,236,292,7-6(4) 6-1,3,SF,99,6,4,66,42,26,14,9,4,7,0,2,65,38,22,8,10,4,10
2021-3463,Milan,Clay,32,C,,20210627,31,MP83,,,Gian Marco Moroni,R,185,ITA,23.368,257,243,CE77,1,,Federico Coria,R,180,ARG,29.3,89,840,6-3 6-2,3,F,85,2,4,61,41,33,8,9,4,4,0,3,46,33,20,6,8,2,5
2021-9526,Porto,Hard,32,C,,20210628,1,SX91,1,,Thiago Seyboth Wild,R,185,BRA,21.3,126,643,O376,,,Renzo Olivo,R,178,ARG,29.287,193,359,6-4 6-2,3,R32,85,2,5,49,30,23,11,9,0,1,1,8,66,38,22,11,9,7,11
2021-9526,Porto,Hard,32,C,,20210628,2,GA94,2,,Prajnesh Gunneswaran,L,188,IND,31.625,148,486,BK19,,,Mathias Bourgue,R,188,FRA,27.441,198,352,6-2 3-6 6-1,3,R32,,4,0,74,51,35,16,12,3,4,2,4,83,53,35,11,12,4,8
2021-9526,Porto,Hard,32,C,,20210628,3,GA36,3,,Emilio Gomez,R,185,ECU,29.582,169,424,KI74,,,Nicola Kuhn,R,185,GER,21.273,255,254,7-5 6-2,3,R32,89,6,1,56,37,30,10,10,1,2,5,1,72,38,23,16,10,7,11
2021-9526,Porto,Hard,32,C,,20210628,4,PB22,,,Peter Polansky,R,183,CAN,33.035,251,259,TE30,4,,Alejandro Tabilo,L,188,CHI,24.071,172,421,1-6 6-1 6-2,3,R32,91,6,2,75,40,29,16,11,5,8,6,6,73,46,31,8,11,10,15
2021-9526,Porto,Hard,32,C,,20210628,5,SN54,5,,Frederico Ferreira Silva,L,178,POR,26.281,176,410,GA79,,,Lorenzo Giustino,R,180,ITA,29.799,228,303,6-4 4-6 6-3,3,R32,143,2,4,88,44,28,26,14,5,8,10,8,95,51,31,22,15,7,12
2021-9526,Porto,Hard,32,C,,20210628,6,SC77,,,Sergiy Stakhovsky,R,193,UKR,35.474,242,283,SC47,6,,Go Soeda,R,178,JPN,36.81,174,413,2-6 6-2 7-6(5),3,R32,131,10,3,91,57,42,14,14,4,7,2,4,98,64,43,17,14,6,9
2021-9526,Porto,Hard,32,C,,20210628,7,KD46,7,,Thanasi Kokkinakis,R,193,AUS,25.216,181,398,MJ01,,,Roberto Marcora,R,193,ITA,31.828,194,358,7-6(3) 6-1,3,R32,77,10,2,58,33,26,16,10,0,1,2,2,57,40,26,8,9,6,9
2021-9526,Porto,Hard,32,C,,20210628,8,I165,8,,Denis Istomin,R,185,UZB,34.806,188,371,A887,,,Guido Andreozzi,R,183,ARG,29.897,203,345,6-4 6-3,3,R32,90,6,2,73,49,35,14,10,3,3,2,4,68,41,30,11,9,8,10
2021-9526,Porto,Hard,32,C,,20210628,9,BU54,,,Geoffrey Blancaneaux,R,180,FRA,22.888,331,146,D985,,,Joao Domingues,R,,POR,27.729,244,281,6-7(5) 6-2 6-4,3,R32,,1,4,84,63,48,10,15,0,1,1,5,97,65,39,18,15,5,9
2021-9526,Porto,Hard,32,C,,20210628,10,CH05,,,Altug Celikbilek,R,183,TUR,24.805,247,273,WB08,,,Yosuke Watanuki,R,180,JPN,23.211,254,254,6-3 6-7(5) 6-3,3,R32,155,11,11,134,70,50,29,16,11,15,7,4,91,52,38,16,14,3,9
2021-9526,Porto,Hard,32,C,,20210628,11,D916,,,Steven Diez,R,175,CAN,30.283,189,367,J620,,,Maxime Janvier,R,196,FRA,24.693,232,301,7-5 2-6 7-6(5),3,R32,156,2,4,109,61,33,25,16,10,17,6,3,92,60,35,16,16,3,9
2021-9526,Porto,Hard,32,C,,20210628,12,E698,,,Gastao Elias,R,180,POR,30.593,240,287,V09L,,,Sem Verbeek,L,193,NED,27.211,889,17,6-7(7) 6-4 6-1,3,R32,,2,1,94,50,40,24,14,1,2,1,4,107,67,43,19,15,3,8
2021-9526,Porto,Hard,32,C,,20210628,13,HB64,,,Quentin Halys,R,191,FRA,24.671,197,354,BV27,,,Ulises Blanch,R,188,USA,23.261,249,261,6-3 3-6 6-1,3,R32,92,9,7,78,45,40,15,13,1,2,1,4,74,45,31,13,12,1,4
2021-9526,Porto,Hard,32,C,,20210628,14,I230,,,Tatsuma Ito,R,180,JPN,33.112,227,304,FC42,,,Luis Faria,R,178,PRT,21.947,803,23,6-0 6-2,3,R32,59,2,2,39,23,18,10,7,0,0,1,2,44,20,8,10,7,2,7
2021-9526,Porto,Hard,32,C,,20210628,15,O482,,,Gonzalo Oliveira,L,185,VEN,26.36,297,182,BT72,,,Nuno Borges,R,185,POR,24.353,271,220,6-1 6-2,3,R32,70,3,1,53,32,22,15,8,6,6,4,2,43,22,10,11,7,2,6
2021-9526,Porto,Hard,32,C,,20210628,16,V490,,,Matteo Viola,R,185,ITA,33.977,260,247,CF88,,,Roberto Cid Subervi,R,193,DOM,27.828,252,257,6-1 4-1 RET,3,R32,56,2,3,37,21,15,10,6,0,0,2,6,39,19,9,8,6,2,6
2021-9526,Porto,Hard,32,C,,20210628,17,CH05,,,Altug Celikbilek,R,183,TUR,24.805,247,273,SX91,1,,Thiago Seyboth Wild,R,185,BRA,21.3,126,643,7-6(5) 6-3,3,R16,102,11,3,69,36,30,18,10,2,3,3,6,83,47,35,18,11,5,8
2021-9526,Porto,Hard,32,C,,20210628,18,D916,,,Steven Diez,R,175,CAN,30.283,189,367,GA94,2,,Prajnesh Gunneswaran,L,188,IND,31.625,148,486,6-3 1-6 6-4,3,R16,108,3,4,85,57,37,16,13,6,9,11,3,73,47,31,15,13,5,8
2021-9526,Porto,Hard,32,C,,20210628,19,GA36,3,,Emilio Gomez,R,185,ECU,29.582,169,424,BU54,,,Geoffrey Blancaneaux,R,180,FRA,22.888,331,146,6-1 6-7(7) 6-1,3,R16,151,5,2,113,72,49,23,14,10,11,4,4,89,57,28,19,12,5,10
2021-9526,Porto,Hard,32,C,,20210628,20,I230,,,Tatsuma Ito,R,180,JPN,33.112,227,304,SN54,5,,Frederico Ferreira Silva,L,178,POR,26.281,176,410,6-4 1-0 RET,3,R16,65,2,3,32,15,13,9,5,2,2,1,0,48,27,17,9,6,6,8
2021-9526,Porto,Hard,32,C,,20210628,21,HB64,,,Quentin Halys,R,191,FRA,24.671,197,354,KD46,7,,Thanasi Kokkinakis,R,193,AUS,25.216,181,398,7-6(5) 6-4,3,R16,97,8,4,68,41,36,16,11,2,2,12,1,70,46,33,15,11,0,1
2021-9526,Porto,Hard,32,C,,20210628,22,E698,,,Gastao Elias,R,180,POR,30.593,240,287,I165,8,,Denis Istomin,R,185,UZB,34.806,188,371,7-5 6-4,3,R16,87,3,2,64,39,32,12,11,3,4,2,1,76,50,34,12,11,5,8
2021-9526,Porto,Hard,32,C,,20210628,23,O482,,,Gonzalo Oliveira,L,185,VEN,26.36,297,182,PB22,,,Peter Polansky,R,183,CAN,33.035,251,259,7-6(3) 6-4,3,R16,94,4,0,61,40,32,16,11,0,0,4,3,70,37,28,18,11,2,3
2021-9526,Porto,Hard,32,C,,20210628,24,SC77,,,Sergiy Stakhovsky,R,193,UKR,35.474,242,283,V490,,,Matteo Viola,R,185,ITA,33.977,260,247,6-2 4-6 7-5,3,R16,142,7,7,95,57,40,20,15,2,4,0,3,105,68,41,22,15,7,11
2021-9526,Porto,Hard,32,C,,20210628,25,GA36,3,,Emilio Gomez,R,185,ECU,29.582,169,424,E698,,,Gastao Elias,R,180,POR,30.593,240,287,6-3 7-6(4),3,QF,108,2,3,79,47,33,15,11,2,5,4,1,70,34,22,16,10,6,10
2021-9526,Porto,Hard,32,C,,20210628,26,CH05,,,Altug Celikbilek,R,183,TUR,24.805,247,273,I230,,,Tatsuma Ito,R,180,JPN,33.112,227,304,7-5 6-3,3,QF,96,10,6,83,34,27,23,11,6,8,6,3,63,39,24,11,10,3,7
2021-9526,Porto,Hard,32,C,,20210628,27,HB64,,,Quentin Halys,R,191,FRA,24.671,197,354,D916,,,Steven Diez,R,175,CAN,30.283,189,367,6-3 6-0,3,QF,61,10,1,41,24,21,11,8,0,0,0,2,48,26,12,10,7,6,10
2021-9526,Porto,Hard,32,C,,20210628,28,SC77,,,Sergiy Stakhovsky,R,193,UKR,35.474,242,283,O482,,,Gonzalo Oliveira,L,185,VEN,26.36,297,182,7-6(2) 7-6(5),3,QF,124,19,1,82,55,41,15,12,2,4,9,6,100,63,44,16,12,5,7
2021-9526,Porto,Hard,32,C,,20210628,29,HB64,,,Quentin Halys,R,191,FRA,24.671,197,354,GA36,3,,Emilio Gomez,R,185,ECU,29.582,169,424,6-4 6-4,3,SF,80,10,6,66,37,31,12,10,3,4,0,2,55,30,22,12,10,2,5
2021-9526,Porto,Hard,32,C,,20210628,30,CH05,,,Altug Celikbilek,R,183,TUR,24.805,247,273,SC77,,,Sergiy Stakhovsky,R,193,UKR,35.474,242,283,6-2 6-1,3,SF,70,6,3,58,27,23,14,8,3,4,4,3,51,30,19,5,7,2,7
2021-9526,Porto,Hard,32,C,,20210628,31,CH05,,,Altug Celikbilek,R,183,TUR,24.805,247,273,HB64,,,Quentin Halys,R,191,FRA,24.671,197,354,6-2 6-1,3,F,67,2,1,46,25,22,10,7,2,2,7,5,64,31,19,11,8,7,12
2021-526,Braunschweig,Clay,32,C,,20210711,1,PD31,,,Benoit Paire,R,196,FRA,32.175,46,1387,A887,,,Guido Andreozzi,R,183,ARG,29.933,203,345,6-4 2-6 7-5,3,R32,133,6,11,87,34,21,27,15,3,9,2,6,112,59,37,26,15,9,15
2021-526,Braunschweig,Clay,32,C,,20210711,2,H997,3,,Yannick Hanfmann,R,193,GER,29.659,99,793,D916,,,Steven Diez,R,175,CAN,30.319,189,367,7-5 2-6 6-3,3,R32,139,8,4,87,48,33,15,14,6,11,3,2,96,48,28,28,15,6,12
2021-526,Braunschweig,Clay,32,C,,20210711,3,KC04,4,,Jozef Kovalik,R,183,SVK,28.682,127,633,HA28,,,Filip Horansky,R,191,SVK,28.507,180,405,7-6(5) 6-3,3,R32,90,6,2,72,39,30,15,11,4,6,2,1,63,39,23,12,10,3,6
2021-526,Braunschweig,Clay,32,C,,20210711,4,L949,5,,Henri Laaksonen,R,185,SUI,29.279,137,552,RH62,,,Mats Rosenkranz,L,193,GER,22.883,544,64,6-3 6-2,3,R32,63,7,2,57,30,24,14,9,3,4,1,3,46,27,17,5,8,2,6
2021-526,Braunschweig,Clay,32,C,,20210711,5,M0FH,6,,Tomas Machac,R,183,CZE,20.742,144,507,CG33,,,Kimmer Coppejans,R,178,BEL,27.422,191,363,6-2 6-3,3,R32,76,5,0,61,40,27,14,8,3,3,2,0,48,27,18,8,9,0,4
2021-526,Braunschweig,Clay,32,C,,20210711,6,N897,7,,Sumit Nagal,R,178,IND,23.901,150,481,SK47,,,Mohamed Safwat,R,180,EGY,30.809,170,423,6-3 7-6(3),3,R32,108,0,3,88,72,46,10,11,6,7,3,1,74,50,30,16,10,5,7
2021-526,Braunschweig,Clay,32,C,,20210711,7,AE14,8,,Daniel Altmaier,R,188,GER,22.828,166,427,KH56,,,Zdenek Kolar,R,183,CZE,24.753,223,314,6-2 7-5,3,R32,82,4,2,50,28,23,17,10,0,0,0,2,54,31,18,13,10,1,4
2021-526,Braunschweig,Clay,32,C,,20210711,8,BU13,,,Zizou Bergs,R,185,BEL,22.105,220,318,MN13,,,Maximilian Marterer,L,188,GER,26.073,200,347,6-2 6-1,3,R32,64,3,3,50,33,25,10,8,4,4,1,3,46,26,13,10,7,5,9
2021-526,Braunschweig,Clay,32,C,,20210711,9,E780,,,Sandro Ehrat,R,180,SUI,30.231,418,98,MJ71,,,Mats Moraing,L,198,GER,29.057,212,328,6-7(5) 6-4 6-4,3,R32,125,5,1,91,50,37,24,16,1,4,4,4,106,69,47,17,16,8,13
2021-526,Braunschweig,Clay,32,C,,20210711,10,HG94,,,Benjamin Hassan,R,183,LBN,26.431,441,91,KA22,,,Dayne Kelly,R,,AUS,30.968,360,124,6-4 7-6(7),3,R32,100,4,1,72,47,35,18,11,4,4,2,0,79,60,40,11,11,6,7
2021-526,Braunschweig,Clay,32,C,,20210711,11,J267,,,Malek Jaziri,R,185,TUN,37.473,285,197,V832,,,Aleksandar Vukic,R,188,AUS,25.262,208,335,6-3 6-4,3,R32,76,0,1,47,31,24,8,9,0,1,12,3,69,32,22,16,10,4,8
2021-526,Braunschweig,Clay,32,C,,20210711,12,KI82,,,Vit Kopriva,R,178,CZE,24.071,264,234,M0E1,,,Daniel Michalski,R,180,POL,21.498,419,98,6-2 6-2,3,R32,70,4,0,41,22,16,12,8,1,3,0,2,56,35,16,6,8,3,9
2021-526,Braunschweig,Clay,32,C,,20210711,13,KI74,,,Nicola Kuhn,R,185,GER,21.309,255,254,Z168,,,Mischa Zverev,L,191,GER,33.886,280,200,6-2 7-6(4),3,R32,121,4,1,97,49,30,29,10,12,14,2,3,71,46,30,9,10,5,9
2021-526,Braunschweig,Clay,32,C,,20210711,14,M0BN,,,Marvin Moeller,R,178,GER,22.478,613,46,G681,,,Teymuraz Gabashvili,R,185,GEO,36.134,261,243,7-5 6-3,3,R32,117,1,5,73,47,29,14,10,4,6,1,5,80,50,29,14,11,7,12
2021-526,Braunschweig,Clay,32,C,,20210711,15,V824,,,Mario Vilella Martinez,R,178,ESP,26.023,179,406,M0AC,,,Rudolf Molleker,R,188,GER,20.706,311,166,3-6 6-4 6-3,3,R32,105,13,11,80,40,32,19,14,1,4,5,4,87,46,33,18,14,7,11
2021-526,Braunschweig,Clay,32,C,,20210711,16,Y218,,,Elias Ymer,R,185,SWE,25.251,167,425,K839,,,Tobias Kamke,R,178,GER,35.14,235,299,6-3 7-5,3,R32,94,5,3,79,44,34,17,11,5,6,1,6,63,42,27,10,10,3,6
2021-526,Braunschweig,Clay,32,C,,20210711,17,KI82,,,Vit Kopriva,R,178,CZE,24.071,264,234,PD31,,,Benoit Paire,R,196,FRA,32.175,46,1387,6-1 2-6 6-2,3,R16,99,1,3,76,40,28,19,12,8,11,6,9,81,42,31,14,11,5,10
2021-526,Braunschweig,Clay,32,C,,20210711,18,Y218,,,Elias Ymer,R,185,SWE,25.251,167,425,H997,3,,Yannick Hanfmann,R,193,GER,29.659,99,793,2-6 6-3 6-2,3,R16,113,4,4,87,57,36,15,13,2,5,4,4,67,45,32,9,12,3,7
2021-526,Braunschweig,Clay,32,C,,20210711,19,KC04,4,,Jozef Kovalik,R,183,SVK,28.682,127,633,J267,,,Malek Jaziri,R,185,TUN,37.473,285,197,6-1 7-5,3,R16,86,2,3,64,33,27,17,9,4,4,0,1,57,33,22,11,10,3,7
2021-526,Braunschweig,Clay,32,C,,20210711,20,L949,5,,Henri Laaksonen,R,185,SUI,29.279,137,552,KI74,,,Nicola Kuhn,R,185,GER,21.309,255,254,6-4 7-5,3,R16,99,5,3,77,39,32,19,11,5,6,2,1,72,43,26,17,11,2,5
2021-526,Braunschweig,Clay,32,C,,20210711,21,BU13,,,Zizou Bergs,R,185,BEL,22.105,220,318,M0FH,6,,Tomas Machac,R,183,CZE,20.742,144,507,7-6(5) 5-7 6-4,3,R16,143,7,3,96,67,55,16,17,3,4,4,2,94,56,48,21,17,0,1
2021-526,Braunschweig,Clay,32,C,,20210711,22,M0BN,,,Marvin Moeller,R,178,GER,22.478,613,46,N897,7,,Sumit Nagal,R,178,IND,23.901,150,481,6-3 1-6 6-2,3,R16,112,3,2,83,61,37,9,12,5,9,1,0,71,45,24,14,12,7,12
2021-526,Braunschweig,Clay,32,C,,20210711,23,AE14,8,,Daniel Altmaier,R,188,GER,22.828,166,427,V824,,,Mario Vilella Martinez,R,178,ESP,26.023,179,406,6-3 6-2,3,R16,78,7,2,59,31,25,15,9,4,5,3,8,50,16,12,14,8,6,10
2021-526,Braunschweig,Clay,32,C,,20210711,24,HG94,,,Benjamin Hassan,R,183,LBN,26.431,441,91,E780,,,Sandro Ehrat,R,180,SUI,30.231,418,98,4-6 6-3 6-4,3,R16,124,1,6,102,54,38,25,15,2,4,1,2,81,43,31,22,14,4,7
2021-526,Braunschweig,Clay,32,C,,20210711,25,L949,5,,Henri Laaksonen,R,185,SUI,29.279,137,552,KC04,4,,Jozef Kovalik,R,183,SVK,28.682,127,633,6-3 6-2,3,QF,65,4,3,53,25,22,16,9,1,1,1,3,44,24,16,10,8,1,4
2021-526,Braunschweig,Clay,32,C,,20210711,26,AE14,8,,Daniel Altmaier,R,188,GER,22.828,166,427,Y218,,,Elias Ymer,R,185,SWE,25.251,167,425,6-3 6-3,3,QF,77,2,2,51,29,25,13,9,0,0,0,8,70,44,29,10,9,5,8
2021-526,Braunschweig,Clay,32,C,,20210711,27,KI82,,,Vit Kopriva,R,178,CZE,24.071,264,234,BU13,,,Zizou Bergs,R,185,BEL,22.105,220,318,3-6 6-0 7-5,3,QF,148,2,1,90,51,32,22,13,3,7,4,2,99,65,37,15,14,6,13
2021-526,Braunschweig,Clay,32,C,,20210711,28,M0BN,,,Marvin Moeller,R,178,GER,22.478,613,46,HG94,,,Benjamin Hassan,R,183,LBN,26.431,441,91,6-4 6-2,3,QF,83,0,3,60,36,22,15,9,2,3,0,4,61,28,16,16,9,4,8
2021-526,Braunschweig,Clay,32,C,,20210711,29,L949,5,,Henri Laaksonen,R,185,SUI,29.279,137,552,KI82,,,Vit Kopriva,R,178,CZE,24.071,264,234,6-4 6-0,3,SF,74,2,1,49,18,12,17,8,2,4,1,1,55,32,17,5,8,2,8
2021-526,Braunschweig,Clay,32,C,,20210711,30,AE14,8,,Daniel Altmaier,R,188,GER,22.828,166,427,M0BN,,,Marvin Moeller,R,178,GER,22.478,613,46,7-5 6-0,3,SF,75,3,4,48,27,24,12,9,1,2,1,2,58,37,20,8,9,2,7
2021-526,Braunschweig,Clay,32,C,,20210711,31,AE14,8,,Daniel Altmaier,R,188,GER,22.828,166,427,L949,5,,Henri Laaksonen,R,185,SUI,29.279,137,552,6-1 6-2,3,F,59,9,3,48,27,23,11,8,2,2,1,2,47,18,13,8,7,3,7
2021-9001,Perugia,Clay,32,C,,20210711,1,CE25,1,,Salvatore Caruso,R,185,ITA,28.569,96,809,V495,,,Luca Vanni,R,198,ITA,36.101,427,95,7-6(5) 6-4,3,R32,107,6,1,58,38,34,14,11,0,0,10,3,74,44,32,17,11,3,4
2021-9001,Perugia,Clay,32,C,,20210711,2,SS25,,,Vitaliy Sachko,R,188,UKR,23.992,303,174,MF35,2,,Andrej Martin,R,183,SVK,31.806,111,710,6-3 3-6 6-2,3,R32,130,4,5,80,41,25,19,13,3,8,5,6,84,48,27,13,13,4,11
2021-9001,Perugia,Clay,32,C,,20210711,3,KC33,,,Dimitar Kuzmanov,R,183,BUL,27.953,246,279,GB53,3,,Federico Gaio,R,178,ITA,29.35,145,499,2-6 6-3 7-6(2),3,R32,161,0,2,106,78,48,17,15,9,13,5,3,93,57,40,19,14,7,10
2021-9001,Perugia,Clay,32,C,,20210711,4,Z371,4,,Zhizhen Zhang,R,193,CHN,24.734,175,412,P0CT,,,Francesco Passaro,R,180,ITA,20.507,748,28,3-6 6-3 6-2,3,R32,82,9,2,66,45,38,12,13,0,1,1,5,73,50,31,13,13,2,5
2021-9001,Perugia,Clay,32,C,,20210711,5,R0DG,,,Holger Rune,R,188,DEN,18.201,219,319,F586,5,,Thomas Fabbiano,R,173,ITA,32.126,183,390,6-1 4-6 6-2,3,R32,121,4,2,70,49,35,13,12,1,2,2,3,95,62,35,14,13,7,12
2021-9001,Perugia,Clay,32,C,,20210711,6,C0E9,,,Flavio Cobolli,R,183,ITA,19.181,369,120,PG20,6,,Dmitry Popko,R,191,KAZ,24.712,187,375,2-6 7-5 7-6(3),3,R32,181,4,2,112,60,37,24,16,11,18,2,2,118,65,33,30,16,6,12
2021-9001,Perugia,Clay,32,C,,20210711,7,EA24,7,,Tomas Martin Etcheverry,R,196,ARG,21.982,192,361,A622,,,Andrea Arnaboldi,L,180,ITA,33.539,277,212,7-6(3) 6-2,3,R32,112,3,3,56,41,40,5,10,1,1,2,2,71,45,30,14,10,6,8
2021-9001,Perugia,Clay,32,C,,20210711,8,O376,8,,Renzo Olivo,R,178,ARG,29.322,193,359,Z0A1,,,Giulio Zeppieri,L,183,ITA,19.592,313,163,6-7(5) 7-5 6-2,3,R32,176,5,6,116,74,54,27,16,9,9,3,1,100,72,51,16,16,4,7
2021-9001,Perugia,Clay,32,C,,20210711,9,BM03,,,Filippo Baldi,R,180,ITA,25.5,308,169,BT72,,,Nuno Borges,R,185,POR,24.389,271,220,3-6 3-5 RET,3,R32,84,0,2,70,53,30,11,8,4,6,3,1,45,35,30,7,9,1,1
2021-9001,Perugia,Clay,32,C,,20210711,10,F840,,,Nerman Fatic,R,191,BIH,26.713,340,135,CG04,,,Pedro Cachin,R,185,ARG,26.248,276,213,6-4 7-6(5),3,R32,118,0,3,81,61,39,9,11,8,10,3,2,77,57,35,10,11,4,7
2021-9001,Perugia,Clay,32,C,,20210711,11,F0A4,,,Francesco Forti,R,188,ITA,21.96,380,115,CC66,,,Andrea Collarini,L,183,ARG,29.443,206,339,4-6 7-5 6-1,3,R32,152,8,6,91,57,42,19,15,7,9,1,4,95,62,38,19,14,5,9
2021-9001,Perugia,Clay,32,C,,20210711,12,KI63,,,Lukas Klein,R,193,SVK,23.305,248,272,BI47,,,Riccardo Bonadio,R,180,ITA,27.995,279,204,6-1 7-6(4),3,R32,78,10,2,58,34,29,17,10,0,0,2,1,60,35,24,15,9,5,7
2021-9001,Perugia,Clay,32,C,,20210711,13,MP83,,,Gian Marco Moroni,R,185,ITA,23.406,218,319,FC26,,,Evan Furness,R,173,FRA,22.91,298,180,2-0 RET,3,R32,16,2,4,12,6,5,2,1,2,2,0,1,10,2,1,3,1,2,3
2021-9001,Perugia,Clay,32,C,,20210711,14,SP80,,,Nino Serdarusic,R,191,CRO,24.575,301,176,PH64,,,Andrea Pellegrino,R,185,ITA,24.301,243,283,6-3 6-3,3,R32,78,4,1,50,33,28,10,9,2,2,3,2,58,40,23,9,9,1,4
2021-9001,Perugia,Clay,32,C,,20210711,15,S0GR,,,Timofey Skatov,R,173,KAZ,20.468,325,153,GA79,,,Lorenzo Giustino,R,180,ITA,29.834,228,303,1-6 7-6(5) 6-0,3,R32,158,1,3,78,58,35,10,12,6,10,9,10,93,50,32,18,13,10,15
2021-9001,Perugia,Clay,32,C,,20210711,16,S0LA,,,Dominic Stricker,L,183,SUI,18.902,293,187,MH16,,,Yannick Maden,R,185,GER,31.702,245,281,7-6(3) 6-1,3,R32,62,17,1,51,37,34,11,10,0,0,1,3,59,40,28,7,9,5,7
2021-9001,Perugia,Clay,32,C,,20210711,17,CE25,1,,Salvatore Caruso,R,185,ITA,28.569,96,809,F0A4,,,Francesco Forti,R,188,ITA,21.96,380,115,6-4 6-4,3,R16,97,5,2,72,44,28,16,10,8,10,3,4,45,27,19,8,10,0,4
2021-9001,Perugia,Clay,32,C,,20210711,18,SP80,,,Nino Serdarusic,R,191,CRO,24.575,301,176,Z371,4,,Zhizhen Zhang,R,193,CHN,24.734,175,412,7-6(6) 6-4,3,R16,91,8,0,64,47,38,13,11,0,0,5,0,69,40,34,15,11,1,2
2021-9001,Perugia,Clay,32,C,,20210711,19,EA24,7,,Tomas Martin Etcheverry,R,196,ARG,21.982,192,361,S0LA,,,Dominic Stricker,L,183,SUI,18.902,293,187,7-5 6-4,3,R16,91,7,1,58,45,39,7,11,1,1,6,3,69,38,30,14,11,0,2
2021-9001,Perugia,Clay,32,C,,20210711,20,S0GR,,,Timofey Skatov,R,173,KAZ,20.468,325,153,O376,8,,Renzo Olivo,R,178,ARG,29.322,193,359,7-5 7-5,3,R16,125,0,1,77,55,32,13,12,3,6,2,3,67,45,27,10,12,3,8
2021-9001,Perugia,Clay,32,C,,20210711,21,C0E9,,,Flavio Cobolli,R,183,ITA,19.181,369,120,BM03,,,Filippo Baldi,R,180,ITA,25.5,308,169,6-2 7-6(3),3,R16,89,3,5,68,34,25,18,10,3,5,1,3,67,45,22,11,10,2,6
2021-9001,Perugia,Clay,32,C,,20210711,22,F840,,,Nerman Fatic,R,191,BIH,26.713,340,135,KC33,,,Dimitar Kuzmanov,R,183,BUL,27.953,246,279,6-4 7-6(5),3,R16,118,3,4,68,49,32,10,11,2,4,3,1,65,49,29,11,11,0,3
2021-9001,Perugia,Clay,32,C,,20210711,23,R0DG,,,Holger Rune,R,188,DEN,18.201,219,319,KI63,,,Lukas Klein,R,193,SVK,23.305,248,272,6-4 6-4,3,R16,116,0,0,53,37,28,13,10,1,1,0,5,55,34,26,11,10,2,4
2021-9001,Perugia,Clay,32,C,,20210711,24,SS25,,,Vitaliy Sachko,R,188,UKR,23.992,303,174,MP83,,,Gian Marco Moroni,R,185,ITA,23.406,218,319,7-5 4-6 6-4,3,R16,136,1,2,83,53,36,12,16,2,8,8,0,84,49,29,16,16,3,10
2021-9001,Perugia,Clay,32,C,,20210711,25,CE25,1,,Salvatore Caruso,R,185,ITA,28.569,96,809,C0E9,,,Flavio Cobolli,R,183,ITA,19.181,369,120,6-4 3-6 6-3,3,QF,143,5,4,89,52,37,23,14,5,7,9,4,94,52,35,23,14,3,6
2021-9001,Perugia,Clay,32,C,,20210711,26,EA24,7,,Tomas Martin Etcheverry,R,196,ARG,21.982,192,361,F840,,,Nerman Fatic,R,191,BIH,26.713,340,135,6-3 6-1,3,QF,74,3,0,37,26,23,9,8,0,0,5,3,55,32,22,7,8,3,7
2021-9001,Perugia,Clay,32,C,,20210711,27,SS25,,,Vitaliy Sachko,R,188,UKR,23.992,303,174,R0DG,,,Holger Rune,R,188,DEN,18.201,219,319,6-3 7-6(4),3,QF,105,2,5,70,47,37,11,11,3,4,5,2,75,55,35,8,10,4,6
2021-9001,Perugia,Clay,32,C,,20210711,28,SP80,,,Nino Serdarusic,R,191,CRO,24.575,301,176,S0GR,,,Timofey Skatov,R,173,KAZ,20.468,325,153,6-7(6) 6-4 6-4,3,QF,174,9,0,90,49,43,27,16,1,1,0,2,105,82,55,13,16,2,4
2021-9001,Perugia,Clay,32,C,,20210711,29,EA24,7,,Tomas Martin Etcheverry,R,196,ARG,21.982,192,361,CE25,1,,Salvatore Caruso,R,185,ITA,28.569,96,809,7-5 5-7 6-2,3,SF,177,8,2,90,55,43,19,16,5,8,3,2,103,66,40,20,16,6,11
2021-9001,Perugia,Clay,32,C,,20210711,30,SS25,,,Vitaliy Sachko,R,188,UKR,23.992,303,174,SP80,,,Nino Serdarusic,R,191,CRO,24.575,301,176,6-4 7-5,3,SF,100,4,1,65,47,34,10,11,3,4,4,2,73,52,32,10,11,2,5
2021-9001,Perugia,Clay,32,C,,20210711,31,EA24,7,,Tomas Martin Etcheverry,R,196,ARG,21.982,192,361,SS25,,,Vitaliy Sachko,R,188,UKR,23.992,303,174,7-5 6-2,3,F,115,9,0,72,53,36,11,10,6,7,1,4,69,40,21,15,10,4,8
2021-9531,Salzburg-Anif,Clay,32,C,,20210711,1,J551,,,Nicolas Jarry,R,201,CHI,25.749,309,168,MJ08,1,,Thiago Monteiro,L,183,BRA,27.113,81,891,6-7(2) 7-6(4) 7-6(4),3,R32,197,25,6,125,71,56,27,18,6,8,4,5,117,71,50,30,18,1,3
2021-9531,Salzburg-Anif,Clay,32,C,,20210711,2,C882,2,,Pablo Cuevas,R,180,URU,35.524,84,881,Y171,,,Denis Yevseyev,R,188,KAZ,28.137,379,116,7-5 6-3,3,R32,86,5,2,65,39,30,10,10,2,4,1,2,69,54,29,8,11,4,9
2021-9531,Salzburg-Anif,Clay,32,C,,20210711,3,CE77,3,,Federico Coria,R,180,ARG,29.339,87,873,MI43,,,Gerald Melzer,L,188,AUT,30.995,1302,4,6-3 6-4,3,R32,120,0,4,77,55,37,7,10,6,9,0,3,61,33,16,12,9,3,8
2021-9531,Salzburg-Anif,Clay,32,C,,20210711,4,BF23,4,,Facundo Bagnis,L,183,ARG,31.368,92,828,SX91,,,Thiago Seyboth Wild,R,185,BRA,21.336,126,643,6-3 6-2,3,R32,,3,2,60,32,22,20,9,5,5,2,2,51,33,19,9,8,2,5
2021-9531,Salzburg-Anif,Clay,32,C,,20210711,5,CF59,5,,Roberto Carballes Baena,R,183,ESP,28.301,100,786,N663,,,Maximilian Neuchrist,R,,AUT,29.971,609,47,6-4 4-6 6-4,3,R32,,4,4,99,61,42,21,15,5,7,5,4,122,79,54,19,15,12,15
2021-9531,Salzburg-Anif,Clay,32,C,,20210711,6,LB84,,,Juan Ignacio Londero,R,180,ARG,27.904,129,623,DA81,6,,Taro Daniel,R,191,JPN,28.452,103,751,6-4 6-4,3,R32,91,0,5,60,43,34,8,10,7,8,1,3,61,36,19,15,10,3,6
2021-9531,Salzburg-Anif,Clay,32,C,,20210711,7,MP20,,,Alexandre Muller,R,183,FRA,24.438,199,350,GE33,7,,Daniel Elahi Galan,R,191,COL,25.062,112,706,7-5 7-6(3),3,R32,119,3,5,80,44,31,21,12,6,8,2,5,83,41,30,18,12,5,8
2021-9531,Salzburg-Anif,Clay,32,C,,20210711,8,TE16,8,,Carlos Taberner,R,183,ESP,23.923,113,700,V490,,,Matteo Viola,R,185,ITA,34.012,260,247,6-4 6-4,3,R32,94,6,7,52,28,24,12,10,0,2,0,7,86,51,29,17,10,8,12
2021-9531,Salzburg-Anif,Clay,32,C,,20210711,9,D923,,,Damir Dzumhur,R,175,BIH,29.142,128,626,MJ98,,,Facundo Mena,R,183,ARG,28.799,258,249,6-4 6-0,3,R32,,1,1,51,32,23,11,8,3,4,0,5,47,30,16,5,8,6,11
2021-9531,Salzburg-Anif,Clay,32,C,,20210711,10,G09O,,,Hugo Gaston,L,173,FRA,20.789,162,437,BC65,,,Matthias Bachinger,R,188,GER,34.275,257,249,6-4 6-3,3,R32,,0,0,48,25,17,15,9,0,2,4,3,63,36,23,8,10,3,8
2021-9531,Salzburg-Anif,Clay,32,C,,20210711,11,HA33,,,Peter Heller,R,185,GER,28.912,428,95,C0AU,,,Francisco Cerundolo,R,185,ARG,22.91,117,694,6-3 3-6 6-3,3,R32,,3,3,88,43,29,26,14,5,8,2,3,77,37,26,18,13,4,8
2021-9531,Salzburg-Anif,Clay,32,C,,20210711,12,HH06,,,Marc-Andrea Huesler,L,196,SUI,25.046,155,458,R685,,,Lukas Rosol,R,193,CZE,35.964,204,344,6-3 6-4,3,R32,54,6,1,46,25,23,17,10,0,0,3,7,50,28,24,8,9,2,4
2021-9531,Salzburg-Anif,Clay,32,C,,20210711,13,L0BV,,,Jiri Lehecka,R,185,CZE,19.671,267,228,A0BG,,,Jakob Aichhorn,,,AUT,22.801,1042,10,6-4 6-3,3,R32,80,11,1,63,42,31,14,10,2,2,2,3,68,34,25,15,9,8,10
2021-9531,Salzburg-Anif,Clay,32,C,,20210711,14,PE02,,,Danilo Petrovic,R,203,SRB,29.462,173,415,G858,,,Ernests Gulbis,R,191,LAT,32.862,190,365,6-2 7-6(4),3,R32,97,5,11,62,24,20,20,10,1,3,8,13,75,29,25,16,10,3,7
2021-9531,Salzburg-Anif,Clay,32,C,,20210711,15,RA51,,,Blaz Rola,L,193,SLO,30.765,159,443,DB59,,,Dennis Novak,R,183,AUT,27.869,122,677,7-5 7-6(4),3,R32,,2,4,66,41,33,17,12,1,2,7,1,86,48,33,20,12,9,11
2021-9531,Salzburg-Anif,Clay,32,C,,20210711,16,V717,,,Alexey Vatutin,R,178,RUS,28.704,317,160,E928,,,Alexander Erler,R,193,AUT,23.704,334,139,2-6 6-4 6-2,3,R32,109,0,4,76,62,44,6,13,2,5,9,10,88,43,30,22,13,5,9
2021-9531,Salzburg-Anif,Clay,32,C,,20210711,17,C882,2,,Pablo Cuevas,R,180,URU,35.524,84,881,PE02,,,Danilo Petrovic,R,203,SRB,29.462,173,415,6-1 6-4,3,R16,71,4,1,47,32,27,11,9,1,1,5,4,65,41,25,9,8,5,8
2021-9531,Salzburg-Anif,Clay,32,C,,20210711,18,CE77,3,,Federico Coria,R,180,ARG,29.339,87,873,HH06,,,Marc-Andrea Huesler,L,196,SUI,25.046,155,458,6-1 4-6 6-4,3,R16,112,2,1,77,46,27,18,13,4,8,4,5,89,47,28,19,14,7,14
2021-9531,Salzburg-Anif,Clay,32,C,,20210711,19,BF23,4,,Facundo Bagnis,L,183,ARG,31.368,92,828,G09O,,,Hugo Gaston,L,173,FRA,20.789,162,437,6-4 6-1,3,R16,78,3,3,46,22,17,12,9,0,2,1,0,56,39,17,9,8,5,10
2021-9531,Salzburg-Anif,Clay,32,C,,20210711,20,RA51,,,Blaz Rola,L,193,SLO,30.765,159,443,CF59,5,,Roberto Carballes Baena,R,183,ESP,28.301,100,786,5-7 6-2 7-6(4),3,R16,164,12,3,109,64,42,19,16,6,12,3,3,86,51,31,16,16,2,9
2021-9531,Salzburg-Anif,Clay,32,C,,20210711,21,D923,,,Damir Dzumhur,R,175,BIH,29.142,128,626,TE16,8,,Carlos Taberner,R,183,ESP,23.923,113,700,7-6(2) 6-7(5) 6-2,3,R16,202,2,7,111,68,51,19,16,7,10,2,4,131,84,50,21,16,10,15
2021-9531,Salzburg-Anif,Clay,32,C,,20210711,22,J551,,,Nicolas Jarry,R,201,CHI,25.749,309,168,HA33,,,Peter Heller,R,185,GER,28.912,428,95,6-2 6-4,3,R16,76,9,1,50,33,29,7,9,1,2,2,2,65,37,23,13,9,5,9
2021-9531,Salzburg-Anif,Clay,32,C,,20210711,23,L0BV,,,Jiri Lehecka,R,185,CZE,19.671,267,228,MP20,,,Alexandre Muller,R,183,FRA,24.438,199,350,6-2 6-4,3,R16,76,2,1,56,37,25,11,9,4,5,3,4,50,27,17,11,9,2,6
2021-9531,Salzburg-Anif,Clay,32,C,,20210711,24,LB84,,,Juan Ignacio Londero,R,180,ARG,27.904,129,623,V717,,,Alexey Vatutin,R,178,RUS,28.704,317,160,6-0 2-6 6-0,3,R16,97,0,3,73,55,35,5,10,5,8,0,1,61,45,20,5,10,3,10
2021-9531,Salzburg-Anif,Clay,32,C,,20210711,25,LB84,,,Juan Ignacio Londero,R,180,ARG,27.904,129,623,C882,2,,Pablo Cuevas,R,180,URU,35.524,84,881,6-3 6-0,3,QF,55,1,1,44,34,22,5,8,2,4,1,4,35,20,8,3,7,2,8
2021-9531,Salzburg-Anif,Clay,32,C,,20210711,26,CE77,3,,Federico Coria,R,180,ARG,29.339,87,873,RA51,,,Blaz Rola,L,193,SLO,30.765,159,443,6-2 7-6(5),3,QF,116,1,1,73,51,31,16,10,8,9,3,3,81,46,28,17,10,6,9
2021-9531,Salzburg-Anif,Clay,32,C,,20210711,27,BF23,4,,Facundo Bagnis,L,183,ARG,31.368,92,828,D923,,,Damir Dzumhur,R,175,BIH,29.142,128,626,6-1 6-2,3,QF,57,3,4,44,24,18,12,8,3,4,0,4,37,24,11,3,7,1,6
2021-9531,Salzburg-Anif,Clay,32,C,,20210711,28,J551,,,Nicolas Jarry,R,201,CHI,25.749,309,168,L0BV,,,Jiri Lehecka,R,185,CZE,19.671,267,228,7-6(6) 6-4,3,QF,109,10,7,93,56,44,17,11,7,8,5,0,67,44,30,14,11,3,5
2021-9531,Salzburg-Anif,Clay,32,C,,20210711,29,CE77,3,,Federico Coria,R,180,ARG,29.339,87,873,LB84,,,Juan Ignacio Londero,R,180,ARG,27.904,129,623,6-1 6-4,3,SF,74,6,0,54,31,26,11,9,1,2,0,3,48,23,12,12,8,2,6
2021-9531,Salzburg-Anif,Clay,32,C,,20210711,30,BF23,4,,Facundo Bagnis,L,183,ARG,31.368,92,828,J551,,,Nicolas Jarry,R,201,CHI,25.749,309,168,6-4 6-4,3,SF,90,3,2,64,34,22,18,10,3,5,2,5,58,33,23,11,10,2,6
2021-9531,Salzburg-Anif,Clay,32,C,,20210711,31,BF23,4,,Facundo Bagnis,L,183,ARG,31.368,92,828,CE77,3,,Federico Coria,R,180,ARG,29.339,87,873,6-4 3-6 6-2,3,F,131,2,5,82,49,28,20,14,9,13,4,2,84,57,34,15,13,6,11
2021-8392,Todi,Clay,32,C,,20210718,1,GB53,1,,Federico Gaio,R,178,ITA,29.369,151,500,GB61,,,Viktor Galovic,R,193,CRO,30.828,354,128,6-3 6-2,3,R32,72,3,0,48,26,23,9,8,2,3,1,4,68,40,21,11,9,6,11
2021-8392,Todi,Clay,32,C,,20210718,2,V824,2,,Mario Vilella Martinez,R,178,ESP,26.042,178,407,LC11,,,Tristan Lamasine,R,183,FRA,28.37,252,261,6-2 7-6(4),3,R32,88,5,7,63,37,28,10,10,2,5,1,5,66,41,22,11,10,2,7
2021-8392,Todi,Clay,32,C,,20210718,3,PG20,3,,Dmitry Popko,R,191,KAZ,24.731,185,375,P0CT,,,Francesco Passaro,R,180,ITA,20.526,707,32,5-7 6-2 6-2,3,R32,132,1,2,98,60,39,19,14,8,11,1,3,75,60,35,5,14,2,8
2021-8392,Todi,Clay,32,C,,20210718,4,EA24,4,,Tomas Martin Etcheverry,R,196,ARG,22.001,166,433,V490,,,Matteo Viola,R,185,ITA,34.031,260,247,6-4 7-6(4),3,R32,109,3,1,63,47,37,6,11,0,2,3,4,83,64,39,7,11,5,8
2021-8392,Todi,Clay,32,C,,20210718,5,C0H0,,,Arthur Cazaux,R,183,FRA,18.902,399,105,O376,5,,Renzo Olivo,R,178,ARG,29.342,192,363,7-6(5) 6-4,3,R32,135,2,1,84,48,32,21,11,4,6,1,3,81,56,34,14,11,6,9
2021-8392,Todi,Clay,32,C,,20210718,6,CC66,6,,Andrea Collarini,L,183,ARG,29.462,205,339,D985,,,Joao Domingues,R,,POR,27.784,240,281,6-2 6-3,3,R32,81,0,0,45,25,20,10,8,1,2,1,1,51,33,18,6,9,4,9
2021-8392,Todi,Clay,32,C,,20210718,7,J551,,,Nicolas Jarry,R,201,CHI,25.769,271,218,MP83,7,,Gian Marco Moroni,R,185,ITA,23.425,221,315,6-0 6-3,3,R32,66,4,0,37,19,15,14,8,0,1,1,6,40,22,13,4,7,1,6
2021-8392,Todi,Clay,32,C,,20210718,8,FC49,,,Giovanni Fonio,R,183,ITA,23.198,472,82,GA79,8,,Lorenzo Giustino,R,180,ITA,29.854,227,303,6-4 6-3,3,R32,107,2,0,60,42,26,10,9,2,4,5,4,63,36,21,10,10,6,11
2021-8392,Todi,Clay,32,C,,20210718,9,A0FC,,,Matteo Arnaldi,R,185,ITA,20.4,813,22,O507,,,Julian Ocleppo,R,191,ITA,23.962,359,125,6-3 1-6 6-4,3,R32,126,2,2,96,63,42,13,13,14,17,2,3,85,53,34,18,13,5,8
2021-8392,Todi,Clay,32,C,,20210718,10,CG04,,,Pedro Cachin,R,185,ARG,26.267,276,209,D0CG,,,Facundo Diaz Acosta,L,183,ARG,20.589,396,106,6-3 6-4,3,R32,85,2,3,60,34,22,17,10,2,4,1,2,62,38,23,9,9,5,9
2021-8392,Todi,Clay,32,C,,20210718,11,C0E9,,,Flavio Cobolli,R,183,ITA,19.201,340,135,SL94,,,Pedro Sakamoto,R,178,BRA,28.052,320,157,3-6 6-4 6-3,3,R32,127,4,1,94,45,31,23,14,3,7,0,1,84,54,35,14,14,2,7
2021-8392,Todi,Clay,32,C,,20210718,12,F0A4,,,Francesco Forti,R,188,ITA,21.979,368,122,AA27,,,Franco Agamenone,R,191,ITA,28.257,345,131,6-2 6-7(5) 6-3,3,R32,148,3,1,99,60,41,25,15,5,6,1,6,100,74,45,12,14,1,5
2021-8392,Todi,Clay,32,C,,20210718,13,P0DF,,,Matheus Pucinelli De Almeida,R,183,BRA,20.296,409,102,BM03,,,Filippo Baldi,R,180,ITA,25.52,303,175,1-6 6-4 6-1,3,R32,122,2,0,76,56,32,9,12,6,11,1,4,71,32,20,15,12,7,13
2021-8392,Todi,Clay,32,C,,20210718,14,RC04,,,Alexander Ritschard,R,193,SUI,27.318,315,165,A622,,,Andrea Arnaboldi,L,180,ITA,33.558,287,195,6-1 7-6(4),3,R32,109,8,7,68,37,30,15,10,3,5,1,2,75,51,32,9,9,6,10
2021-8392,Todi,Clay,32,C,,20210718,15,T0A1,,,Thiago Agustin Tirante,R,185,ARG,20.271,329,148,ML73,,,Skander Mansouri,R,193,TUN,25.988,380,116,6-3 6-2,3,R32,73,0,1,57,47,34,7,9,6,6,3,4,59,43,30,2,8,5,8
2021-8392,Todi,Clay,32,C,,20210718,16,Z0A1,,,Giulio Zeppieri,L,183,ITA,19.611,316,164,PH64,,,Andrea Pellegrino,R,185,ITA,24.32,239,283,7-6(2) 7-6(4),3,R32,126,4,0,85,52,33,20,12,3,5,1,2,83,61,39,11,12,1,3
2021-8392,Todi,Clay,32,C,,20210718,17,GB53,1,,Federico Gaio,R,178,ITA,29.369,151,500,T0A1,,,Thiago Agustin Tirante,R,185,ARG,20.271,329,148,6-7(1) 6-1 7-6(2),3,R16,161,6,8,132,81,57,23,16,8,11,6,3,97,72,49,8,15,8,13
2021-8392,Todi,Clay,32,C,,20210718,18,V824,2,,Mario Vilella Martinez,R,178,ESP,26.042,178,407,F0A4,,,Francesco Forti,R,188,ITA,21.979,368,122,6-3 6-1,3,R16,66,2,1,43,23,18,14,8,1,2,0,0,47,31,11,11,8,3,8
2021-8392,Todi,Clay,32,C,,20210718,19,P0DF,,,Matheus Pucinelli De Almeida,R,183,BRA,20.296,409,102,PG20,3,,Dmitry Popko,R,191,KAZ,24.731,185,375,3-6 6-1 6-2,3,R16,138,4,1,79,57,39,13,12,7,9,6,6,87,46,31,16,12,6,11
2021-8392,Todi,Clay,32,C,,20210718,20,EA24,4,,Tomas Martin Etcheverry,R,196,ARG,22.001,166,433,A0FC,,,Matteo Arnaldi,R,185,ITA,20.4,813,22,2-6 6-3 4-1 RET,3,R16,108,0,3,61,37,26,12,11,3,7,4,2,76,50,32,9,11,6,11
2021-8392,Todi,Clay,32,C,,20210718,21,C0E9,,,Flavio Cobolli,R,183,ITA,19.201,340,135,CC66,6,,Andrea Collarini,L,183,ARG,29.462,205,339,6-4 6-3,3,R16,84,2,3,60,30,23,17,10,6,7,0,2,47,27,16,11,9,3,6
2021-8392,Todi,Clay,32,C,,20210718,22,J551,,,Nicolas Jarry,R,201,CHI,25.769,271,218,CG04,,,Pedro Cachin,R,185,ARG,26.267,276,209,4-6 6-4 7-5,3,R16,159,14,5,125,83,59,20,16,7,8,5,0,99,58,44,26,16,7,9
2021-8392,Todi,Clay,32,C,,20210718,23,RC04,,,Alexander Ritschard,R,193,SUI,27.318,315,165,FC49,,,Giovanni Fonio,R,183,ITA,23.198,472,82,6-3 6-4,3,R16,84,2,4,54,35,29,9,10,1,2,3,6,73,50,32,7,9,9,12
2021-8392,Todi,Clay,32,C,,20210718,24,Z0A1,,,Giulio Zeppieri,L,183,ITA,19.611,316,164,C0H0,,,Arthur Cazaux,R,183,FRA,18.902,399,105,6-3 6-3,3,R16,96,0,0,53,39,24,10,9,2,4,1,4,59,36,22,9,9,1,6
2021-8392,Todi,Clay,32,C,,20210718,25,GB53,1,,Federico Gaio,R,178,ITA,29.369,151,500,C0E9,,,Flavio Cobolli,R,183,ITA,19.201,340,135,7-5 6-4,3,QF,103,2,0,66,38,28,14,11,3,5,3,3,77,36,19,24,11,4,8
2021-8392,Todi,Clay,32,C,,20210718,26,V824,2,,Mario Vilella Martinez,R,178,ESP,26.042,178,407,Z0A1,,,Giulio Zeppieri,L,183,ITA,19.611,316,164,6-3 6-3,3,QF,73,2,2,48,23,21,18,9,2,2,2,1,57,42,26,7,9,2,5
2021-8392,Todi,Clay,32,C,,20210718,27,EA24,4,,Tomas Martin Etcheverry,R,196,ARG,22.001,166,433,RC04,,,Alexander Ritschard,R,193,SUI,27.318,315,165,6-1 6-1,3,QF,62,4,0,35,25,19,9,7,0,0,3,3,43,24,14,4,7,3,8
2021-8392,Todi,Clay,32,C,,20210718,28,P0DF,,,Matheus Pucinelli De Almeida,R,183,BRA,20.296,409,102,J551,,,Nicolas Jarry,R,201,CHI,25.769,271,218,3-6 6-3 6-1,3,QF,136,5,2,72,54,40,9,12,3,4,6,2,102,73,48,10,13,10,14
2021-8392,Todi,Clay,32,C,,20210718,29,GB53,1,,Federico Gaio,R,178,ITA,29.369,151,500,EA24,4,,Tomas Martin Etcheverry,R,196,ARG,22.001,166,433,6-2 6-2,3,SF,72,2,2,42,22,20,14,8,1,1,0,0,55,44,21,6,8,4,8
2021-8392,Todi,Clay,32,C,,20210718,30,V824,2,,Mario Vilella Martinez,R,178,ESP,26.042,178,407,P0DF,,,Matheus Pucinelli De Almeida,R,183,BRA,20.296,409,102,7-6(4) 3-6 6-1,3,SF,139,7,6,94,54,38,22,14,3,6,0,3,93,69,41,12,14,4,8
2021-8392,Todi,Clay,32,C,,20210718,31,V824,2,,Mario Vilella Martinez,R,178,ESP,26.042,178,407,GB53,1,,Federico Gaio,R,178,ITA,29.369,151,500,7-6(3) 1-6 6-3,3,F,118,7,7,91,52,38,22,14,2,4,5,3,87,55,43,14,14,3,4
2021-8394,Iasi,Clay,32,C,,20210718,1,G09O,1,,Hugo Gaston,L,173,FRA,20.808,165,435,F840,,,Nerman Fatic,R,191,BIH,26.732,326,152,6-1 3-6 6-1,3,R32,102,3,1,66,34,25,22,12,4,5,7,5,77,43,29,15,11,6,10
2021-8394,Iasi,Clay,32,C,,20210718,2,BI47,,,Riccardo Bonadio,R,180,ITA,28.014,278,204,CG94,2,,Enzo Couacaud,R,183,FRA,26.382,174,421,7-6(5) 6-3,3,R32,90,3,2,65,33,27,15,11,2,4,4,0,57,25,20,17,10,1,4
2021-8394,Iasi,Clay,32,C,,20210718,3,A0AB,,,Adrian Andreev,R,175,BUL,20.183,338,136,MP20,3,,Alexandre Muller,R,183,FRA,24.457,197,353,6-4 1-6 6-3,3,R32,130,2,0,84,59,34,16,13,6,10,4,2,86,57,36,13,13,6,10
2021-8394,Iasi,Clay,32,C,,20210718,4,MW75,4,,Felipe Meligeni Alves,R,185,BRA,23.409,220,316,SF36,,,Igor Sijsling,R,191,NED,33.916,304,171,7-5 6-2,3,R32,75,2,1,60,43,32,12,10,3,3,1,0,58,29,23,13,10,5,8
2021-8394,Iasi,Clay,32,C,,20210718,5,KH56,5,,Zdenek Kolar,R,183,CZE,24.772,222,315,PH77,,,David Poljak,R,188,CZE,25.169,448,89,6-2 7-5,3,R32,95,4,4,55,33,28,8,10,2,4,1,2,67,45,27,6,10,5,10
2021-8394,Iasi,Clay,32,C,,20210718,6,CA99,6,,Marius Copil,R,191,ROU,30.752,224,308,LI39,,,Alexandar Lazarov,R,191,BUL,23.696,534,67,3-6 6-3 6-2,3,R32,108,3,4,72,33,25,20,13,3,6,2,5,84,52,29,16,13,6,11
2021-8394,Iasi,Clay,32,C,,20210718,7,Z246,,,Miljan Zekic,R,185,SRB,33.016,385,113,J620,7,,Maxime Janvier,R,196,FRA,24.747,229,303,6-3 7-6(4),3,R32,110,3,1,77,51,36,16,11,5,7,1,2,61,33,22,16,10,0,3
2021-8394,Iasi,Clay,32,C,,20210718,8,KC33,8,,Dimitar Kuzmanov,R,183,BUL,27.973,238,283,KD70,,,Pedja Krstin,R,183,SRB,26.872,267,223,6-2 6-2,3,R32,86,2,1,53,40,28,7,8,1,2,1,4,50,27,14,9,8,3,8
2021-8394,Iasi,Clay,32,C,,20210718,9,A0CJ,,,Duje Ajdukovic,R,188,CRO,20.446,281,200,C0B2,,,Cezar Cretu,R,188,ROU,20.233,790,24,6-3 6-2,3,R32,88,3,1,50,27,21,16,9,3,3,0,8,71,44,27,10,8,11,14
2021-8394,Iasi,Clay,32,C,,20210718,10,CG07,,,Hernan Casanova,R,178,ARG,27.444,339,136,SP80,,,Nino Serdarusic,R,191,CRO,24.594,279,201,6-4 6-4,3,R32,98,1,0,57,47,33,7,10,4,5,3,2,60,32,21,14,10,6,9
2021-8394,Iasi,Clay,32,C,,20210718,11,DA67,,,Matteo Donati,R,185,ITA,26.385,927,15,P0CY,,,Stefan Palosi,R,180,ROU,21.47,901,17,6-4 6-4,3,R32,80,1,2,65,49,38,8,10,5,5,2,1,57,40,28,9,10,0,2
2021-8394,Iasi,Clay,32,C,,20210718,12,DF88,,,Aziz Dougaz,L,188,TUN,24.312,352,129,BM05,,,Bogdan Bobrov,R,185,RUS,23.836,441,91,6-4 7-6(4),3,R32,96,2,2,71,39,24,19,11,2,5,1,3,73,48,26,13,11,3,7
2021-8394,Iasi,Clay,32,C,,20210718,13,I0A7,,,Nicholas David Ionel,R,,ROU,18.765,516,70,S0GZ,,,Nikolas Sanchez Izquierdo,R,185,ESP,22.344,357,126,6-3 4-6 6-2,3,R32,145,4,5,95,54,38,16,14,8,13,1,5,93,67,37,8,13,10,17
2021-8394,Iasi,Clay,32,C,,20210718,14,J09X,,,Filip Cristian Jianu,R,180,ROU,19.83,324,154,T0AA,,,Dan Alexandru Tomescu,R,183,ROU,22.303,840,21,6-4 6-3,3,R32,97,4,4,54,26,21,16,9,1,1,0,2,65,32,20,16,10,8,11
2021-8394,Iasi,Clay,32,C,,20210718,15,MO55,,,Lucas Miedler,R,183,AUT,25.073,325,154,G681,,,Teymuraz Gabashvili,R,185,GEO,36.153,262,243,7-5 4-6 7-5,3,R32,178,7,1,110,61,44,21,17,8,13,3,8,104,65,44,17,17,8,14
2021-8394,Iasi,Clay,32,C,,20210718,16,PH42,,,Matija Pecotic,L,185,CRO,32.041,356,126,O340,,,Roberto Ortega-Olmedo,R,168,ESP,30.218,311,168,4-6 6-0 6-1,3,R32,127,5,4,85,44,32,19,12,7,9,2,3,73,36,20,15,11,5,11
2021-8394,Iasi,Clay,32,C,,20210718,17,G09O,1,,Hugo Gaston,L,173,FRA,20.808,165,435,PH42,,,Matija Pecotic,L,185,CRO,32.041,356,126,4-6 6-4 7-6(5),3,R16,166,4,3,109,59,40,22,16,8,14,4,4,108,64,38,22,16,7,13
2021-8394,Iasi,Clay,32,C,,20210718,18,MW75,4,,Felipe Meligeni Alves,R,185,BRA,23.409,220,316,DA67,,,Matteo Donati,R,185,ITA,26.385,927,15,6-3 6-3,3,R16,62,1,1,49,38,29,6,9,3,4,2,4,45,22,14,10,9,0,4
2021-8394,Iasi,Clay,32,C,,20210718,19,KH56,5,,Zdenek Kolar,R,183,CZE,24.772,222,315,DF88,,,Aziz Dougaz,L,188,TUN,24.312,352,129,6-2 6-3,3,R16,74,2,1,47,34,28,9,9,3,3,3,1,60,35,22,11,8,3,6
2021-8394,Iasi,Clay,32,C,,20210718,20,A0CJ,,,Duje Ajdukovic,R,188,CRO,20.446,281,200,CA99,6,,Marius Copil,R,191,ROU,30.752,224,308,6-4 6-4,3,R16,90,6,4,68,37,29,17,10,7,7,8,4,56,34,26,11,10,2,4
2021-8394,Iasi,Clay,32,C,,20210718,21,KC33,8,,Dimitar Kuzmanov,R,183,BUL,27.973,238,283,I0A7,,,Nicholas David Ionel,R,,ROU,18.765,516,70,2-6 6-3 6-4,3,R16,148,5,1,91,66,43,12,14,6,9,3,5,83,49,37,13,13,3,6
2021-8394,Iasi,Clay,32,C,,20210718,22,BI47,,,Riccardo Bonadio,R,180,ITA,28.014,278,204,J09X,,,Filip Cristian Jianu,R,180,ROU,19.83,324,154,7-6(5) 6-2,3,R16,98,5,3,60,30,27,19,10,1,1,1,2,59,27,18,20,10,1,3
2021-8394,Iasi,Clay,32,C,,20210718,23,MO55,,,Lucas Miedler,R,183,AUT,25.073,325,154,A0AB,,,Adrian Andreev,R,175,BUL,20.183,338,136,7-6(5) 6-1,3,R16,88,8,0,63,38,28,17,10,1,2,1,7,60,39,26,10,9,0,3
2021-8394,Iasi,Clay,32,C,,20210718,24,Z246,,,Miljan Zekic,R,185,SRB,33.016,385,113,CG07,,,Hernan Casanova,R,178,ARG,27.444,339,136,6-3 7-6(3),3,R16,140,2,4,83,52,41,12,11,6,8,0,1,67,42,27,13,10,5,8
2021-8394,Iasi,Clay,32,C,,20210718,25,G09O,1,,Hugo Gaston,L,173,FRA,20.808,165,435,A0CJ,,,Duje Ajdukovic,R,188,CRO,20.446,281,200,7-6(4) 6-2,3,QF,96,0,1,60,33,23,16,10,2,4,4,1,80,46,20,21,10,8,12
2021-8394,Iasi,Clay,32,C,,20210718,26,MW75,4,,Felipe Meligeni Alves,R,185,BRA,23.409,220,316,KC33,8,,Dimitar Kuzmanov,R,183,BUL,27.973,238,283,6-0 3-6 6-3,3,QF,119,1,1,77,52,36,15,12,5,7,4,2,64,39,24,14,12,3,8
2021-8394,Iasi,Clay,32,C,,20210718,27,KH56,5,,Zdenek Kolar,R,183,CZE,24.772,222,315,BI47,,,Riccardo Bonadio,R,180,ITA,28.014,278,204,6-4 6-4,3,QF,89,2,1,61,38,27,11,10,4,6,2,4,53,33,20,9,10,2,6
2021-8394,Iasi,Clay,32,C,,20210718,28,Z246,,,Miljan Zekic,R,185,SRB,33.016,385,113,MO55,,,Lucas Miedler,R,183,AUT,25.073,325,154,7-5 6-2,3,QF,103,5,2,54,28,25,16,10,0,0,3,1,71,40,29,12,10,5,8
2021-8394,Iasi,Clay,32,C,,20210718,29,G09O,1,,Hugo Gaston,L,173,FRA,20.808,165,435,MW75,4,,Felipe Meligeni Alves,R,185,BRA,23.409,220,316,7-5 7-6(4),3,SF,101,1,4,72,44,31,15,12,1,4,5,2,87,59,38,8,12,6,10
2021-8394,Iasi,Clay,32,C,,20210718,30,KH56,5,,Zdenek Kolar,R,183,CZE,24.772,222,315,Z246,,,Miljan Zekic,R,185,SRB,33.016,385,113,7-5 2-6 6-2,3,SF,170,2,3,100,67,44,17,14,9,12,9,7,97,51,36,19,14,8,12
2021-8394,Iasi,Clay,32,C,,20210718,31,KH56,5,,Zdenek Kolar,R,183,CZE,24.772,222,315,G09O,1,,Hugo Gaston,L,173,FRA,20.808,165,435,7-5 4-6 6-4,3,F,149,5,2,93,59,41,16,16,1,5,7,0,120,73,43,25,16,13,18
2021-9198,Amersfoort,Clay,32,C,,20210718,1,GJ37,1,,Tallon Griekspoor,R,188,NED,25.043,115,700,GG65,,,Michael Geerts,R,178,BEL,26.5,351,129,6-2 7-6(2),3,R32,84,8,2,55,39,36,8,10,1,1,8,2,71,40,26,16,10,1,3
2021-9198,Amersfoort,Clay,32,C,,20210718,2,V812,2,,Botic van de Zandschulp,R,191,NED,25.788,132,593,O482,,,Gonzalo Oliveira,L,185,VEN,26.415,291,193,6-2 6-4,3,R32,81,5,1,52,29,26,11,9,2,3,1,3,63,39,25,8,9,4,8
2021-9198,Amersfoort,Clay,32,C,,20210718,3,V717,,,Alexey Vatutin,R,178,RUS,28.723,309,169,PG94,3,,Marc Polmans,R,188,AUS,24.211,143,529,6-7(4) 6-4 6-4,3,R32,189,1,4,111,82,48,12,16,7,13,1,4,124,80,48,16,16,14,22
2021-9198,Amersfoort,Clay,32,C,,20210718,4,HA71,4,,Antoine Hoang,R,183,FRA,25.703,148,511,MH16,,,Yannick Maden,R,185,GER,31.721,241,281,6-4 7-6(5),3,R32,117,2,5,76,57,34,9,11,3,7,6,3,87,57,35,9,11,10,15
2021-9198,Amersfoort,Clay,32,C,,20210718,5,SK47,5,,Mohamed Safwat,R,180,EGY,30.828,172,424,E698,,,Gastao Elias,R,180,POR,30.648,232,299,6-1 6-3,3,R32,72,2,2,55,36,29,8,8,1,1,0,1,46,23,14,10,8,1,5
2021-9198,Amersfoort,Clay,32,C,,20210718,6,CG33,6,,Kimmer Coppejans,R,178,BEL,27.441,191,363,W0BD,,,Deney Wassermann,R,0,NED,20.315,1467,3,6-3 5-7 6-2,3,R32,132,3,1,88,65,49,11,15,2,4,6,8,101,54,39,20,14,12,16
2021-9198,Amersfoort,Clay,32,C,,20210718,7,A887,7,,Guido Andreozzi,R,183,ARG,29.952,206,337,L0BV,,,Jiri Lehecka,R,185,CZE,19.691,257,255,7-5 2-6 6-4,3,R32,147,4,0,80,55,42,16,15,3,5,8,1,94,65,42,19,15,4,6
2021-9198,Amersfoort,Clay,32,C,,20210718,8,R685,8,,Lukas Rosol,R,193,CZE,35.984,214,328,KI82,,,Vit Kopriva,R,178,CZE,24.09,249,262,7-6(4) 6-2,3,R32,106,4,1,71,44,27,15,10,7,9,4,10,78,44,27,13,10,3,7
2021-9198,Amersfoort,Clay,32,C,,20210718,9,BO10,,,Gijs Brouwer,L,191,NED,25.344,440,91,J0CU,,,Sander Jong,R,180,NED,21.166,,,7-6(7) RET,3,R32,62,4,2,35,23,19,8,6,0,0,6,4,63,29,23,13,6,2,2
2021-9198,Amersfoort,Clay,32,C,,20210718,10,D0C1,,,Jesper de Jong,R,180,NED,21.131,263,239,GH33,,,Manuel Guinard,R,198,FRA,25.673,264,239,7-6(5) 4-6 7-6(5),3,R32,185,6,3,115,70,53,18,17,3,7,6,1,140,76,51,35,17,10,13
2021-9198,Amersfoort,Clay,32,C,,20210718,11,MJ98,,,Facundo Mena,R,183,ARG,28.819,258,249,BD20,,,Thomaz Bellucci,L,188,BRA,33.55,321,156,6-3 6-4,3,R32,100,2,4,58,37,30,10,10,4,5,2,1,72,51,31,10,9,6,9
2021-9198,Amersfoort,Clay,32,C,,20210718,12,MJ71,,,Mats Moraing,L,198,GER,29.076,225,306,HB31,,,Johannes Haerteis,L,196,GER,25.402,332,142,6-1 6-0,3,R32,76,5,1,48,28,22,10,6,5,5,0,7,40,18,9,5,7,4,10
2021-9198,Amersfoort,Clay,32,C,,20210718,13,N830,,,Johan Nikles,R,173,SUI,24.32,435,92,N0B4,,,Ryan Nijboer,R,180,NED,21.974,668,39,7-6(5) 6-2,3,R32,93,0,2,64,47,31,7,10,3,6,1,6,64,33,21,12,10,2,7
2021-9198,Amersfoort,Clay,32,C,,20210718,14,SO20,,,Jelle Sels,R,188,NED,25.938,318,162,AB71,,,JC Aragone,R,178,USA,26.056,296,187,6-1 6-1,3,R32,61,4,0,37,23,17,11,7,0,0,0,2,56,37,17,7,7,4,9
2021-9198,Amersfoort,Clay,32,C,,20210718,15,V0B2,,,Michael Vrbensky,R,,CZE,21.561,290,194,BU13,,,Zizou Bergs,R,185,BEL,22.125,213,331,6-4 7-6(2),3,R32,140,1,2,82,44,31,22,11,4,5,6,2,86,62,41,11,11,9,11
2021-9198,Amersfoort,Clay,32,C,,20210718,16,V832,,,Aleksandar Vukic,R,188,AUS,25.281,207,335,H756,,,Robin Haase,R,191,NED,34.283,230,302,6-4 7-6(1),3,R32,72,15,2,59,38,33,13,11,0,1,3,6,74,40,30,16,11,4,6
2021-9198,Amersfoort,Clay,32,C,,20210718,17,GJ37,1,,Tallon Griekspoor,R,188,NED,25.043,115,700,V0B2,,,Michael Vrbensky,R,,CZE,21.561,290,194,6-4 6-4,3,R16,75,2,3,62,41,30,12,10,0,1,4,2,52,34,20,11,10,1,4
2021-9198,Amersfoort,Clay,32,C,,20210718,18,V812,2,,Botic van de Zandschulp,R,191,NED,25.788,132,593,MJ71,,,Mats Moraing,L,198,GER,29.076,225,306,6-3 7-5,3,R16,88,5,5,65,39,28,13,10,1,3,3,3,84,49,29,16,11,10,15
2021-9198,Amersfoort,Clay,32,C,,20210718,19,HA71,4,,Antoine Hoang,R,183,FRA,25.703,148,511,MJ98,,,Facundo Mena,R,183,ARG,28.819,258,249,7-6(4) 7-6(5),3,R16,131,0,2,75,60,41,9,12,1,4,8,1,88,64,41,10,12,3,6
2021-9198,Amersfoort,Clay,32,C,,20210718,20,D0C1,,,Jesper de Jong,R,180,NED,21.131,263,239,SK47,5,,Mohamed Safwat,R,180,EGY,30.828,172,424,2-6 6-1 6-4,3,R16,99,7,2,70,43,35,12,13,0,2,3,3,74,44,33,11,12,3,6
2021-9198,Amersfoort,Clay,32,C,,20210718,21,CG33,6,,Kimmer Coppejans,R,178,BEL,27.441,191,363,BO10,,,Gijs Brouwer,L,191,NED,25.344,440,91,6-3 6-4,3,R16,77,3,2,60,43,32,10,10,1,2,3,6,67,37,26,12,9,4,7
2021-9198,Amersfoort,Clay,32,C,,20210718,22,A887,7,,Guido Andreozzi,R,183,ARG,29.952,206,337,V832,,,Aleksandar Vukic,R,188,AUS,25.281,207,335,7-5 2-6 6-3,3,R16,142,4,4,99,63,42,16,15,6,10,18,3,92,52,41,15,14,11,15
2021-9198,Amersfoort,Clay,32,C,,20210718,23,R685,8,,Lukas Rosol,R,193,CZE,35.984,214,328,N830,,,Johan Nikles,R,173,SUI,24.32,435,92,6-2 6-1,3,R16,70,3,2,50,28,20,15,8,0,0,1,2,61,39,20,9,7,7,11
2021-9198,Amersfoort,Clay,32,C,,20210718,24,SO20,,,Jelle Sels,R,188,NED,25.938,318,162,V717,,,Alexey Vatutin,R,178,RUS,28.723,309,169,6-2 6-2,3,R16,82,3,0,67,42,28,12,8,5,6,0,2,52,36,17,7,8,2,7
2021-9198,Amersfoort,Clay,32,C,,20210718,25,GJ37,1,,Tallon Griekspoor,R,188,NED,25.043,115,700,CG33,6,,Kimmer Coppejans,R,178,BEL,27.441,191,363,3-6 6-3 6-2,3,QF,109,6,1,86,52,39,17,13,4,6,7,2,87,64,41,11,13,10,14
2021-9198,Amersfoort,Clay,32,C,,20210718,26,V812,2,,Botic van de Zandschulp,R,191,NED,25.788,132,593,D0C1,,,Jesper de Jong,R,180,NED,21.131,263,239,6-3 6-0,3,QF,73,4,2,44,28,21,7,7,1,2,0,5,66,36,23,5,8,10,16
2021-9198,Amersfoort,Clay,32,C,,20210718,27,HA71,4,,Antoine Hoang,R,183,FRA,25.703,148,511,R685,8,,Lukas Rosol,R,193,CZE,35.984,214,328,6-4 7-6(4),3,QF,102,4,2,77,62,42,10,11,3,4,4,3,75,53,39,8,11,3,5
2021-9198,Amersfoort,Clay,32,C,,20210718,28,A887,7,,Guido Andreozzi,R,183,ARG,29.952,206,337,SO20,,,Jelle Sels,R,188,NED,25.938,318,162,3-6 6-4 6-2,3,QF,133,3,4,94,53,38,16,14,5,9,2,1,76,50,30,12,13,1,6
2021-9198,Amersfoort,Clay,32,C,,20210718,29,GJ37,1,,Tallon Griekspoor,R,188,NED,25.043,115,700,HA71,4,,Antoine Hoang,R,183,FRA,25.703,148,511,4-6 6-3 6-4,3,SF,120,7,0,83,58,47,13,15,2,3,5,8,85,57,44,13,14,1,3
2021-9198,Amersfoort,Clay,32,C,,20210718,30,V812,2,,Botic van de Zandschulp,R,191,NED,25.788,132,593,A887,7,,Guido Andreozzi,R,183,ARG,29.952,206,337,6-7(4) 6-3 6-2,3,SF,148,9,5,99,59,43,20,15,8,10,3,4,93,54,32,19,14,4,9
2021-9198,Amersfoort,Clay,32,C,,20210718,31,GJ37,1,,Tallon Griekspoor,R,188,NED,25.043,115,700,V812,2,,Botic van de Zandschulp,R,191,NED,25.788,132,593,6-1 3-6 6-1,3,F,113,0,3,94,58,44,13,12,5,7,4,4,76,45,31,11,11,5,10
2021-9533,Nur Sultan 3,Hard,32,C,,20210718,1,SX50,1,,Roman Safiullin,R,185,RUS,23.945,159,456,J267,,,Malek Jaziri,R,185,TUN,37.492,286,195,6-4 6-2,3,R32,77,5,10,68,46,37,6,9,10,11,1,7,59,27,18,13,9,2,6
2021-9533,Nur Sultan 3,Hard,32,C,,20210718,2,PH78,,,Ryan Peniston,L,180,GBR,25.687,367,122,I165,2,,Denis Istomin,R,185,UZB,34.861,196,354,6-1 3-6 6-3,3,R32,113,3,6,91,65,47,9,13,6,9,2,4,78,56,32,11,12,5,10
2021-9533,Nur Sultan 3,Hard,32,C,,20210718,3,CI14,3,,Jay Clarke,R,183,GBR,22.976,243,279,DG97,,,Artem Dubrivnyy,R,183,RUS,22.461,424,96,7-5 7-6(3),3,R32,90,3,2,63,33,28,19,12,1,3,2,4,75,36,29,17,12,1,4
2021-9533,Nur Sultan 3,Hard,32,C,,20210718,4,PH71,4,,Max Purcell,R,185,AUS,23.291,234,290,BF98,,,Alessandro Bega,R,170,ITA,30.516,379,116,2-6 6-2 7-5,3,R32,130,12,5,110,50,37,28,14,11,14,2,4,98,62,38,18,14,9,13
2021-9533,Nur Sultan 3,Hard,32,C,,20210718,5,GH92,5,,Borna Gojo,R,196,CRO,23.387,235,289,SR81,,,Khumoyun Sultanov,R,180,UZB,22.724,371,121,7-6(3) 6-1,3,R32,86,12,7,72,37,31,17,10,2,3,5,5,66,39,24,13,9,7,10
2021-9533,Nur Sultan 3,Hard,32,C,,20210718,6,SC77,6,,Sergiy Stakhovsky,R,193,UKR,35.529,226,305,K09F,,,Pavel Kotov,R,191,RUS,22.664,270,219,7-5 6-2,3,R32,92,2,5,74,40,26,16,10,8,11,3,3,63,35,19,11,10,3,9
2021-9533,Nur Sultan 3,Hard,32,C,,20210718,7,PB22,7,,Peter Polansky,R,183,CAN,33.09,254,259,LG37,,,Grigoriy Lomakin,R,198,KAZ,23.335,797,24,6-4 7-6(4),3,R32,85,5,0,65,40,33,17,11,0,0,12,2,74,50,36,11,11,2,3
2021-9533,Nur Sultan 3,Hard,32,C,,20210718,8,H09F,,,Yu Hsiou Hsu,R,178,TPE,22.294,394,107,GF95,8,,Hugo Grenier,R,196,FRA,25.32,253,261,6-4 6-2,3,R32,72,3,3,53,31,19,14,9,3,5,4,3,44,31,16,4,9,1,6
2021-9533,Nur Sultan 3,Hard,32,C,,20210718,9,BE67,,,Mirza Basic,R,188,BIH,30.018,273,215,Y171,,,Denis Yevseyev,R,188,KAZ,28.156,375,118,6-3 6-3,3,R32,72,1,3,50,33,27,11,9,3,3,0,2,70,49,30,8,9,7,10
2021-9533,Nur Sultan 3,Hard,32,C,,20210718,10,CH90,,,Yun seong Chung,R,178,KOR,23.31,393,107,BV19,,,Yan Bondarevskiy,L,191,RUS,21.336,615,46,6-3 6-4,3,R32,69,5,2,64,37,28,16,10,3,4,1,1,67,48,29,8,9,4,7
2021-9533,Nur Sultan 3,Hard,32,C,,20210718,11,KD87,,,Evgeny Karlovskiy,R,191,RUS,26.946,294,190,CN78,,,Lucas Catarina,R,185,MON,24.893,347,131,6-4 6-2,3,R32,68,1,3,48,35,28,8,9,5,6,0,4,55,33,20,10,9,1,5
2021-9533,Nur Sultan 3,Hard,32,C,,20210718,12,KB95,,,Jason Kubler,R,178,AUS,28.164,282,197,T09L,,,Dostanbek Tashbulatov,R,175,KAZ,21.057,903,17,6-1 6-3,3,R32,82,6,3,44,32,27,6,8,2,2,4,2,69,40,25,10,8,6,10
2021-9533,Nur Sultan 3,Hard,32,C,,20210718,13,KB54,,,Andrey Kuznetsov,R,183,RUS,30.401,382,113,SQ80,,,Akira Santillan,R,180,AUS,24.156,293,191,6-4 6-3,3,R32,68,2,2,63,33,27,14,10,7,9,3,3,56,30,18,12,9,2,6
2021-9533,Nur Sultan 3,Hard,32,C,,20210718,14,T0AP,,,Chun-Hsin Tseng,R,175,TPE,19.943,265,234,DF92,,,Corentin Denolly,L,188,FRA,24.115,363,124,6-2 3-6 6-3,3,R32,87,2,13,66,28,27,17,13,0,3,8,6,75,40,27,16,13,2,7
2021-9533,Nur Sultan 3,Hard,32,C,,20210718,15,W857,,,Tung-Lin Wu,R,188,TPE,23.184,268,222,K0DP,,,Oleksii Krutykh,R,185,UKR,21.355,514,72,6-3 6-4,3,R32,68,5,1,52,36,28,13,10,0,0,0,1,47,27,17,14,9,1,3
2021-9533,Nur Sultan 3,Hard,32,C,,20210718,16,Z09Z,,,Beibit Zhukayev,R,198,KAZ,20.764,1388,4,CF10,,,Nick Chappell,L,178,USA,28.827,369,122,4-6 6-3 7-6(6),3,R32,140,12,4,101,57,42,26,16,2,4,6,8,100,63,46,19,15,2,4
2021-9533,Nur Sultan 3,Hard,32,C,,20210718,17,SX50,1,,Roman Safiullin,R,185,RUS,23.945,159,456,CH90,,,Yun seong Chung,R,178,KOR,23.31,393,107,6-3 6-4,3,R16,71,5,9,63,42,33,8,10,1,2,2,4,68,34,26,12,9,5,8
2021-9533,Nur Sultan 3,Hard,32,C,,20210718,18,CI14,3,,Jay Clarke,R,183,GBR,22.976,243,279,Z09Z,,,Beibit Zhukayev,R,198,KAZ,20.764,1388,4,6-3 6-3,3,R16,77,3,1,48,31,25,12,9,2,2,7,5,67,34,22,15,9,5,8
2021-9533,Nur Sultan 3,Hard,32,C,,20210718,19,PH71,4,,Max Purcell,R,185,AUS,23.291,234,290,W857,,,Tung-Lin Wu,R,188,TPE,23.184,268,222,3-6 7-6(4) 6-2,3,R16,127,12,1,89,61,43,16,14,4,7,6,3,101,63,41,21,15,5,9
2021-9533,Nur Sultan 3,Hard,32,C,,20210718,20,GH92,5,,Borna Gojo,R,196,CRO,23.387,235,289,T0AP,,,Chun-Hsin Tseng,R,175,TPE,19.943,265,234,6-1 6-2,3,R16,57,4,4,47,29,24,7,8,3,4,2,4,42,20,10,8,7,4,9
2021-9533,Nur Sultan 3,Hard,32,C,,20210718,21,KB95,,,Jason Kubler,R,178,AUS,28.164,282,197,SC77,6,,Sergiy Stakhovsky,R,193,UKR,35.529,226,305,6-2 3-6 6-2,3,R16,114,5,5,81,49,30,18,13,4,8,5,3,81,51,30,12,12,8,14
2021-9533,Nur Sultan 3,Hard,32,C,,20210718,22,PB22,7,,Peter Polansky,R,183,CAN,33.09,254,259,KB54,,,Andrey Kuznetsov,R,183,RUS,30.401,382,113,6-4 6-3,3,R16,70,4,2,58,33,25,15,9,4,5,3,3,57,30,21,12,10,1,5
2021-9533,Nur Sultan 3,Hard,32,C,,20210718,23,BE67,,,Mirza Basic,R,188,BIH,30.018,273,215,PH78,,,Ryan Peniston,L,180,GBR,25.687,367,122,6-3 6-1,3,R16,78,2,1,55,34,29,7,8,1,2,0,6,56,29,15,11,8,7,12
2021-9533,Nur Sultan 3,Hard,32,C,,20210718,24,H09F,,,Yu Hsiou Hsu,R,178,TPE,22.294,394,107,KD87,,,Evgeny Karlovskiy,R,191,RUS,26.946,294,190,6-3 6-0,3,R16,61,2,2,41,23,22,10,8,0,0,0,6,51,36,23,2,7,3,7
2021-9533,Nur Sultan 3,Hard,32,C,,20210718,25,PB22,7,,Peter Polansky,R,183,CAN,33.09,254,259,SX50,1,,Roman Safiullin,R,185,RUS,23.945,159,456,6-2 1-6 7-6(4),3,QF,117,4,5,88,52,40,17,13,5,7,14,9,95,51,39,24,14,7,9
2021-9533,Nur Sultan 3,Hard,32,C,,20210718,26,CI14,3,,Jay Clarke,R,183,GBR,22.976,243,279,KB95,,,Jason Kubler,R,178,AUS,28.164,282,197,3-6 7-5 7-6(1),3,QF,165,4,1,107,55,36,31,16,7,10,5,4,112,67,42,29,17,9,12
2021-9533,Nur Sultan 3,Hard,32,C,,20210718,27,PH71,4,,Max Purcell,R,185,AUS,23.291,234,290,H09F,,,Yu Hsiou Hsu,R,178,TPE,22.294,394,107,6-2 6-1,3,QF,84,2,1,42,25,19,10,7,2,3,0,4,72,46,22,10,8,4,10
2021-9533,Nur Sultan 3,Hard,32,C,,20210718,28,GH92,5,,Borna Gojo,R,196,CRO,23.387,235,289,BE67,,,Mirza Basic,R,188,BIH,30.018,273,215,2-6 7-6(2) 6-2,3,QF,133,3,7,104,66,47,17,14,7,10,9,9,93,54,38,18,14,7,10
2021-9533,Nur Sultan 3,Hard,32,C,,20210718,29,CI14,3,,Jay Clarke,R,183,GBR,22.976,243,279,GH92,5,,Borna Gojo,R,196,CRO,23.387,235,289,6-4 6-4,3,SF,72,3,0,47,29,26,14,10,0,0,6,7,62,37,29,9,10,3,5
2021-9533,Nur Sultan 3,Hard,32,C,,20210718,30,PH71,4,,Max Purcell,R,185,AUS,23.291,234,290,PB22,7,,Peter Polansky,R,183,CAN,33.09,254,259,7-5 3-6 7-6(3),3,SF,148,19,1,108,64,48,22,16,6,10,7,4,103,59,39,25,17,3,7
2021-9533,Nur Sultan 3,Hard,32,C,,20210718,31,PH71,4,,Max Purcell,R,185,AUS,23.291,234,290,CI14,3,,Jay Clarke,R,183,GBR,22.976,243,279,3-6 6-4 7-6(6),3,F,145,9,1,105,58,49,20,16,3,5,7,2,96,52,42,24,15,4,5
2021-221,Tampere,Clay,32,C,,20210725,1,V812,1,,Botic van de Zandschulp,R,191,NED,25.807,128,634,BI47,,,Riccardo Bonadio,R,180,ITA,28.033,273,219,4-6 6-2 6-2,3,R32,120,4,2,79,51,34,16,13,3,5,5,4,104,68,42,14,13,14,19
2021-221,Tampere,Clay,32,C,,20210725,2,L0BV,,,Jiri Lehecka,R,185,CZE,19.71,254,255,HA71,3,,Antoine Hoang,R,183,FRA,25.722,143,530,6-1 6-4,3,R32,85,4,2,63,41,26,14,9,6,8,0,4,59,37,16,11,8,8,13
2021-221,Tampere,Clay,32,C,,20210725,3,V824,,,Mario Vilella Martinez,R,178,ESP,26.062,158,479,D985,,,Joao Domingues,R,,POR,27.803,238,281,4-6 7-6(5) 7-5,3,R32,153,4,4,112,70,49,23,17,7,11,2,4,104,66,44,22,17,8,12
2021-221,Tampere,Clay,32,C,,20210725,4,PG20,5,,Dmitry Popko,R,191,KAZ,24.75,187,375,LF26,,,Orlando Luz,R,180,BRA,23.458,311,167,7-6(5) 7-5,3,R32,116,6,1,74,49,36,13,12,2,5,5,3,87,49,30,21,12,8,12
2021-221,Tampere,Clay,32,C,,20210725,5,KC33,,,Dimitar Kuzmanov,R,183,BUL,27.992,233,297,CG33,6,,Kimmer Coppejans,R,178,BEL,27.461,205,347,1-6 6-3 7-6(6),3,R32,141,4,1,87,64,45,13,14,2,5,2,1,83,58,42,16,14,1,3
2021-221,Tampere,Clay,32,C,,20210725,6,MP20,7,,Alexandre Muller,R,183,FRA,24.476,199,353,N754,,,Patrik Niklas-Salminen,L,188,FIN,24.389,470,83,6-2 6-1,3,R32,63,2,1,43,28,24,11,8,1,1,5,3,48,32,19,3,7,1,5
2021-221,Tampere,Clay,32,C,,20210725,7,A887,8,,Guido Andreozzi,R,183,ARG,29.971,198,354,MJ71,,,Mats Moraing,L,198,GER,29.095,243,273,6-4 6-1,3,R32,70,1,1,47,32,22,9,8,1,2,3,6,57,30,18,8,9,6,11
2021-221,Tampere,Clay,32,C,,20210725,8,A622,,,Andrea Arnaboldi,L,180,ITA,33.577,292,188,MW75,,,Felipe Meligeni Alves,R,185,BRA,23.428,206,347,6-1 6-4,3,R32,72,0,2,60,40,30,12,9,5,5,4,4,51,36,21,8,8,3,6
2021-221,Tampere,Clay,32,C,,20210725,9,BU54,,,Geoffrey Blancaneaux,R,180,FRA,22.962,327,151,MJ98,,,Facundo Mena,R,183,ARG,28.838,257,251,6-4 7-5,3,R32,103,0,5,73,49,29,12,11,1,5,0,5,63,43,19,8,11,6,12
2021-221,Tampere,Clay,32,C,,20210725,10,CG04,,,Pedro Cachin,R,185,ARG,26.286,278,213,BM05,,,Bogdan Bobrov,R,185,RUS,23.855,439,91,6-1 7-5,3,R32,70,5,1,48,31,23,10,10,0,2,0,2,66,47,24,7,9,2,7
2021-221,Tampere,Clay,32,C,,20210725,11,E928,,,Alexander Erler,R,193,AUT,23.743,339,139,E698,,,Gastao Elias,R,180,POR,30.667,235,289,6-4 3-6 7-5,3,R32,144,3,4,91,51,38,22,15,6,8,2,2,99,64,41,22,16,6,9
2021-221,Tampere,Clay,32,C,,20210725,12,J0AZ,,,Kyrian Jacquet,R,175,FRA,20.205,346,132,O482,,,Gonzalo Oliveira,L,185,VEN,26.434,290,189,2-6 6-1 3-0 RET,3,R32,75,3,3,63,43,26,10,9,7,9,2,5,51,31,19,8,9,1,5
2021-221,Tampere,Clay,32,C,,20210725,13,J551,,,Nicolas Jarry,R,201,CHI,25.788,265,233,F0BT,,,Jonas Forejtek,R,183,CZE,20.375,316,162,6-7(3) 6-3 6-3,3,R32,133,11,7,112,69,54,17,15,6,7,4,3,90,58,39,20,15,5,9
2021-221,Tampere,Clay,32,C,,20210725,14,KC29,,,Nicolas Kicker,R,178,ARG,28.939,384,113,B0JG,,,Leo Borg,R,183,SWE,18.196,2110,1,6-3 6-0,3,R32,69,0,0,44,24,17,17,8,2,2,1,9,49,26,19,4,7,8,12
2021-221,Tampere,Clay,32,C,,20210725,15,KD70,,,Pedja Krstin,R,183,SRB,26.891,270,223,AB71,,,JC Aragone,R,178,USA,26.075,293,187,6-4 6-4,3,R32,87,2,5,65,44,32,7,10,0,2,1,3,55,33,18,12,10,2,6
2021-221,Tampere,Clay,32,C,,20210725,16,V0AM,,,Otto Virtanen,R,193,FIN,20.093,523,68,C0H0,,,Arthur Cazaux,R,183,FRA,18.921,382,115,3-6 7-6(5) 6-2,3,R32,130,8,4,92,52,40,21,14,2,4,6,2,105,59,44,23,15,8,11
2021-221,Tampere,Clay,32,C,,20210725,17,V812,1,,Botic van de Zandschulp,R,191,NED,25.807,128,634,KD70,,,Pedja Krstin,R,183,SRB,26.891,270,223,6-3 6-1,3,R16,55,7,1,43,32,27,8,8,2,2,2,1,44,21,13,8,8,1,5
2021-221,Tampere,Clay,32,C,,20210725,18,V824,,,Mario Vilella Martinez,R,178,ESP,26.062,158,479,CG04,,,Pedro Cachin,R,185,ARG,26.286,278,213,7-5 6-4,3,R16,100,5,7,80,40,33,21,11,4,4,0,2,66,45,33,11,11,2,4
2021-221,Tampere,Clay,32,C,,20210725,19,PG20,5,,Dmitry Popko,R,191,KAZ,24.75,187,375,A622,,,Andrea Arnaboldi,L,180,ITA,33.577,292,188,6-4 6-3,3,R16,89,2,2,63,36,23,13,9,2,5,1,2,57,34,18,8,10,5,11
2021-221,Tampere,Clay,32,C,,20210725,20,KC29,,,Nicolas Kicker,R,178,ARG,28.939,384,113,MP20,7,,Alexandre Muller,R,183,FRA,24.476,199,353,6-4 3-6 6-2,3,R16,160,1,1,90,60,36,21,13,5,8,2,2,92,67,39,12,14,7,12
2021-221,Tampere,Clay,32,C,,20210725,21,V0AM,,,Otto Virtanen,R,193,FIN,20.093,523,68,A887,8,,Guido Andreozzi,R,183,ARG,29.971,198,354,6-2 6-4,3,R16,88,4,1,64,39,26,10,9,6,9,0,7,65,40,20,10,9,8,14
2021-221,Tampere,Clay,32,C,,20210725,22,BU54,,,Geoffrey Blancaneaux,R,180,FRA,22.962,327,151,E928,,,Alexander Erler,R,193,AUT,23.743,339,139,6-3 4-6 6-2,3,R16,140,0,4,82,57,40,10,14,2,6,3,6,96,65,35,15,13,5,11
2021-221,Tampere,Clay,32,C,,20210725,23,J0AZ,,,Kyrian Jacquet,R,175,FRA,20.205,346,132,KC33,,,Dimitar Kuzmanov,R,183,BUL,27.992,233,297,3-6 6-4 7-6(5),3,R16,157,3,7,100,55,35,21,15,7,14,1,4,117,86,47,17,16,8,15
2021-221,Tampere,Clay,32,C,,20210725,24,L0BV,,,Jiri Lehecka,R,185,CZE,19.71,254,255,J551,,,Nicolas Jarry,R,201,CHI,25.788,265,233,6-4 6-4,3,R16,83,3,1,52,34,26,13,10,2,3,2,3,68,40,24,15,10,5,8
2021-221,Tampere,Clay,32,C,,20210725,25,V812,1,,Botic van de Zandschulp,R,191,NED,25.807,128,634,PG20,5,,Dmitry Popko,R,191,KAZ,24.75,187,375,6-4 7-6(0),3,QF,113,3,3,88,59,40,11,11,9,13,1,1,70,31,19,17,11,5,10
2021-221,Tampere,Clay,32,C,,20210725,26,KC29,,,Nicolas Kicker,R,178,ARG,28.939,384,113,V824,,,Mario Vilella Martinez,R,178,ESP,26.062,158,479,7-6(6) 6-0,3,QF,103,3,1,72,49,31,17,9,10,11,2,5,61,41,29,6,9,7,11
2021-221,Tampere,Clay,32,C,,20210725,27,J0AZ,,,Kyrian Jacquet,R,175,FRA,20.205,346,132,BU54,,,Geoffrey Blancaneaux,R,180,FRA,22.962,327,151,6-3 6-3,3,QF,92,0,4,61,38,26,12,9,5,7,1,2,69,46,27,5,9,6,11
2021-221,Tampere,Clay,32,C,,20210725,28,L0BV,,,Jiri Lehecka,R,185,CZE,19.71,254,255,V0AM,,,Otto Virtanen,R,193,FIN,20.093,523,68,6-4 6-1,3,QF,75,2,3,63,32,27,16,9,3,3,1,3,51,25,18,9,8,3,6
2021-221,Tampere,Clay,32,C,,20210725,29,KC29,,,Nicolas Kicker,R,178,ARG,28.939,384,113,V812,1,,Botic van de Zandschulp,R,191,NED,25.807,128,634,6-3 3-6 6-3,3,SF,136,1,1,78,56,30,15,13,0,4,3,2,84,49,28,19,14,2,8
2021-221,Tampere,Clay,32,C,,20210725,30,L0BV,,,Jiri Lehecka,R,185,CZE,19.71,254,255,J0AZ,,,Kyrian Jacquet,R,175,FRA,20.205,346,132,6-3 6-0,3,SF,51,2,0,38,25,22,10,8,0,0,1,4,45,35,21,1,7,5,9
2021-221,Tampere,Clay,32,C,,20210725,31,L0BV,,,Jiri Lehecka,R,185,CZE,19.71,254,255,KC29,,,Nicolas Kicker,R,178,ARG,28.939,384,113,5-7 6-4 6-3,3,F,151,4,1,83,45,32,21,16,3,7,0,4,99,61,37,18,15,10,15
2021-472,Pozoblanco,,32,C,,20210725,1,BM95,1,,Benjamin Bonzi,R,183,FRA,25.125,111,743,DF88,,,Aziz Dougaz,L,188,TUN,24.331,342,134,4-6 6-4 6-3,3,R32,,,,,,,,,,,,,,,,,,,
2021-472,Pozoblanco,,32,C,,20210725,2,BK24,2,,Gregoire Barrere,R,183,FRA,27.436,135,572,RH54,,,Rayane Roumane,R,193,ALG,20.868,404,103,7-6(5) 6-3,3,R32,,,,,,,,,,,,,,,,,,,
2021-472,Pozoblanco,,32,C,,20210725,3,CH05,3,,Altug Celikbilek,R,183,TUR,24.879,203,351,ML73,,,Skander Mansouri,R,193,TUN,26.007,381,116,6-7(3) 6-1 7-6(4),3,R32,,,,,,,,,,,,,,,,,,,
2021-472,Pozoblanco,,32,C,,20210725,4,I306,4,,Cem Ilkel,R,185,TUR,25.927,209,340,HB31,,,Johannes Haerteis,L,196,GER,25.421,334,142,6-2 7-6(3),3,R32,,,,,,,,,,,,,,,,,,,
2021-472,Pozoblanco,,32,C,,20210725,5,J620,5,,Maxime Janvier,R,196,FRA,24.767,234,296,BK19,,,Mathias Bourgue,R,188,FRA,27.515,201,352,6-7(3) 6-2 7-6(12),3,R32,,,,,,,,,,,,,,,,,,,
2021-472,Pozoblanco,,32,C,,20210725,6,Z239,,,Federico Zeballos,R,185,BOL,33.153,611,47,GH92,6,,Borna Gojo,R,196,CRO,23.406,225,314,6-4 7-6(4),3,R32,,,,,,,,,,,,,,,,,,,
2021-472,Pozoblanco,,32,C,,20210725,7,N0AM,,,Emilio Nava,R,185,USA,19.644,435,91,MH16,7,,Yannick Maden,R,185,GER,31.74,239,281,6-1 7-6(5),3,R32,,,,,,,,,,,,,,,,,,,
2021-472,Pozoblanco,,32,C,,20210725,8,SF36,,,Igor Sijsling,R,191,NED,33.936,320,157,KI74,8,,Nicola Kuhn,R,185,GER,21.347,250,261,7-5 RET,3,R32,,,,,,,,,,,,,,,,,,,
2021-472,Pozoblanco,,32,C,,20210725,9,A0AB,,,Adrian Andreev,R,175,BUL,20.203,333,143,R0E2,,,Blas Ruiz Romero,,,ESP,18.283,,,6-0 6-0,3,R32,,,,,,,,,,,,,,,,,,,
2021-472,Pozoblanco,,32,C,,20210725,10,G681,,,Teymuraz Gabashvili,R,185,GEO,36.172,261,242,MW76,,,Matteo Martineau,R,183,FRA,22.522,379,116,6-4 1-6 6-4,3,R32,,,,,,,,,,,,,,,,,,,
2021-472,Pozoblanco,,32,C,,20210725,11,GG65,,,Michael Geerts,R,178,BEL,26.519,348,131,U120,,,Kaichi Uchida,R,180,JPN,26.921,347,132,6-1 6-2,3,R32,,,,,,,,,,,,,,,,,,,
2021-472,Pozoblanco,,32,C,,20210725,12,J09X,,,Filip Cristian Jianu,R,180,ROU,19.849,319,158,A09U,,,Nicolas Alvarez Varona,R,188,ESP,20.186,488,77,6-2 6-4,3,R32,,,,,,,,,,,,,,,,,,,
2021-472,Pozoblanco,,32,C,,20210725,13,MB53,,,Adrian Menendez-Maceiras,R,183,ESP,35.74,289,189,BU36,,,Alberto Barroso Campos,R,178,ESP,25.139,781,26,6-2 6-4,3,R32,,,,,,,,,,,,,,,,,,,
2021-472,Pozoblanco,,32,C,,20210725,14,MI01,,,Hiroki Moriya,R,168,JPN,30.773,274,217,G985,,,Carlos Gomez-Herrera,R,191,ESP,31.236,363,124,3-6 6-3 6-0,3,R32,,,,,,,,,,,,,,,,,,,
2021-472,Pozoblanco,,32,C,,20210725,15,V942,,,Tim van Rijthoven,R,188,NED,24.252,296,179,O340,,,Roberto Ortega-Olmedo,R,168,ESP,30.237,310,168,6-3 6-7(3) 7-5,3,R32,,,,,,,,,,,,,,,,,,,
2021-472,Pozoblanco,,32,C,,20210725,16,V490,,,Matteo Viola,R,185,ITA,34.051,262,237,BD20,,,Thomaz Bellucci,L,188,BRA,33.569,322,156,6-1 6-3,3,R32,,,,,,,,,,,,,,,,,,,
2021-472,Pozoblanco,,32,C,,20210725,17,GG65,,,Michael Geerts,R,178,BEL,26.519,348,131,BM95,1,,Benjamin Bonzi,R,183,FRA,25.125,111,743,7-6(3) 6-2,3,R16,,,,,,,,,,,,,,,,,,,
2021-472,Pozoblanco,,32,C,,20210725,18,BK24,2,,Gregoire Barrere,R,183,FRA,27.436,135,572,A0AB,,,Adrian Andreev,R,175,BUL,20.203,333,143,6-3 6-0,3,R16,,,,,,,,,,,,,,,,,,,
2021-472,Pozoblanco,,32,C,,20210725,19,CH05,3,,Altug Celikbilek,R,183,TUR,24.879,203,351,G681,,,Teymuraz Gabashvili,R,185,GEO,36.172,261,242,5-7 6-3 6-4,3,R16,,,,,,,,,,,,,,,,,,,
2021-472,Pozoblanco,,32,C,,20210725,20,I306,4,,Cem Ilkel,R,185,TUR,25.927,209,340,MI01,,,Hiroki Moriya,R,168,JPN,30.773,274,217,6-3 6-2,3,R16,,,,,,,,,,,,,,,,,,,
2021-472,Pozoblanco,,32,C,,20210725,21,MB53,,,Adrian Menendez-Maceiras,R,183,ESP,35.74,289,189,J620,5,,Maxime Janvier,R,196,FRA,24.767,234,296,7-6(4) 6-3,3,R16,,,,,,,,,,,,,,,,,,,
2021-472,Pozoblanco,,32,C,,20210725,22,N0AM,,,Emilio Nava,R,185,USA,19.644,435,91,V490,,,Matteo Viola,R,185,ITA,34.051,262,237,7-5 4-6 6-3,3,R16,,,,,,,,,,,,,,,,,,,
2021-472,Pozoblanco,,32,C,,20210725,23,V942,,,Tim van Rijthoven,R,188,NED,24.252,296,179,SF36,,,Igor Sijsling,R,191,NED,33.936,320,157,6-4 6-4,3,R16,,,,,,,,,,,,,,,,,,,
2021-472,Pozoblanco,,32,C,,20210725,24,Z239,,,Federico Zeballos,R,185,BOL,33.153,611,47,J09X,,,Filip Cristian Jianu,R,180,ROU,19.849,319,158,7-6(6) 6-4,3,R16,,,,,,,,,,,,,,,,,,,
2021-472,Pozoblanco,,32,C,,20210725,25,BK24,2,,Gregoire Barrere,R,183,FRA,27.436,135,572,Z239,,,Federico Zeballos,R,185,BOL,33.153,611,47,6-4 6-3,3,QF,,,,,,,,,,,,,,,,,,,
2021-472,Pozoblanco,,32,C,,20210725,26,CH05,3,,Altug Celikbilek,R,183,TUR,24.879,203,351,MB53,,,Adrian Menendez-Maceiras,R,183,ESP,35.74,289,189,6-3 6-0,3,QF,,,,,,,,,,,,,,,,,,,
2021-472,Pozoblanco,,32,C,,20210725,27,I306,4,,Cem Ilkel,R,185,TUR,25.927,209,340,V942,,,Tim van Rijthoven,R,188,NED,24.252,296,179,7-5 7-6(5),3,QF,,,,,,,,,,,,,,,,,,,
2021-472,Pozoblanco,,32,C,,20210725,28,GG65,,,Michael Geerts,R,178,BEL,26.519,348,131,N0AM,,,Emilio Nava,R,185,USA,19.644,435,91,7-6(2) 7-6(3),3,QF,,,,,,,,,,,,,,,,,,,
2021-472,Pozoblanco,,32,C,,20210725,29,CH05,3,,Altug Celikbilek,R,183,TUR,24.879,203,351,BK24,2,,Gregoire Barrere,R,183,FRA,27.436,135,572,4-6 6-3 1-1 RET,3,SF,,,,,,,,,,,,,,,,,,,
2021-472,Pozoblanco,,32,C,,20210725,30,I306,4,,Cem Ilkel,R,185,TUR,25.927,209,340,GG65,,,Michael Geerts,R,178,BEL,26.519,348,131,6-2 6-7(3) 6-4,3,SF,,,,,,,,,,,,,,,,,,,
2021-472,Pozoblanco,,32,C,,20210725,31,CH05,3,,Altug Celikbilek,R,183,TUR,24.879,203,351,I306,4,,Cem Ilkel,R,185,TUR,25.927,209,340,6-1 6-7(2) 6-3,3,F,,,,,,,,,,,,,,,,,,,
2021-7316,Cary,Hard,32,C,,20210725,1,GA94,2,,Prajnesh Gunneswaran,L,188,IND,31.699,156,486,KD35,,,Thai-Son Kwiatkowski,R,188,USA,26.445,226,310,6-3 3-2 RET,3,R32,49,5,1,35,23,19,7,7,1,2,1,4,36,21,14,7,7,2,5
2021-7316,Cary,Hard,32,C,,20210725,2,C0BC,3,,Maxime Cressy,R,201,USA,24.214,149,511,RC96,,,Noah Rubin,R,175,USA,25.424,299,176,6-3 7-6(5),3,R32,93,15,4,62,39,35,14,11,0,1,2,1,81,57,36,14,10,4,6
2021-7316,Cary,Hard,32,C,,20210725,3,SP24,,,Brayden Schnur,R,193,CAN,26.059,245,268,F811,4,,Bjorn Fratangelo,R,183,USA,28.016,188,373,7-6(5) 3-6 6-3,3,R32,147,13,2,94,55,39,22,15,5,8,6,4,102,70,50,17,15,4,7
2021-7316,Cary,Hard,32,C,,20210725,4,TC12,,,Mikael Torpegaard,R,193,DEN,27.214,216,319,L797,5,,Lukas Lacko,R,188,SVK,33.725,191,365,6-4 6-2,3,R32,71,8,2,48,29,26,11,9,0,0,2,1,66,41,27,11,9,5,8
2021-7316,Cary,Hard,32,C,,20210725,5,KC12,6,,Mitchell Krueger,R,188,USA,27.532,194,362,BT45,,,William Blumberg,R,188,USA,23.493,1982,1,4-6 6-3 7-6(4),3,R32,156,7,3,106,71,53,18,16,5,7,11,1,92,57,42,21,15,5,7
2021-7316,Cary,Hard,32,C,,20210725,6,E865,7,,Christopher Eubanks,R,201,USA,25.221,220,317,CH73,,,Petros Chrysochos,R,185,CYP,25.295,359,126,7-5 6-3,3,R32,78,6,2,68,44,35,13,11,5,5,2,1,54,26,24,12,10,0,2
2021-7316,Cary,Hard,32,C,,20210725,7,RB56,8,,Ramkumar Ramanathan,R,188,IND,26.71,227,308,K0AZ,,,Aleksandar Kovacevic,R,183,USA,22.905,413,100,6-4 5-7 6-4,3,R32,121,25,2,94,56,45,23,16,4,5,11,5,103,62,43,26,16,6,8
2021-7316,Cary,Hard,32,C,,20210725,8,CF88,,,Roberto Cid Subervi,R,193,DOM,27.901,253,257,V821,,,Gonzalo Villanueva,R,175,ARG,26.53,396,106,3-6 7-5 6-1,3,R32,148,7,4,78,48,34,14,14,4,9,3,0,98,67,32,20,14,9,16
2021-7316,Cary,Hard,32,C,,20210725,9,GK06,,,Alexis Galarneau,R,180,CAN,22.398,440,90,W503,,,James Ward,R,188,GBR,34.456,354,129,7-6(1) 6-0,3,R32,76,2,3,51,25,21,14,9,0,2,4,5,58,36,23,4,9,1,6
2021-7316,Cary,Hard,32,C,,20210725,10,HB05,,,Christian Harrison,R,180,USA,27.157,284,195,SL92,,,Shuichi Sekiguchi,R,168,JPN,30.029,345,133,6-4 6-4,3,R32,90,2,0,60,40,32,12,10,4,4,5,2,68,41,26,17,10,3,5
2021-7316,Cary,Hard,32,C,,20210725,11,KE64,,,Stefan Kozlov,R,183,USA,23.477,344,133,Y124,,,Donald Young,L,183,USA,32.005,365,123,4-6 6-4 6-4,3,R32,160,7,1,83,56,41,14,15,3,7,1,12,103,49,35,26,15,6,11
2021-7316,Cary,Hard,32,C,,20210725,12,M0CW,,,Aidan McHugh,R,180,GBR,21.043,471,83,M0HU,,,Shintaro Mochizuki,R,175,JPN,18.146,475,81,6-4 6-7(6) 6-4,3,R32,154,3,1,86,52,33,18,16,3,9,2,10,117,76,48,14,16,9,17
2021-7316,Cary,Hard,32,C,,20210725,13,N0AL,,,Govind Nanda,R,178,USA,20.433,594,50,Q941,,,Roberto Quiroz,L,193,ECU,29.418,285,195,6-2 6-3,3,R32,90,0,2,67,46,36,9,9,5,5,3,1,62,43,22,11,8,5,8
2021-7316,Cary,Hard,32,C,,20210725,14,O660,,,Genaro Alberto Olivieri,R,175,ARG,22.973,445,90,MP13,,,Mukund Sasikumar,R,185,IND,24.526,323,156,4-6 6-2 7-5,3,R32,133,7,2,86,49,36,18,15,3,7,5,6,90,49,34,15,15,2,8
2021-7316,Cary,Hard,32,C,,20210725,15,R0A5,,,Sam Riffice,R,188,USA,22.401,562,58,I230,,,Tatsuma Ito,R,180,JPN,33.185,219,317,6-7(3) 6-4 7-5,3,R32,164,9,7,96,52,42,20,17,1,4,12,8,128,67,47,26,17,9,14
2021-7316,Cary,Hard,32,C,,20210725,16,SM25,,,Jack Sock,R,191,USA,28.832,207,346,BV27,,,Ulises Blanch,R,188,USA,23.335,248,263,2-6 6-4 6-2,3,R32,96,10,4,74,38,29,22,13,4,6,6,3,63,33,26,17,13,0,3
2021-7316,Cary,Hard,32,C,,20210725,17,GA94,2,,Prajnesh Gunneswaran,L,188,IND,31.699,156,486,R0A5,,,Sam Riffice,R,188,USA,22.401,562,58,6-2 6-4,3,R16,66,8,2,43,22,20,17,9,0,0,2,3,59,38,26,7,9,6,9
2021-7316,Cary,Hard,32,C,,20210725,18,KE64,,,Stefan Kozlov,R,183,USA,23.477,344,133,C0BC,3,,Maxime Cressy,R,201,USA,24.214,149,511,3-6 6-3 6-4,3,R16,129,1,3,81,57,40,12,14,0,3,15,8,78,51,40,9,14,4,8
2021-7316,Cary,Hard,32,C,,20210725,19,KC12,6,,Mitchell Krueger,R,188,USA,27.532,194,362,M0CW,,,Aidan McHugh,R,180,GBR,21.043,471,83,6-1 7-6(2),3,R16,100,8,0,50,35,31,10,9,0,0,3,0,70,40,26,14,10,2,5
2021-7316,Cary,Hard,32,C,,20210725,20,E865,7,,Christopher Eubanks,R,201,USA,25.221,220,317,SM25,,,Jack Sock,R,191,USA,28.832,207,346,7-6(4) 7-5,3,R16,97,12,2,69,50,44,10,12,2,2,5,5,81,56,40,14,12,5,6
2021-7316,Cary,Hard,32,C,,20210725,21,RB56,8,,Ramkumar Ramanathan,R,188,IND,26.71,227,308,GK06,,,Alexis Galarneau,R,180,CAN,22.398,440,90,7-6(4) 4-6 6-4,3,R16,156,16,7,121,73,50,24,16,3,6,8,3,90,48,33,26,16,1,4
2021-7316,Cary,Hard,32,C,,20210725,22,HB05,,,Christian Harrison,R,180,USA,27.157,284,195,TC12,,,Mikael Torpegaard,R,193,DEN,27.214,216,319,7-5 6-2,3,R16,84,3,4,66,41,29,11,10,4,6,4,2,50,26,17,12,10,1,6
2021-7316,Cary,Hard,32,C,,20210725,23,N0AL,,,Govind Nanda,R,178,USA,20.433,594,50,SP24,,,Brayden Schnur,R,193,CAN,26.059,245,268,3-6 7-5 7-5,3,R16,158,4,5,100,61,41,21,16,2,6,18,8,96,61,44,15,17,3,8
2021-7316,Cary,Hard,32,C,,20210725,24,O660,,,Genaro Alberto Olivieri,R,175,ARG,22.973,445,90,CF88,,,Roberto Cid Subervi,R,193,DOM,27.901,253,257,7-6(6) 6-0,3,R16,111,0,2,57,33,21,16,9,1,3,0,1,60,35,16,11,9,3,8
2021-7316,Cary,Hard,32,C,,20210725,25,RB56,8,,Ramkumar Ramanathan,R,188,IND,26.71,227,308,GA94,2,,Prajnesh Gunneswaran,L,188,IND,31.699,156,486,3-6 7-6(5) 6-4,3,QF,128,5,7,105,69,54,15,15,6,8,6,4,106,67,52,21,16,4,6
2021-7316,Cary,Hard,32,C,,20210725,26,KC12,6,,Mitchell Krueger,R,188,USA,27.532,194,362,O660,,,Genaro Alberto Olivieri,R,175,ARG,22.973,445,90,6-2 2-6 6-3,3,QF,126,5,5,86,56,38,13,13,3,7,0,2,73,47,27,14,12,5,10
2021-7316,Cary,Hard,32,C,,20210725,27,KE64,,,Stefan Kozlov,R,183,USA,23.477,344,133,E865,7,,Christopher Eubanks,R,201,USA,25.221,220,317,5-7 6-1 6-3,3,QF,138,8,3,82,56,43,17,14,3,4,11,6,106,68,44,17,14,8,12
2021-7316,Cary,Hard,32,C,,20210725,28,N0AL,,,Govind Nanda,R,178,USA,20.433,594,50,HB05,,,Christian Harrison,R,180,USA,27.157,284,195,2-6 7-6(2) 6-3,3,QF,142,1,3,96,63,39,16,14,8,13,6,2,87,55,31,20,15,5,10
2021-7316,Cary,Hard,32,C,,20210725,29,KC12,6,,Mitchell Krueger,R,188,USA,27.532,194,362,N0AL,,,Govind Nanda,R,178,USA,20.433,594,50,6-3 6-2,3,SF,91,3,0,53,36,26,12,9,2,2,3,1,66,41,25,11,8,4,7
2021-7316,Cary,Hard,32,C,,20210725,30,RB56,8,,Ramkumar Ramanathan,R,188,IND,26.71,227,308,KE64,,,Stefan Kozlov,R,183,USA,23.477,344,133,1-6 6-3 6-1,3,SF,109,7,1,64,39,25,17,11,3,5,3,2,87,68,43,8,12,6,10
2021-7316,Cary,Hard,32,C,,20210725,31,KC12,6,,Mitchell Krueger,R,188,USA,27.532,194,362,RB56,8,,Ramkumar Ramanathan,R,188,IND,26.71,227,308,7-6(4) 6-2,3,F,110,6,3,67,46,37,11,10,4,5,7,4,72,48,37,6,10,3,6
2021-783,Segovia,Hard,32,C,,20210726,1,L397,1,,Feliciano Lopez,L,188,ESP,39.847,89,850,S0GZ,,,Nikolas Sanchez Izquierdo,R,185,ESP,22.366,365,125,6-4 7-6(2),3,R32,85,13,3,63,31,29,20,11,0,0,3,2,61,35,27,17,11,3,4
2021-783,Segovia,Hard,32,C,,20210726,2,BM95,2,,Benjamin Bonzi,R,183,FRA,25.128,111,743,A0AB,,,Adrian Andreev,R,175,BUL,20.205,333,149,6-7(2) 6-4 7-6(3),3,R32,167,6,4,120,72,47,26,17,8,12,1,9,133,92,53,20,17,10,15
2021-783,Segovia,Hard,32,C,,20210726,3,V942,,,Tim van Rijthoven,R,188,NED,24.255,290,192,HH06,4,,Marc-Andrea Huesler,L,196,SUI,25.087,161,467,6-7(6) 7-6(4) 7-5,3,R32,140,13,5,113,65,54,30,18,3,3,20,11,112,67,57,26,18,3,4
2021-783,Segovia,Hard,32,C,,20210726,4,S0GD,,,Dalibor Svrcina,R,178,CZE,18.815,519,69,SN54,5,,Frederico Ferreira Silva,L,178,POR,26.357,179,404,6-4 RET,3,R32,60,1,4,30,19,14,4,5,3,5,1,4,55,32,19,8,5,8,11
2021-783,Segovia,Hard,32,C,,20210726,5,G0AV,,,Carlos Gimeno Valero,R,191,ESP,20.085,267,229,HB64,6,,Quentin Halys,R,191,FRA,24.747,183,394,6-3 7-6(3),3,R32,94,3,7,76,48,33,16,11,3,5,6,3,69,32,23,17,10,6,9
2021-783,Segovia,Hard,32,C,,20210726,6,BK19,7,,Mathias Bourgue,R,188,FRA,27.518,205,352,J09X,,,Filip Cristian Jianu,R,180,ROU,19.852,323,161,6-3 6-4,3,R32,83,7,4,56,34,28,11,10,1,2,5,3,59,29,23,12,9,3,6
2021-783,Segovia,Hard,32,C,,20210726,7,CH05,8,,Altug Celikbilek,R,183,TUR,24.882,172,425,HB31,,,Johannes Haerteis,L,196,GER,25.424,339,142,6-3 6-4,3,R32,66,14,8,75,38,32,18,10,8,8,2,5,53,32,24,10,9,1,3
2021-783,Segovia,Hard,32,C,,20210726,8,I306,9,,Cem Ilkel,R,185,TUR,25.93,188,380,O340,,,Roberto Ortega-Olmedo,R,168,ESP,30.24,310,168,3-6 7-6(4) 6-4,3,R32,140,8,9,107,52,37,29,16,3,7,7,4,112,74,51,18,15,7,10
2021-783,Segovia,Hard,32,C,,20210726,9,C0KH,,,Julio Cesar Porras,R,168,ARG,23.414,,,MI01,,,Hiroki Moriya,R,168,JPN,30.776,277,212,7-6(6) 6-2,3,R32,91,3,3,66,42,31,13,10,3,5,0,3,69,40,23,15,10,3,7
2021-783,Segovia,Hard,32,C,,20210726,10,G681,,,Teymuraz Gabashvili,R,185,GEO,36.175,262,242,SF36,,,Igor Sijsling,R,191,NED,33.938,319,162,6-1 6-3,3,R32,50,2,5,50,32,25,6,8,1,3,1,3,50,28,14,5,8,3,9
2021-783,Segovia,Hard,32,C,,20210726,11,GF95,,,Hugo Grenier,R,196,FRA,25.342,246,270,K09F,,,Pavel Kotov,R,191,RUS,22.686,261,244,6-4 6-2,3,R32,92,2,1,54,37,27,10,9,2,3,1,4,62,36,22,10,9,7,11
2021-783,Segovia,Hard,32,C,,20210726,12,J267,,,Malek Jaziri,R,185,TUN,37.514,287,197,AB71,,,JC Aragone,R,178,USA,26.078,296,187,6-7(5) 6-2 6-1,3,R32,125,6,4,94,45,36,28,14,7,8,6,12,92,59,41,8,13,7,12
2021-783,Segovia,Hard,32,C,,20210726,13,MW18,,,Nicolas Moreno De Alboran,R,185,USA,24.033,409,102,V495,,,Luca Vanni,R,198,ITA,36.142,428,95,6-4 6-3,3,R32,74,9,3,57,38,29,13,10,1,1,6,1,47,24,19,12,9,0,2
2021-783,Segovia,Hard,32,C,,20210726,14,M0HT,,,Alejandro Moro Canas,R,183,ESP,20.632,1115,8,O482,,,Gonzalo Oliveira,L,185,VEN,26.437,294,189,3-6 7-6(6) 6-1,3,R32,135,6,5,98,62,42,19,15,7,11,1,7,87,52,31,20,13,3,7
2021-783,Segovia,Hard,32,C,,20210726,15,O376,,,Renzo Olivo,R,178,ARG,29.363,218,325,MB53,,,Adrian Menendez-Maceiras,R,183,ESP,35.743,284,200,7-5 6-2,3,R32,84,7,1,46,39,33,5,10,2,3,1,4,52,30,22,8,10,2,6
2021-783,Segovia,Hard,32,C,,20210726,16,V490,,,Matteo Viola,R,185,ITA,34.053,264,238,BE67,,,Mirza Basic,R,188,BIH,30.04,269,227,6-4 6-1,3,R32,72,2,2,63,40,26,12,9,3,5,1,2,54,32,17,7,8,5,10
2021-783,Segovia,Hard,32,C,,20210726,17,L397,1,,Feliciano Lopez,L,188,ESP,39.847,89,850,C0KH,,,Julio Cesar Porras,R,168,ARG,23.414,,,6-7(3) 6-2 6-4,3,R16,126,16,6,91,47,37,25,15,6,8,2,3,112,82,54,12,15,6,11
2021-783,Segovia,Hard,32,C,,20210726,18,BM95,2,,Benjamin Bonzi,R,183,FRA,25.128,111,743,V490,,,Matteo Viola,R,185,ITA,34.053,264,238,6-1 6-2,3,R16,57,6,4,54,30,22,13,8,4,5,0,5,34,23,9,3,7,0,5
2021-783,Segovia,Hard,32,C,,20210726,19,BK19,7,,Mathias Bourgue,R,188,FRA,27.518,205,352,M0HT,,,Alejandro Moro Canas,R,183,ESP,20.632,1115,8,6-4 6-2,3,R16,80,3,2,52,26,18,20,9,5,6,4,4,56,33,20,10,9,1,5
2021-783,Segovia,Hard,32,C,,20210726,20,CH05,8,,Altug Celikbilek,R,183,TUR,24.882,172,425,G681,,,Teymuraz Gabashvili,R,185,GEO,36.175,262,242,6-3 3-6 6-3,3,R16,91,6,5,74,41,30,19,14,4,7,2,8,76,42,29,16,13,1,5
2021-783,Segovia,Hard,32,C,,20210726,21,MW18,,,Nicolas Moreno De Alboran,R,185,USA,24.033,409,102,I306,9,,Cem Ilkel,R,185,TUR,25.93,188,380,6-4 6-0,3,R16,58,7,1,42,32,27,6,8,1,1,1,2,51,40,22,3,8,2,6
2021-783,Segovia,Hard,32,C,,20210726,22,GF95,,,Hugo Grenier,R,196,FRA,25.342,246,270,G0AV,,,Carlos Gimeno Valero,R,191,ESP,20.085,267,229,3-6 6-3 6-2,3,R16,131,7,5,93,66,43,15,13,5,7,0,13,104,60,39,18,13,5,9
2021-783,Segovia,Hard,32,C,,20210726,23,S0GD,,,Dalibor Svrcina,R,178,CZE,18.815,519,69,O376,,,Renzo Olivo,R,178,ARG,29.363,218,325,6-4 3-6 6-4,3,R16,135,0,10,99,58,37,19,14,7,11,2,4,88,55,35,18,15,2,7
2021-783,Segovia,Hard,32,C,,20210726,24,V942,,,Tim van Rijthoven,R,188,NED,24.255,290,192,J267,,,Malek Jaziri,R,185,TUN,37.514,287,197,4-6 6-3 6-3,3,R16,115,10,5,96,65,46,15,14,4,6,3,4,88,38,29,25,14,7,11
2021-783,Segovia,Hard,32,C,,20210726,25,GF95,,,Hugo Grenier,R,196,FRA,25.342,246,270,L397,1,,Feliciano Lopez,L,188,ESP,39.847,89,850,7-6(6) 6-1,3,QF,94,9,1,59,43,32,11,10,0,1,7,5,79,46,30,12,9,8,11
2021-783,Segovia,Hard,32,C,,20210726,26,BM95,2,,Benjamin Bonzi,R,183,FRA,25.128,111,743,S0GD,,,Dalibor Svrcina,R,178,CZE,18.815,519,69,6-3 6-4,3,QF,69,4,1,59,33,27,17,10,0,0,2,6,54,37,26,7,9,3,5
2021-783,Segovia,Hard,32,C,,20210726,27,V942,,,Tim van Rijthoven,R,188,NED,24.255,290,192,BK19,7,,Mathias Bourgue,R,188,FRA,27.518,205,352,6-4 7-6(3),3,QF,102,17,3,66,44,41,9,11,1,1,1,0,73,43,31,17,11,2,3
2021-783,Segovia,Hard,32,C,,20210726,28,MW18,,,Nicolas Moreno De Alboran,R,185,USA,24.033,409,102,CH05,8,,Altug Celikbilek,R,183,TUR,24.882,172,425,6-4 6-2,3,QF,66,1,2,51,34,26,11,9,1,1,6,5,52,17,14,16,9,1,4
2021-783,Segovia,Hard,32,C,,20210726,29,BM95,2,,Benjamin Bonzi,R,183,FRA,25.128,111,743,MW18,,,Nicolas Moreno De Alboran,R,185,USA,24.033,409,102,6-3 4-6 6-2,3,SF,110,0,1,86,51,38,21,14,4,5,2,1,76,49,39,11,13,2,5
2021-783,Segovia,Hard,32,C,,20210726,30,V942,,,Tim van Rijthoven,R,188,NED,24.255,290,192,GF95,,,Hugo Grenier,R,196,FRA,25.342,246,270,7-6(7) 6-2,3,SF,100,12,2,81,46,37,17,10,3,3,4,4,74,49,33,12,10,4,6
2021-783,Segovia,Hard,32,C,,20210726,31,BM95,2,,Benjamin Bonzi,R,183,FRA,25.128,111,743,V942,,,Tim van Rijthoven,R,188,NED,24.255,290,192,7-6(10) 3-6 6-4,3,F,139,6,4,115,66,50,28,15,10,11,13,5,105,57,46,28,16,5,6
2021-786,Poznan,Clay,32,C,,20210726,1,Z419,1,,Bernabe Zapata Miralles,R,183,ESP,24.534,121,672,CG33,,,Kimmer Coppejans,R,178,BEL,27.463,212,340,6-1 6-1,3,R32,64,2,2,45,29,23,9,7,2,2,0,0,49,32,16,5,7,4,9
2021-786,Poznan,Clay,32,C,,20210726,2,V812,2,,Botic van de Zandschulp,R,191,NED,25.81,126,653,M0E1,,,Daniel Michalski,R,180,POL,21.539,414,101,6-2 6-3,3,R32,74,5,2,43,25,18,12,8,2,4,0,4,56,23,12,11,9,5,11
2021-786,Poznan,Clay,32,C,,20210726,3,KH56,5,,Zdenek Kolar,R,183,CZE,24.794,182,401,F0BT,,,Jonas Forejtek,R,183,CZE,20.378,320,162,6-4 6-4,3,R32,93,3,2,53,37,31,7,10,1,2,2,5,72,43,30,12,10,9,12
2021-786,Poznan,Clay,32,C,,20210726,4,MP20,,,Alexandre Muller,R,183,FRA,24.479,202,353,CG94,6,,Enzo Couacaud,R,183,FRA,26.404,185,389,6-3 6-2,3,R32,67,3,2,50,25,20,17,8,1,1,3,2,52,27,16,13,9,3,7
2021-786,Poznan,Clay,32,C,,20210726,5,PG20,7,,Dmitry Popko,R,191,KAZ,24.753,189,380,KI82,,,Vit Kopriva,R,178,CZE,24.112,199,358,6-4 4-6 7-5,3,R32,179,2,7,108,48,35,27,16,6,10,10,4,108,49,31,31,16,13,18
2021-786,Poznan,Clay,32,C,,20210726,6,V832,,,Aleksandar Vukic,R,188,AUS,25.303,223,317,A887,8,,Guido Andreozzi,R,183,ARG,29.974,200,357,6-1 6-4,3,R32,92,3,3,67,37,25,16,8,6,7,1,1,55,37,16,11,9,4,9
2021-786,Poznan,Clay,32,C,,20210726,7,CG04,,,Pedro Cachin,R,185,ARG,26.289,275,216,D985,,,Joao Domingues,R,,POR,27.806,240,281,6-3 6-1,3,R32,86,1,2,44,25,22,8,8,0,1,1,3,59,37,19,9,8,4,9
2021-786,Poznan,Clay,32,C,,20210726,8,E811,,,Elmar Ejupovic,R,193,GER,28.479,421,99,PH77,,,David Poljak,R,188,CZE,25.191,461,87,6-2 6-4,3,R32,84,3,0,53,39,27,9,9,4,5,3,3,53,33,19,11,9,2,6
2021-786,Poznan,Clay,32,C,,20210726,9,GH33,,,Manuel Guinard,R,198,FRA,25.695,265,236,O0C8,,,Aleksander Orlikowski,R,180,POL,17.771,1584,2,6-3 7-5,3,R32,78,1,2,52,32,21,12,10,5,8,1,4,71,41,23,11,11,3,9
2021-786,Poznan,Clay,32,C,,20210726,10,KC29,,,Nicolas Kicker,R,178,ARG,28.942,314,165,FC26,,,Evan Furness,R,173,FRA,22.951,299,180,6-2 7-5,3,R32,112,5,6,62,40,33,9,10,3,4,0,3,76,58,34,7,10,9,13
2021-786,Poznan,Clay,32,C,,20210726,11,L0BV,,,Jiri Lehecka,R,185,CZE,19.713,213,332,LC11,,,Tristan Lamasine,R,183,FRA,28.392,252,261,6-3 7-5,3,R32,101,5,5,69,39,31,15,11,4,5,3,2,60,31,21,14,10,5,8
2021-786,Poznan,Clay,32,C,,20210726,12,MJ01,,,Roberto Marcora,R,193,ITA,31.904,216,327,J620,,,Maxime Janvier,R,196,FRA,24.769,234,297,6-3 6-2,3,R32,82,1,1,53,35,24,14,9,2,2,3,2,64,40,26,8,8,5,8
2021-786,Poznan,Clay,32,C,,20210726,13,MJ98,,,Facundo Mena,R,183,ARG,28.841,258,251,D0C1,,,Jesper de Jong,R,180,NED,21.153,255,253,6-3 0-6 6-4,3,R32,110,2,1,66,38,24,16,12,1,5,3,1,76,48,30,15,13,3,7
2021-786,Poznan,Clay,32,C,,20210726,14,MJ71,,,Mats Moraing,L,198,GER,29.098,245,270,K839,,,Tobias Kamke,R,178,GER,35.181,244,272,6-4 6-2,3,R32,87,1,2,57,28,24,17,9,2,2,0,5,74,39,28,13,9,8,11
2021-786,Poznan,Clay,32,C,,20210726,15,S0H2,,,Alexander Shevchenko,R,188,KAZ,20.654,441,91,B0JG,,,Leo Borg,R,183,SWE,18.198,2118,1,7-5 6-2,3,R32,79,6,3,60,29,23,16,10,5,7,1,3,67,45,24,8,10,7,12
2021-786,Poznan,Clay,32,C,,20210726,16,Z246,,,Miljan Zekic,R,185,SRB,33.038,332,150,E698,,,Gastao Elias,R,180,POR,30.669,237,286,6-2 7-5,3,R32,128,1,4,65,37,26,9,10,4,8,0,6,79,46,26,9,10,8,15
2021-786,Poznan,Clay,32,C,,20210726,17,Z419,1,,Bernabe Zapata Miralles,R,183,ESP,24.534,121,672,MJ71,,,Mats Moraing,L,198,GER,29.098,245,270,4-6 7-5 6-3,3,R16,116,5,1,87,60,42,15,16,1,4,0,6,98,50,34,21,15,9,13
2021-786,Poznan,Clay,32,C,,20210726,18,V812,2,,Botic van de Zandschulp,R,191,NED,25.81,126,653,Z246,,,Miljan Zekic,R,185,SRB,33.038,332,150,6-4 6-1,3,R16,66,5,2,36,23,22,8,8,0,1,2,3,58,37,21,8,9,6,11
2021-786,Poznan,Clay,32,C,,20210726,19,KH56,5,,Zdenek Kolar,R,183,CZE,24.794,182,401,CG04,,,Pedro Cachin,R,185,ARG,26.289,275,216,6-4 4-6 7-5,3,R16,153,1,2,100,53,41,27,16,3,5,2,2,89,50,39,21,16,3,6
2021-786,Poznan,Clay,32,C,,20210726,20,PG20,7,,Dmitry Popko,R,191,KAZ,24.753,189,380,MJ01,,,Roberto Marcora,R,193,ITA,31.904,216,327,6-0 6-3,3,R16,89,5,1,65,35,25,17,8,6,6,1,3,56,35,21,7,7,4,8
2021-786,Poznan,Clay,32,C,,20210726,21,KC29,,,Nicolas Kicker,R,178,ARG,28.942,314,165,GH33,,,Manuel Guinard,R,198,FRA,25.695,265,236,6-2 6-4,3,R16,81,3,1,45,29,24,10,9,2,3,2,2,55,36,19,9,9,7,11
2021-786,Poznan,Clay,32,C,,20210726,22,L0BV,,,Jiri Lehecka,R,185,CZE,19.713,213,332,V832,,,Aleksandar Vukic,R,188,AUS,25.303,223,317,6-3 6-4,3,R16,86,1,1,62,42,31,13,10,2,2,4,1,70,38,28,13,9,7,9
2021-786,Poznan,Clay,32,C,,20210726,23,MP20,,,Alexandre Muller,R,183,FRA,24.479,202,353,MJ98,,,Facundo Mena,R,183,ARG,28.841,258,251,6-3 6-2,3,R16,75,3,1,57,36,23,13,9,1,3,3,4,47,26,15,7,8,3,8
2021-786,Poznan,Clay,32,C,,20210726,24,S0H2,,,Alexander Shevchenko,R,188,KAZ,20.654,441,91,E811,,,Elmar Ejupovic,R,193,GER,28.479,421,99,7-6(3) 3-6 7-6(3),3,R16,167,8,4,111,54,41,30,16,6,9,4,2,105,68,46,20,17,2,4
2021-786,Poznan,Clay,32,C,,20210726,25,Z419,1,,Bernabe Zapata Miralles,R,183,ESP,24.534,121,672,MP20,,,Alexandre Muller,R,183,FRA,24.479,202,353,6-2 7-6(8),3,QF,92,5,0,66,36,25,20,10,4,6,3,2,73,50,30,12,10,3,7
2021-786,Poznan,Clay,32,C,,20210726,26,L0BV,,,Jiri Lehecka,R,185,CZE,19.713,213,332,V812,2,,Botic van de Zandschulp,R,191,NED,25.81,126,653,7-5 6-3,3,QF,92,5,2,67,42,30,13,11,4,6,4,4,65,41,27,9,10,1,5
2021-786,Poznan,Clay,32,C,,20210726,27,S0H2,,,Alexander Shevchenko,R,188,KAZ,20.654,441,91,KH56,5,,Zdenek Kolar,R,183,CZE,24.794,182,401,6-4 6-1,3,QF,84,9,4,57,29,21,15,9,1,3,0,2,61,42,20,9,8,6,11
2021-786,Poznan,Clay,32,C,,20210726,28,PG20,7,,Dmitry Popko,R,191,KAZ,24.753,189,380,KC29,,,Nicolas Kicker,R,178,ARG,28.942,314,165,3-6 6-4 6-2,3,QF,158,3,8,95,59,42,14,13,5,8,1,2,94,67,40,13,14,4,9
2021-786,Poznan,Clay,32,C,,20210726,29,Z419,1,,Bernabe Zapata Miralles,R,183,ESP,24.534,121,672,PG20,7,,Dmitry Popko,R,191,KAZ,24.753,189,380,1-6 7-5 7-5,3,SF,155,1,4,102,61,37,16,16,8,15,2,4,100,50,30,22,15,3,9
2021-786,Poznan,Clay,32,C,,20210726,30,L0BV,,,Jiri Lehecka,R,185,CZE,19.713,213,332,S0H2,,,Alexander Shevchenko,R,188,KAZ,20.654,441,91,6-4 6-2,3,SF,73,4,3,61,37,30,11,9,4,5,1,3,51,26,16,11,9,1,5
2021-786,Poznan,Clay,32,C,,20210726,31,Z419,1,,Bernabe Zapata Miralles,R,183,ESP,24.534,121,672,L0BV,,,Jiri Lehecka,R,185,CZE,19.713,213,332,6-3 6-2,3,F,71,2,2,57,38,31,8,9,1,2,0,1,51,30,15,10,8,3,7
2021-9351,Trieste,Clay,32,C,,20210726,1,D923,1,,Damir Dzumhur,R,175,BIH,29.183,122,666,CC66,,,Andrea Collarini,L,183,ARG,29.484,210,344,6-0 7-5,3,R32,98,2,6,68,40,28,14,9,10,11,2,3,59,40,21,7,9,4,9
2021-9351,Trieste,Clay,32,C,,20210726,2,HA71,2,,Antoine Hoang,R,183,FRA,25.725,145,530,MW75,,,Felipe Meligeni Alves,R,185,BRA,23.431,208,347,6-7(5) 7-6(3) 6-1,3,R32,189,5,5,115,70,50,26,16,11,13,7,2,111,72,47,20,15,2,6
2021-9351,Trieste,Clay,32,C,,20210726,3,EA24,3,,Tomas Martin Etcheverry,R,196,ARG,22.023,166,454,U182,,,Camilo Ugo Carabelli,R,185,ARG,22.108,303,176,6-3 7-5,3,R32,109,1,1,67,40,26,16,11,3,6,0,1,66,42,25,9,10,6,11
2021-9351,Trieste,Clay,32,C,,20210726,4,G983,5,,Alessandro Giannessi,L,185,ITA,31.157,169,432,M0AC,,,Rudolf Molleker,R,188,GER,20.747,375,118,4-6 6-2 6-1,3,R32,109,7,2,68,48,34,11,12,2,4,11,7,90,47,32,15,13,2,8
2021-9351,Trieste,Clay,32,C,,20210726,5,LF26,,,Orlando Luz,R,180,BRA,23.461,312,167,TA29,6,,Marco Trungelliti,R,178,ARG,31.483,195,361,4-2 RET,3,R32,,1,2,34,22,14,6,3,8,8,2,2,22,16,12,1,3,1,2
2021-9351,Trieste,Clay,32,C,,20210726,6,MN13,7,,Maximilian Marterer,L,188,GER,26.114,197,360,N0BG,,,Luca Nardi,R,185,ITA,17.971,625,45,6-3 6-4,3,R32,74,4,0,53,32,29,10,10,3,4,1,4,61,41,26,8,9,4,7
2021-9351,Trieste,Clay,32,C,,20210726,7,GA79,,,Lorenzo Giustino,R,180,ITA,29.875,235,296,F586,8,,Thomas Fabbiano,R,173,ITA,32.167,215,329,6-3 6-4,3,R32,82,4,4,57,38,27,10,10,2,4,1,6,61,37,20,12,9,2,6
2021-9351,Trieste,Clay,32,C,,20210726,8,BI47,,,Riccardo Bonadio,R,180,ITA,28.036,274,219,SP80,,,Nino Serdarusic,R,191,CRO,24.616,293,191,6-3 6-3,3,R32,92,1,0,52,29,23,16,9,1,1,7,2,69,36,27,12,9,4,7
2021-9351,Trieste,Clay,32,C,,20210726,9,C0E9,,,Flavio Cobolli,R,183,ITA,19.222,331,150,V0B2,,,Michael Vrbensky,R,,CZE,21.582,286,198,7-6(6) 6-3,3,R32,114,7,5,82,42,31,19,11,5,7,4,0,77,29,15,28,10,5,8
2021-9351,Trieste,Clay,32,C,,20210726,10,H756,,,Robin Haase,R,191,NED,34.305,229,302,A622,,,Andrea Arnaboldi,L,180,ITA,33.58,289,192,7-6(3) 6-1,3,R32,82,10,2,63,36,30,17,10,2,2,5,0,61,34,21,14,9,6,8
2021-9351,Trieste,Clay,32,C,,20210726,11,KD70,,,Pedja Krstin,R,183,SRB,26.894,273,220,DC76,,,Viktor Durasovic,R,185,NOR,24.353,345,138,6-3 6-2,3,R32,74,5,3,68,48,36,10,9,4,4,5,4,41,26,19,7,8,0,3
2021-9351,Trieste,Clay,32,C,,20210726,12,LB51,,,Julian Lenz,R,188,GER,28.435,300,177,A0CJ,,,Duje Ajdukovic,R,188,CRO,20.468,266,234,5-7 6-3 6-3,3,R32,152,2,2,88,60,39,17,15,1,3,6,5,95,47,32,24,15,4,8
2021-9351,Trieste,Clay,32,C,,20210726,13,SS25,,,Vitaliy Sachko,R,188,UKR,24.033,271,224,MP83,,,Gian Marco Moroni,R,185,ITA,23.447,232,299,6-2 7-6(6),3,R32,117,5,3,80,52,34,14,10,10,12,6,8,71,42,28,10,10,1,5
2021-9351,Trieste,Clay,32,C,,20210726,14,S0GR,,,Timofey Skatov,R,173,KAZ,20.509,308,170,S0LA,,,Dominic Stricker,L,183,SUI,18.943,283,200,7-5 5-7 6-4,3,R32,145,0,3,94,67,46,16,17,1,4,16,1,112,66,53,17,17,4,8
2021-9351,Trieste,Clay,32,C,,20210726,15,T0A1,,,Thiago Agustin Tirante,R,185,ARG,20.293,328,154,PH64,,,Andrea Pellegrino,R,185,ITA,24.342,242,281,6-3 6-1,3,R32,75,1,2,50,31,25,8,8,4,5,1,3,48,31,17,5,8,3,8
2021-9351,Trieste,Clay,32,C,,20210726,16,Z0A1,,,Giulio Zeppieri,L,183,ITA,19.633,302,176,SL94,,,Pedro Sakamoto,R,178,BRA,28.074,325,157,3-6 6-3 6-3,3,R32,126,5,4,87,61,47,10,13,6,7,1,2,83,52,36,17,14,0,3
2021-9351,Trieste,Clay,32,C,,20210726,17,D923,1,,Damir Dzumhur,R,175,BIH,29.183,122,666,KD70,,,Pedja Krstin,R,183,SRB,26.894,273,220,6-3 6-1,3,R16,64,6,2,57,40,27,10,8,6,7,2,4,44,27,11,8,8,3,8
2021-9351,Trieste,Clay,32,C,,20210726,18,C0E9,,,Flavio Cobolli,R,183,ITA,19.222,331,150,HA71,2,,Antoine Hoang,R,183,FRA,25.725,145,530,6-2 6-1,3,R16,78,4,5,47,19,15,18,8,2,3,1,7,57,33,17,8,7,4,9
2021-9351,Trieste,Clay,32,C,,20210726,19,EA24,3,,Tomas Martin Etcheverry,R,196,ARG,22.023,166,454,H756,,,Robin Haase,R,191,NED,34.305,229,302,4-6 6-0 6-4,3,R16,123,4,2,84,55,37,12,13,3,7,3,1,70,41,24,12,13,4,11
2021-9351,Trieste,Clay,32,C,,20210726,20,SS25,,,Vitaliy Sachko,R,188,UKR,24.033,271,224,G983,5,,Alessandro Giannessi,L,185,ITA,31.157,169,432,6-7(8) 6-4 6-0,3,R16,178,2,5,134,74,46,30,14,17,20,2,5,98,59,38,15,14,7,14
2021-9351,Trieste,Clay,32,C,,20210726,21,MN13,7,,Maximilian Marterer,L,188,GER,26.114,197,360,Z0A1,,,Giulio Zeppieri,L,183,ITA,19.633,302,176,6-4 4-6 7-6(4),3,R16,169,3,2,109,64,42,26,16,8,12,2,5,118,73,49,18,16,7,11
2021-9351,Trieste,Clay,32,C,,20210726,22,LF26,,,Orlando Luz,R,180,BRA,23.461,312,167,LB51,,,Julian Lenz,R,188,GER,28.435,300,177,7-5 6-0,3,R16,80,1,2,46,28,23,10,9,0,1,3,3,63,44,24,7,9,2,7
2021-9351,Trieste,Clay,32,C,,20210726,23,S0GR,,,Timofey Skatov,R,173,KAZ,20.509,308,170,GA79,,,Lorenzo Giustino,R,180,ITA,29.875,235,296,1-6 6-2 6-1,3,R16,129,0,0,67,56,33,6,11,2,6,2,6,79,45,23,15,11,9,15
2021-9351,Trieste,Clay,32,C,,20210726,24,T0A1,,,Thiago Agustin Tirante,R,185,ARG,20.293,328,154,BI47,,,Riccardo Bonadio,R,180,ITA,28.036,274,219,6-4 6-2,3,R16,81,1,1,45,28,24,12,9,0,0,1,2,56,28,18,14,9,5,8
2021-9351,Trieste,Clay,32,C,,20210726,25,D923,1,,Damir Dzumhur,R,175,BIH,29.183,122,666,MN13,7,,Maximilian Marterer,L,188,GER,26.114,197,360,6-4 6-4,3,QF,102,1,3,73,49,32,14,10,10,11,0,3,72,47,29,12,10,1,4
2021-9351,Trieste,Clay,32,C,,20210726,26,EA24,3,,Tomas Martin Etcheverry,R,196,ARG,22.023,166,454,SS25,,,Vitaliy Sachko,R,188,UKR,24.033,271,224,6-4 6-4,3,QF,111,3,1,55,40,28,9,10,2,4,0,3,82,49,28,15,10,7,11
2021-9351,Trieste,Clay,32,C,,20210726,27,S0GR,,,Timofey Skatov,R,173,KAZ,20.509,308,170,C0E9,,,Flavio Cobolli,R,183,ITA,19.222,331,150,6-7(5) 6-1 7-6(6),3,QF,166,0,2,102,75,51,12,16,1,5,6,10,122,56,34,30,15,12,18
2021-9351,Trieste,Clay,32,C,,20210726,28,T0A1,,,Thiago Agustin Tirante,R,185,ARG,20.293,328,154,LF26,,,Orlando Luz,R,180,BRA,23.461,312,167,7-5 6-4,3,QF,107,4,1,64,41,29,12,11,1,3,4,6,77,46,35,8,11,10,14
2021-9351,Trieste,Clay,32,C,,20210726,29,T0A1,,,Thiago Agustin Tirante,R,185,ARG,20.293,328,154,D923,1,,Damir Dzumhur,R,175,BIH,29.183,122,666,6-3 6-3,3,SF,75,2,2,50,36,29,8,9,0,0,1,1,60,47,26,7,9,3,6
2021-9351,Trieste,Clay,32,C,,20210726,30,EA24,3,,Tomas Martin Etcheverry,R,196,ARG,22.023,166,454,S0GR,,,Timofey Skatov,R,173,KAZ,20.509,308,170,7-5 7-5,3,SF,126,6,1,62,47,37,7,12,1,3,1,2,87,66,38,11,12,9,13
2021-9351,Trieste,Clay,32,C,,20210726,31,EA24,3,,Tomas Martin Etcheverry,R,196,ARG,22.023,166,454,T0A1,,,Thiago Agustin Tirante,R,185,ARG,20.293,328,154,6-1 6-1,3,F,73,2,0,35,29,23,6,7,0,0,2,1,59,44,18,7,7,8,13
2021-2120,Cordenons,Clay,32,C,,20210808,1,TA12,1,,Stefano Travaglia,R,185,ITA,29.613,98,811,K09F,,,Pavel Kotov,R,191,RUS,22.721,275,217,6-1 6-2,3,R32,65,0,0,46,25,20,12,8,0,1,0,1,41,31,10,6,7,1,6
2021-2120,Cordenons,Clay,32,C,,20210808,2,MP83,,,Gian Marco Moroni,R,185,ITA,23.483,232,299,SD32,2,,Gilles Simon,R,183,FRA,36.613,102,779,7-6(4) 6-4,3,R32,163,2,5,82,50,32,18,11,5,7,0,1,80,69,41,4,11,5,8
2021-2120,Cordenons,Clay,32,C,,20210808,3,C0AU,3,,Francisco Cerundolo,R,185,ARG,22.987,119,690,G892,,,Alejandro Gonzalez,R,191,COL,32.498,461,86,6-4 6-2,3,R32,86,6,2,61,36,26,12,9,4,6,0,0,55,36,20,7,9,0,5
2021-2120,Cordenons,Clay,32,C,,20210808,4,V836,4,,Juan Pablo Varillas,R,185,PER,25.84,127,655,TE30,,,Alejandro Tabilo,L,188,CHI,24.183,164,462,6-4 6-4,3,R32,84,10,2,49,27,25,15,10,0,0,4,9,62,32,26,12,10,1,3
2021-2120,Cordenons,Clay,32,C,,20210808,5,U182,,,Camilo Ugo Carabelli,R,185,ARG,22.144,304,176,DA31,5,,Hugo Dellien,R,180,BOL,28.145,139,555,7-6(4) 6-0,3,R32,94,1,0,66,42,29,15,9,2,3,1,0,52,42,23,5,9,1,5
2021-2120,Cordenons,Clay,32,C,,20210808,6,CC66,,,Andrea Collarini,L,183,ARG,29.52,209,344,HA71,6,,Antoine Hoang,R,183,FRA,25.76,144,530,6-4 7-5,3,R32,136,2,1,83,59,38,14,11,9,11,1,1,68,48,30,11,11,4,8
2021-2120,Cordenons,Clay,32,C,,20210808,7,BI47,,,Riccardo Bonadio,R,180,ITA,28.071,271,223,C0C8,7,,Juan Manuel Cerundolo,L,183,ARG,19.729,145,527,6-0 3-6 6-2,3,R32,116,1,2,84,50,33,19,12,7,9,1,0,71,54,28,10,11,3,8
2021-2120,Cordenons,Clay,32,C,,20210808,8,GB53,8,,Federico Gaio,R,178,ITA,29.426,147,524,MW75,,,Felipe Meligeni Alves,R,185,BRA,23.466,207,346,6-3 3-6 6-3,3,R32,132,4,6,104,55,40,24,14,9,11,4,0,69,51,36,11,13,3,6
2021-2120,Cordenons,Clay,32,C,,20210808,9,BS86,,,Tomas Barrios Vera,R,191,CHI,23.661,197,362,MN70,,,Joao Menezes,R,185,BRA,24.641,236,295,3-6 6-4 6-1,3,R32,129,1,1,76,42,25,21,13,4,8,4,5,78,55,33,9,13,3,9
2021-2120,Cordenons,Clay,32,C,,20210808,10,EA24,,,Tomas Martin Etcheverry,R,196,ARG,22.059,148,524,O376,,,Renzo Olivo,R,178,ARG,29.399,216,329,5-7 7-6(3) 7-5,3,R32,211,2,2,108,73,53,15,18,4,9,5,4,117,86,55,13,18,7,12
2021-2120,Cordenons,Clay,32,C,,20210808,11,F0A4,,,Francesco Forti,R,188,ITA,22.037,370,123,N0BG,,,Luca Nardi,R,185,ITA,18.007,591,51,6-0 6-3,3,R32,67,2,0,55,33,24,13,8,4,4,1,2,38,22,11,7,7,1,5
2021-2120,Cordenons,Clay,32,C,,20210808,12,GA79,,,Lorenzo Giustino,R,180,ITA,29.911,234,296,BM03,,,Filippo Baldi,R,180,ITA,25.577,314,166,6-7(2) 6-4 6-2,3,R32,182,1,6,105,63,40,22,15,2,6,0,4,93,67,36,13,15,4,11
2021-2120,Cordenons,Clay,32,C,,20210808,13,HH06,,,Marc-Andrea Huesler,L,196,SUI,25.123,175,416,MJ01,,,Roberto Marcora,R,193,ITA,31.94,217,327,6-4 6-4,3,R32,100,4,3,62,30,22,18,10,4,5,1,0,56,32,22,11,10,3,6
2021-2120,Cordenons,Clay,32,C,,20210808,14,KH56,,,Zdenek Kolar,R,183,CZE,24.83,178,411,L503,,,Paolo Lorenzi,R,183,ITA,39.647,180,406,6-2 6-0,3,R32,64,4,2,39,27,21,9,7,0,0,1,0,50,35,17,5,7,4,9
2021-2120,Cordenons,Clay,32,C,,20210808,15,T0A1,,,Thiago Agustin Tirante,R,185,ARG,20.329,283,205,HB64,,,Quentin Halys,R,191,FRA,24.783,185,394,6-4 7-6(5),3,R32,108,0,0,71,50,34,17,11,4,5,3,2,83,46,30,19,11,6,8
2021-2120,Cordenons,Clay,32,C,,20210808,16,Z0A1,,,Giulio Zeppieri,L,183,ITA,19.669,305,174,PH64,,,Andrea Pellegrino,R,185,ITA,24.378,241,281,5-7 7-6(2) 7-6(3),3,R32,179,6,2,121,74,50,30,18,10,13,5,1,108,80,56,20,18,7,9
2021-2120,Cordenons,Clay,32,C,,20210808,17,TA12,1,,Stefano Travaglia,R,185,ITA,29.613,98,811,T0A1,,,Thiago Agustin Tirante,R,185,ARG,20.329,283,205,6-7(7) 6-3 6-4,3,R16,168,7,6,93,52,37,23,16,0,3,1,1,99,71,44,14,15,4,9
2021-2120,Cordenons,Clay,32,C,,20210808,18,C0AU,3,,Francisco Cerundolo,R,185,ARG,22.987,119,690,GA79,,,Lorenzo Giustino,R,180,ITA,29.911,234,296,6-3 6-3,3,R16,89,2,1,52,36,27,9,9,2,3,0,7,64,41,27,6,9,3,7
2021-2120,Cordenons,Clay,32,C,,20210808,19,V836,4,,Juan Pablo Varillas,R,185,PER,25.84,127,655,KH56,,,Zdenek Kolar,R,183,CZE,24.83,178,411,6-3 6-7(5) 7-6(2),3,R16,233,6,3,129,76,51,22,16,6,11,9,4,135,75,47,23,17,13,20
2021-2120,Cordenons,Clay,32,C,,20210808,20,EA24,,,Tomas Martin Etcheverry,R,196,ARG,22.059,148,524,GB53,8,,Federico Gaio,R,178,ITA,29.426,147,524,6-4 6-3,3,R16,85,4,0,49,37,33,7,10,0,0,1,2,54,29,22,14,9,5,7
2021-2120,Cordenons,Clay,32,C,,20210808,21,BS86,,,Tomas Barrios Vera,R,191,CHI,23.661,197,362,MP83,,,Gian Marco Moroni,R,185,ITA,23.483,232,299,6-4 7-6(5),3,R16,114,1,2,68,41,25,13,11,1,5,1,1,68,41,22,12,11,3,8
2021-2120,Cordenons,Clay,32,C,,20210808,22,CC66,,,Andrea Collarini,L,183,ARG,29.52,209,344,F0A4,,,Francesco Forti,R,188,ITA,22.037,370,123,6-1 6-3,3,R16,75,1,3,48,34,27,6,8,2,3,3,1,41,25,11,8,8,4,9
2021-2120,Cordenons,Clay,32,C,,20210808,23,HH06,,,Marc-Andrea Huesler,L,196,SUI,25.123,175,416,U182,,,Camilo Ugo Carabelli,R,185,ARG,22.144,304,176,6-4 6-3,3,R16,76,3,3,49,25,24,14,10,1,2,1,0,52,34,24,8,9,1,4
2021-2120,Cordenons,Clay,32,C,,20210808,24,Z0A1,,,Giulio Zeppieri,L,183,ITA,19.669,305,174,BI47,,,Riccardo Bonadio,R,180,ITA,28.071,271,223,6-3 6-2,3,R16,77,3,2,59,36,31,10,9,2,2,0,3,46,28,16,9,8,0,3
2021-2120,Cordenons,Clay,32,C,,20210808,25,CC66,,,Andrea Collarini,L,183,ARG,29.52,209,344,TA12,1,,Stefano Travaglia,R,185,ITA,29.613,98,811,6-1 6-2,3,QF,64,3,1,40,24,22,12,8,0,0,1,1,40,22,13,7,7,3,7
2021-2120,Cordenons,Clay,32,C,,20210808,26,C0AU,3,,Francisco Cerundolo,R,185,ARG,22.987,119,690,Z0A1,,,Giulio Zeppieri,L,183,ITA,19.669,305,174,6-1 4-6 6-3,3,QF,122,3,0,77,56,33,16,13,2,5,2,7,99,57,37,15,13,12,18
2021-2120,Cordenons,Clay,32,C,,20210808,27,EA24,,,Tomas Martin Etcheverry,R,196,ARG,22.059,148,524,V836,4,,Juan Pablo Varillas,R,185,PER,25.84,127,655,6-2 2-6 7-5,3,QF,163,3,2,89,62,39,13,14,6,10,3,2,82,45,29,17,14,3,8
2021-2120,Cordenons,Clay,32,C,,20210808,28,HH06,,,Marc-Andrea Huesler,L,196,SUI,25.123,175,416,BS86,,,Tomas Barrios Vera,R,191,CHI,23.661,197,362,6-1 6-7(0) 6-4,3,QF,133,8,3,81,45,36,20,14,4,5,1,1,92,56,34,21,15,4,9
2021-2120,Cordenons,Clay,32,C,,20210808,29,C0AU,3,,Francisco Cerundolo,R,185,ARG,22.987,119,690,CC66,,,Andrea Collarini,L,183,ARG,29.52,209,344,6-2 3-6 6-1,3,SF,139,1,1,78,44,29,21,12,3,4,2,2,76,40,25,18,12,5,9
2021-2120,Cordenons,Clay,32,C,,20210808,30,EA24,,,Tomas Martin Etcheverry,R,196,ARG,22.059,148,524,HH06,,,Marc-Andrea Huesler,L,196,SUI,25.123,175,416,6-3 1-6 6-3,3,SF,132,3,1,71,49,38,11,13,2,4,4,6,87,54,39,15,12,6,8
2021-2120,Cordenons,Clay,32,C,,20210808,31,C0AU,3,,Francisco Cerundolo,R,185,ARG,22.987,119,690,EA24,,,Tomas Martin Etcheverry,R,196,ARG,22.059,148,524,6-1 6-2,3,F,93,4,1,60,36,27,14,8,6,6,2,2,57,38,19,10,7,7,11
2021-6795,Liberec,Clay,32,C,,20210808,1,GH92,,,Borna Gojo,R,196,CRO,23.444,235,295,GJ37,2,,Tallon Griekspoor,R,188,NED,25.101,109,760,6-4 6-3,3,R32,73,8,2,65,48,39,8,10,5,5,4,1,58,46,30,5,9,3,5
2021-6795,Liberec,Clay,32,C,,20210808,2,MQ75,3,,Kamil Majchrzak,R,183,POL,25.569,116,720,PG20,,,Dmitry Popko,R,191,KAZ,24.789,183,402,6-2 6-3,3,R32,80,5,3,56,24,21,19,9,3,3,3,0,46,24,18,9,8,4,7
2021-6795,Liberec,Clay,32,C,,20210808,3,MI43,,,Gerald Melzer,L,188,AUT,31.072,1150,7,MF35,4,,Andrej Martin,R,183,SVK,31.882,117,701,6-3 5-7 6-4,3,R32,150,2,3,93,47,35,28,16,5,8,8,5,91,52,37,18,15,4,8
2021-6795,Liberec,Clay,32,C,,20210808,4,V812,5,,Botic van de Zandschulp,R,191,NED,25.845,126,660,SS25,,,Vitaliy Sachko,R,188,UKR,24.068,265,237,6-3 7-5,3,R32,74,3,2,67,34,24,21,11,1,2,1,4,64,39,29,8,10,1,4
2021-6795,Liberec,Clay,32,C,,20210808,5,PG94,6,,Marc Polmans,R,188,AUS,24.268,149,521,V0B2,,,Michael Vrbensky,R,,CZE,21.618,288,198,6-7(5) 6-2 7-5,3,R32,184,6,5,108,73,55,17,16,11,13,5,8,126,59,39,34,16,10,15
2021-6795,Liberec,Clay,32,C,,20210808,6,M0FH,7,,Tomas Machac,R,183,CZE,20.819,150,511,CG94,,,Enzo Couacaud,R,183,FRA,26.439,186,389,3-6 6-3 6-3,3,R32,96,3,2,79,47,32,18,13,5,8,7,7,78,38,29,15,14,2,7
2021-6795,Liberec,Clay,32,C,,20210808,7,MV14,8,,Alex Molcan,L,178,SVK,23.685,153,504,H756,,,Robin Haase,R,191,NED,34.341,226,305,6-1 6-4,3,R32,63,2,1,54,31,25,16,9,3,3,2,2,60,34,23,12,8,5,8
2021-6795,Liberec,Clay,32,C,,20210808,8,FC26,,,Evan Furness,R,173,FRA,22.987,302,180,V942,,,Tim van Rijthoven,R,188,NED,24.29,260,244,3-6 6-4 6-2,3,R32,93,0,2,82,52,37,18,14,0,2,5,4,79,48,33,14,13,2,5
2021-6795,Liberec,Clay,32,C,,20210808,9,HA28,,,Filip Horansky,R,191,SVK,28.583,203,356,V832,,,Aleksandar Vukic,R,188,AUS,25.339,220,319,6-2 7-5,3,R32,80,5,2,56,37,29,10,10,1,2,3,1,68,33,21,16,10,4,8
2021-6795,Liberec,Clay,32,C,,20210808,10,J267,,,Malek Jaziri,R,185,TUN,37.55,285,200,V758,,,David Vega Hernandez,R,188,ESP,27.127,1995,1,6-1 6-2,3,R32,57,3,2,40,17,13,14,7,0,1,2,4,56,31,15,10,8,4,10
2021-6795,Liberec,Clay,32,C,,20210808,11,KI63,,,Lukas Klein,R,193,SVK,23.381,253,256,J620,,,Maxime Janvier,R,196,FRA,24.805,237,291,6-3 6-4,3,R32,80,2,2,56,32,26,13,10,1,2,3,3,61,37,25,9,9,5,8
2021-6795,Liberec,Clay,32,C,,20210808,12,MN13,,,Maximilian Marterer,L,188,GER,26.149,211,340,N897,,,Sumit Nagal,R,178,IND,23.978,159,471,6-4 6-3,3,R32,90,3,2,63,35,25,16,10,4,6,3,6,62,39,26,8,9,4,8
2021-6795,Liberec,Clay,32,C,,20210808,13,MM66,,,Nikola Milojevic,R,188,SRB,26.138,161,466,S0LT,,,Daniel Siniakov,R,183,CZE,18.563,1717,2,7-5 6-0,3,R32,88,3,4,61,30,23,15,9,5,7,0,4,54,42,23,3,9,2,8
2021-6795,Liberec,Clay,32,C,,20210808,14,RC04,,,Alexander Ritschard,R,193,SUI,27.376,312,167,L0BV,,,Jiri Lehecka,R,185,CZE,19.748,188,384,6-4 3-6 6-1,3,R32,115,4,6,80,38,25,24,13,4,7,3,3,83,49,26,21,13,8,13
2021-6795,Liberec,Clay,32,C,,20210808,15,SK47,,,Mohamed Safwat,R,180,EGY,30.886,176,415,FA43,,,Juan Pablo Ficovich,R,188,ARG,24.537,238,287,6-4 6-4,3,R32,85,5,4,67,34,26,18,10,4,5,0,2,58,44,29,5,10,2,5
2021-6795,Liberec,Clay,32,C,,20210808,16,S0GD,,,Dalibor Svrcina,R,178,CZE,18.85,441,91,F0BT,,,Jonas Forejtek,R,183,CZE,20.413,319,162,7-6(4) 6-2,3,R32,92,5,7,83,45,29,21,10,5,8,2,4,62,34,20,11,10,1,6
2021-6795,Liberec,Clay,32,C,,20210808,17,MQ75,3,,Kamil Majchrzak,R,183,POL,25.569,116,720,SK47,,,Mohamed Safwat,R,180,EGY,30.886,176,415,6-2 6-2,3,R16,63,2,2,39,19,18,12,8,1,2,1,0,52,29,16,9,8,2,7
2021-6795,Liberec,Clay,32,C,,20210808,18,V812,5,,Botic van de Zandschulp,R,191,NED,25.845,126,660,KI63,,,Lukas Klein,R,193,SVK,23.381,253,256,6-4 3-6 7-5,3,R16,149,3,12,92,46,37,21,15,5,8,4,8,120,66,46,26,16,15,19
2021-6795,Liberec,Clay,32,C,,20210808,19,PG94,6,,Marc Polmans,R,188,AUS,24.268,149,521,MN13,,,Maximilian Marterer,L,188,GER,26.149,211,340,6-4 6-4,3,R16,93,2,2,66,44,36,11,10,7,7,5,2,67,42,29,13,10,6,8
2021-6795,Liberec,Clay,32,C,,20210808,20,M0FH,7,,Tomas Machac,R,183,CZE,20.819,150,511,MM66,,,Nikola Milojevic,R,188,SRB,26.138,161,466,6-2 7-6(7),3,R16,120,1,1,83,45,28,19,10,7,9,3,6,67,41,26,11,10,4,8
2021-6795,Liberec,Clay,32,C,,20210808,21,MV14,8,,Alex Molcan,L,178,SVK,23.685,153,504,S0GD,,,Dalibor Svrcina,R,178,CZE,18.85,441,91,6-2 6-1,3,R16,54,1,1,38,24,16,9,8,1,4,0,2,47,27,10,3,7,5,12
2021-6795,Liberec,Clay,32,C,,20210808,22,J267,,,Malek Jaziri,R,185,TUN,37.55,285,200,HA28,,,Filip Horansky,R,191,SVK,28.583,203,356,6-4 6-3,3,R16,88,1,0,59,21,14,19,10,1,5,0,4,64,30,17,10,9,3,9
2021-6795,Liberec,Clay,32,C,,20210808,23,MI43,,,Gerald Melzer,L,188,AUT,31.072,1150,7,FC26,,,Evan Furness,R,173,FRA,22.987,302,180,6-4 6-2,3,R16,87,2,1,58,33,25,15,9,3,3,2,0,53,37,24,6,9,5,8
2021-6795,Liberec,Clay,32,C,,20210808,24,RC04,,,Alexander Ritschard,R,193,SUI,27.376,312,167,GH92,,,Borna Gojo,R,196,CRO,23.444,235,295,5-7 7-5 6-3,3,R16,151,1,4,93,55,36,24,16,5,9,11,4,120,73,44,23,17,12,18
2021-6795,Liberec,Clay,32,C,,20210808,25,MV14,8,,Alex Molcan,L,178,SVK,23.685,153,504,MQ75,3,,Kamil Majchrzak,R,183,POL,25.569,116,720,7-6(3) 6-3,3,QF,100,4,4,87,52,36,13,11,5,9,7,1,70,39,23,13,10,7,12
2021-6795,Liberec,Clay,32,C,,20210808,26,V812,5,,Botic van de Zandschulp,R,191,NED,25.845,126,660,RC04,,,Alexander Ritschard,R,193,SUI,27.376,312,167,6-2 6-3,3,QF,60,2,4,42,26,24,8,8,0,0,4,4,54,28,20,9,9,2,6
2021-6795,Liberec,Clay,32,C,,20210808,27,J267,,,Malek Jaziri,R,185,TUN,37.55,285,200,PG94,6,,Marc Polmans,R,188,AUS,24.268,149,521,6-2 6-4,3,QF,85,5,2,64,28,21,22,9,5,6,1,5,48,28,18,8,9,1,5
2021-6795,Liberec,Clay,32,C,,20210808,28,M0FH,7,,Tomas Machac,R,183,CZE,20.819,150,511,MI43,,,Gerald Melzer,L,188,AUT,31.072,1150,7,7-6(8) 6-4,3,QF,113,2,2,76,41,32,22,11,1,2,3,1,66,39,25,19,11,5,7
2021-6795,Liberec,Clay,32,C,,20210808,29,M0FH,7,,Tomas Machac,R,183,CZE,20.819,150,511,V812,5,,Botic van de Zandschulp,R,191,NED,25.845,126,660,6-2 6-2,3,SF,76,2,5,66,36,28,14,8,4,4,1,2,47,22,13,11,8,4,8
2021-6795,Liberec,Clay,32,C,,20210808,30,MV14,8,,Alex Molcan,L,178,SVK,23.685,153,504,J267,,,Malek Jaziri,R,185,TUN,37.55,285,200,6-1 6-0,3,SF,48,3,1,34,25,23,5,7,0,0,2,3,45,21,9,8,6,5,10
2021-6795,Liberec,Clay,32,C,,20210808,31,MV14,8,,Alex Molcan,L,178,SVK,23.685,153,504,M0FH,7,,Tomas Machac,R,183,CZE,20.819,150,511,6-0 6-1,3,F,56,3,0,44,27,20,12,7,3,3,2,0,44,30,12,6,6,5,10
2021-6809,Meerbusch,Clay,32,C,,20210815,1,AE14,1,,Daniel Altmaier,R,188,GER,22.924,124,678,TE30,,,Alejandro Tabilo,L,188,CHI,24.203,164,462,6-0 7-5,3,R32,71,3,0,45,23,19,14,9,2,3,3,3,56,34,21,8,9,5,10
2021-6809,Meerbusch,Clay,32,C,,20210815,2,D923,2,,Damir Dzumhur,R,175,BIH,29.238,123,678,BE54,,,Ruben Bemelmans,L,183,BEL,33.585,224,309,6-3 6-3,3,R32,70,1,1,53,34,24,12,9,1,2,0,3,54,35,22,7,9,3,7
2021-6809,Meerbusch,Clay,32,C,,20210815,3,V812,3,,Botic van de Zandschulp,R,191,NED,25.864,121,679,CF88,,,Roberto Cid Subervi,R,193,DOM,27.959,249,268,3-6 6-4 7-6(4),3,R32,163,3,5,95,58,38,14,15,5,12,2,2,110,73,43,14,16,4,11
2021-6809,Meerbusch,Clay,32,C,,20210815,4,O449,4,,Oscar Otte,R,193,GER,28.082,143,546,RH62,,,Mats Rosenkranz,L,193,GER,22.979,533,67,6-4 6-4,3,R32,75,6,2,50,38,35,7,10,0,0,2,2,70,48,32,10,10,4,6
2021-6809,Meerbusch,Clay,32,C,,20210815,5,C0C8,5,,Juan Manuel Cerundolo,L,183,ARG,19.748,148,527,CG33,,,Kimmer Coppejans,R,178,BEL,27.518,211,339,2-6 6-2 6-2,3,R32,97,1,0,69,58,35,7,12,1,4,1,4,68,41,23,13,12,3,8
2021-6809,Meerbusch,Clay,32,C,,20210815,6,MJ71,,,Mats Moraing,L,198,GER,29.153,246,276,M0FH,6,,Tomas Machac,R,183,CZE,20.838,141,556,7-6(0) 6-3,3,R32,86,4,3,68,33,27,19,10,2,3,6,2,69,46,28,10,11,3,6
2021-6809,Meerbusch,Clay,32,C,,20210815,7,BS86,,,Tomas Barrios Vera,R,191,CHI,23.68,193,370,N897,8,,Sumit Nagal,R,178,IND,23.997,159,471,7-5 4-6 6-3,3,R32,159,5,5,134,79,52,22,16,9,14,2,7,96,70,41,14,15,11,17
2021-6809,Meerbusch,Clay,32,C,,20210815,8,A0CJ,,,Duje Ajdukovic,R,188,CRO,20.523,265,234,M0HU,,,Shintaro Mochizuki,R,175,JPN,18.204,464,84,6-3 6-7(3) 7-5,3,R32,152,7,4,120,67,49,17,17,6,12,0,6,99,54,32,21,16,5,13
2021-6809,Meerbusch,Clay,32,C,,20210815,9,H756,,,Robin Haase,R,191,NED,34.36,226,305,D0C1,,,Jesper de Jong,R,180,NED,21.207,254,251,6-3 6-7(5) 6-4,3,R32,152,5,5,95,56,42,16,15,5,8,6,6,112,60,38,22,16,10,16
2021-6809,Meerbusch,Clay,32,C,,20210815,10,HA28,,,Filip Horansky,R,191,SVK,28.602,205,356,CC66,,,Andrea Collarini,L,183,ARG,29.539,194,366,6-4 6-2,3,R32,100,4,1,71,51,34,7,9,3,5,4,2,66,38,20,11,9,1,6
2021-6809,Meerbusch,Clay,32,C,,20210815,11,KC29,,,Nicolas Kicker,R,178,ARG,28.997,298,184,FA43,,,Juan Pablo Ficovich,R,188,ARG,24.556,237,287,6-4 6-3,3,R32,104,0,0,58,36,28,12,9,0,0,6,4,74,49,31,10,10,5,8
2021-6809,Meerbusch,Clay,32,C,,20210815,12,KI63,,,Lukas Klein,R,193,SVK,23.4,252,258,K839,,,Tobias Kamke,R,178,GER,35.236,248,269,6-1 6-2,3,R32,69,6,3,70,47,32,13,8,7,7,0,5,42,27,14,6,7,1,5
2021-6809,Meerbusch,Clay,32,C,,20210815,13,KI82,,,Vit Kopriva,R,178,CZE,24.167,201,358,F840,,,Nerman Fatic,R,191,BIH,26.809,331,152,7-5 6-2,3,R32,98,1,1,61,40,26,12,10,3,5,1,4,70,42,26,8,10,9,14
2021-6809,Meerbusch,Clay,32,C,,20210815,14,KI74,,,Nicola Kuhn,R,185,GER,21.405,274,216,H0A4,,,Nick Hardt,R,185,DOM,20.901,364,126,6-4 6-3,3,R32,115,7,4,76,42,30,15,10,5,7,0,4,60,42,26,7,9,9,13
2021-6809,Meerbusch,Clay,32,C,,20210815,15,LB66,,,Constant Lestienne,R,180,FRA,29.229,245,277,SX50,,,Roman Safiullin,R,185,RUS,24.022,162,464,6-4 6-7(3) 6-4,3,R32,155,8,2,115,68,48,23,16,10,13,4,2,108,66,40,21,16,6,11
2021-6809,Meerbusch,Clay,32,C,,20210815,16,MN13,,,Maximilian Marterer,L,188,GER,26.168,210,340,M0AC,,,Rudolf Molleker,R,188,GER,20.802,372,120,3-6 6-3 6-2,3,R32,100,7,1,79,46,34,18,13,2,4,3,3,78,52,33,12,13,4,8
2021-6809,Meerbusch,Clay,32,C,,20210815,17,AE14,1,,Daniel Altmaier,R,188,GER,22.924,124,678,KI82,,,Vit Kopriva,R,178,CZE,24.167,201,358,7-6(3) 3-6 6-3,3,R16,153,9,1,107,71,45,19,15,6,10,3,1,93,47,31,26,15,4,8
2021-6809,Meerbusch,Clay,32,C,,20210815,18,HA28,,,Filip Horansky,R,191,SVK,28.602,205,356,D923,2,,Damir Dzumhur,R,175,BIH,29.238,123,678,7-6(4) 2-6 6-2,3,R16,129,3,3,104,77,50,11,14,7,11,0,0,89,67,44,10,14,4,8
2021-6809,Meerbusch,Clay,32,C,,20210815,19,V812,3,,Botic van de Zandschulp,R,191,NED,25.864,121,679,LB66,,,Constant Lestienne,R,180,FRA,29.229,245,277,6-4 3-6 6-4,3,R16,114,6,0,75,41,29,15,14,5,10,3,8,100,60,35,17,15,8,14
2021-6809,Meerbusch,Clay,32,C,,20210815,20,H756,,,Robin Haase,R,191,NED,34.36,226,305,O449,4,,Oscar Otte,R,193,GER,28.082,143,546,3-6 7-5 6-3,3,R16,115,3,3,87,61,42,13,15,2,5,9,4,98,52,38,20,15,5,9
2021-6809,Meerbusch,Clay,32,C,,20210815,21,C0C8,5,,Juan Manuel Cerundolo,L,183,ARG,19.748,148,527,MN13,,,Maximilian Marterer,L,188,GER,26.168,210,340,6-4 7-6(3),3,R16,114,0,1,80,62,41,12,11,6,7,2,0,86,56,37,13,11,12,14
2021-6809,Meerbusch,Clay,32,C,,20210815,22,BS86,,,Tomas Barrios Vera,R,191,CHI,23.68,193,370,KI74,,,Nicola Kuhn,R,185,GER,21.405,274,216,W/O,3,R16,,,,,,,,,,,,,,,,,,,
2021-6809,Meerbusch,Clay,32,C,,20210815,23,KI63,,,Lukas Klein,R,193,SVK,23.4,252,258,A0CJ,,,Duje Ajdukovic,R,188,CRO,20.523,265,234,6-4 4-6 6-4,3,R16,116,6,3,81,52,36,14,15,3,7,3,4,90,56,41,12,15,4,9
2021-6809,Meerbusch,Clay,32,C,,20210815,24,MJ71,,,Mats Moraing,L,198,GER,29.153,246,276,KC29,,,Nicolas Kicker,R,178,ARG,28.997,298,184,6-4 6-2,3,R16,81,2,1,56,25,21,17,9,1,2,1,1,53,32,20,8,9,0,4
2021-6809,Meerbusch,Clay,32,C,,20210815,25,BS86,,,Tomas Barrios Vera,R,191,CHI,23.68,193,370,AE14,1,,Daniel Altmaier,R,188,GER,22.924,124,678,6-4 1-6 7-6(4),3,QF,129,2,1,83,55,41,14,14,3,6,11,2,104,66,49,17,15,7,9
2021-6809,Meerbusch,Clay,32,C,,20210815,26,V812,3,,Botic van de Zandschulp,R,191,NED,25.864,121,679,KI63,,,Lukas Klein,R,193,SVK,23.4,252,258,6-4 3-6 6-4,3,QF,113,3,2,87,55,38,20,14,1,3,2,5,84,47,37,17,15,3,6
2021-6809,Meerbusch,Clay,32,C,,20210815,27,C0C8,5,,Juan Manuel Cerundolo,L,183,ARG,19.748,148,527,HA28,,,Filip Horansky,R,191,SVK,28.602,205,356,3-6 6-1 7-5,3,QF,113,0,3,90,68,42,10,14,7,11,2,3,82,55,33,12,14,4,10
2021-6809,Meerbusch,Clay,32,C,,20210815,28,H756,,,Robin Haase,R,191,NED,34.36,226,305,MJ71,,,Mats Moraing,L,198,GER,29.153,246,276,4-6 6-3 6-3,3,QF,113,10,2,88,59,40,15,14,10,13,8,5,104,65,40,16,14,13,18
2021-6809,Meerbusch,Clay,32,C,,20210815,29,C0C8,5,,Juan Manuel Cerundolo,L,183,ARG,19.748,148,527,V812,3,,Botic van de Zandschulp,R,191,NED,25.864,121,679,7-5 6-4,3,SF,91,1,3,71,49,25,12,11,3,8,1,2,66,39,24,6,11,8,15
2021-6809,Meerbusch,Clay,32,C,,20210815,30,BS86,,,Tomas Barrios Vera,R,191,CHI,23.68,193,370,H756,,,Robin Haase,R,191,NED,34.36,226,305,6-3 4-6 6-2,3,SF,112,4,2,87,49,38,17,14,4,7,4,3,73,46,31,10,13,0,5
2021-6809,Meerbusch,Clay,32,C,,20210815,31,BS86,,,Tomas Barrios Vera,R,191,CHI,23.68,193,370,C0C8,5,,Juan Manuel Cerundolo,L,183,ARG,19.748,148,527,7-6(7) 6-3,3,F,95,0,0,56,29,21,16,10,0,2,1,0,80,61,29,13,11,7,11
2021-9540,San Marino,Clay,32,C,,20210815,1,CF01,1,,Marco Cecchinato,R,185,ITA,28.873,86,898,L503,,,Paolo Lorenzi,R,183,ITA,39.666,189,382,7-6(3) 6-2,3,R32,94,13,0,59,38,31,15,10,4,5,4,3,69,31,21,19,10,4,7
2021-9540,San Marino,Clay,32,C,,20210815,2,SD32,2,,Gilles Simon,R,183,FRA,36.632,104,789,DC25,,,Marco De Rossi,,,,,1360,4,6-3 6-3,3,R32,93,0,3,66,49,32,8,9,4,6,2,9,53,29,20,4,9,2,7
2021-9540,San Marino,Clay,32,C,,20210815,3,CE25,3,,Salvatore Caruso,R,185,ITA,28.665,113,752,HB64,,,Quentin Halys,R,191,FRA,24.802,184,394,3-6 6-2 6-2,3,R32,147,2,5,112,76,48,14,12,13,16,8,3,81,42,28,16,13,7,13
2021-9540,San Marino,Clay,32,C,,20210815,4,DA31,4,,Hugo Dellien,R,180,BOL,28.164,142,555,M0EN,,,Manuel Mazza,R,178,ITA,22.333,,,6-4 7-5,3,R32,102,1,2,62,37,24,13,11,4,7,3,2,88,53,30,16,11,9,14
2021-9540,San Marino,Clay,32,C,,20210815,5,K09F,,,Pavel Kotov,R,191,RUS,22.741,276,214,GB53,5,,Federico Gaio,R,178,ITA,29.446,155,484,7-6(2) 7-6(3),3,R32,126,1,1,86,60,40,16,12,7,9,2,3,77,50,34,17,12,6,8
2021-9540,San Marino,Clay,32,C,,20210815,6,CI14,,,Jay Clarke,R,183,GBR,23.053,219,320,B0BI,7,,Sebastian Baez,R,170,ARG,20.63,157,484,7-6(4) 5-7 7-5,3,R32,184,7,2,137,101,62,18,18,7,12,2,5,139,107,62,16,18,11,16
2021-9540,San Marino,Clay,32,C,,20210815,7,RA51,8,,Blaz Rola,L,193,SLO,30.861,174,424,KH56,,,Zdenek Kolar,R,183,CZE,24.849,177,411,6-3 6-3,3,R32,83,7,1,50,27,23,16,9,2,2,4,6,66,40,27,10,9,4,7
2021-9540,San Marino,Clay,32,C,,20210815,8,CA99,,,Marius Copil,R,191,ROU,30.828,225,306,O376,,,Renzo Olivo,R,178,ARG,29.418,215,329,7-6(4) 6-4,3,R32,96,2,2,61,38,28,16,11,1,2,0,1,70,46,32,14,11,3,5
2021-9540,San Marino,Clay,32,C,,20210815,9,F0A4,,,Francesco Forti,R,188,ITA,22.056,352,130,MP83,,,Gian Marco Moroni,R,185,ITA,23.502,229,302,4-6 6-3 7-5,3,R32,175,7,2,95,62,41,17,16,5,9,1,10,119,68,44,21,15,10,15
2021-9540,San Marino,Clay,32,C,,20210815,10,J620,,,Maxime Janvier,R,196,FRA,24.824,235,291,O507,,,Julian Ocleppo,R,191,ITA,24.038,370,123,6-2 6-3,3,R32,83,5,2,43,28,25,8,8,1,1,3,2,80,54,30,12,9,11,15
2021-9540,San Marino,Clay,32,C,,20210815,11,LF26,,,Orlando Luz,R,180,BRA,23.515,311,170,J267,,,Malek Jaziri,R,185,TUN,37.569,270,224,6-3 4-2 RET,3,R32,,1,0,44,26,16,15,8,0,1,2,0,47,21,14,8,7,3,6
2021-9540,San Marino,Clay,32,C,,20210815,12,MJ01,,,Roberto Marcora,R,193,ITA,31.959,216,327,PH64,,,Andrea Pellegrino,R,185,ITA,24.397,244,278,7-6(6) 7-6(1),3,R32,133,3,4,85,52,41,16,12,6,8,3,3,89,57,39,17,12,5,7
2021-9540,San Marino,Clay,32,C,,20210815,13,MW75,,,Felipe Meligeni Alves,R,185,BRA,23.485,206,346,GH92,,,Borna Gojo,R,196,CRO,23.463,234,294,7-5 6-2,3,R32,66,4,0,51,42,31,7,10,0,1,3,1,53,31,21,9,10,2,6
2021-9540,San Marino,Clay,32,C,,20210815,14,MN70,,,Joao Menezes,R,185,BRA,24.66,233,295,E698,,,Gastao Elias,R,180,POR,30.724,239,282,5-7 6-4 6-4,3,R32,164,2,4,99,61,40,18,16,4,9,3,9,101,46,30,26,16,8,14
2021-9540,San Marino,Clay,32,C,,20210815,15,N0BG,,,Luca Nardi,R,185,ITA,18.026,595,51,BV24,,,Raul Brancaccio,R,183,ITA,24.282,337,147,6-4 6-4,3,R32,93,3,3,70,41,28,11,10,10,13,3,5,62,26,17,14,10,8,13
2021-9540,San Marino,Clay,32,C,,20210815,16,R0DG,,,Holger Rune,R,188,DEN,18.297,191,379,CG32,,,Julien Cagnina,R,183,BEL,27.198,849,20,6-3 6-4,3,R32,104,5,3,63,39,26,16,10,1,2,3,4,68,40,24,13,9,4,7
2021-9540,San Marino,Clay,32,C,,20210815,17,CF01,1,,Marco Cecchinato,R,185,ITA,28.873,86,898,N0BG,,,Luca Nardi,R,185,ITA,18.026,595,51,7-6(4) 7-6(6),3,R16,127,8,3,85,48,33,25,12,3,4,1,4,92,54,42,17,12,3,4
2021-9540,San Marino,Clay,32,C,,20210815,18,J620,,,Maxime Janvier,R,196,FRA,24.824,235,291,SD32,2,,Gilles Simon,R,183,FRA,36.632,104,789,7-5 6-1,3,R16,95,8,4,67,47,33,9,10,1,3,0,0,54,43,22,5,9,4,9
2021-9540,San Marino,Clay,32,C,,20210815,19,R0DG,,,Holger Rune,R,188,DEN,18.297,191,379,CE25,3,,Salvatore Caruso,R,185,ITA,28.665,113,752,2-6 7-6(4) 6-2,3,R16,153,3,2,106,61,33,22,14,7,13,0,5,79,50,25,14,14,2,8
2021-9540,San Marino,Clay,32,C,,20210815,20,DA31,4,,Hugo Dellien,R,180,BOL,28.164,142,555,CA99,,,Marius Copil,R,191,ROU,30.828,225,306,4-6 7-5 6-4,3,R16,144,8,4,99,75,51,12,16,7,10,18,7,120,77,55,17,16,11,15
2021-9540,San Marino,Clay,32,C,,20210815,21,LF26,,,Orlando Luz,R,180,BRA,23.515,311,170,RA51,8,,Blaz Rola,L,193,SLO,30.861,174,424,4-6 6-4 6-2,3,R16,119,6,5,88,55,43,19,14,4,5,8,5,90,54,38,20,14,1,4
2021-9540,San Marino,Clay,32,C,,20210815,22,K09F,,,Pavel Kotov,R,191,RUS,22.741,276,214,MJ01,,,Roberto Marcora,R,193,ITA,31.959,216,327,6-4 6-4,3,R16,100,1,3,74,52,31,11,10,3,6,0,2,54,32,19,10,10,3,8
2021-9540,San Marino,Clay,32,C,,20210815,23,MW75,,,Felipe Meligeni Alves,R,185,BRA,23.485,206,346,CI14,,,Jay Clarke,R,183,GBR,23.053,219,320,W/O,3,R16,0,,,,,,,,,,,,,,,,,,
2021-9540,San Marino,Clay,32,C,,20210815,24,MN70,,,Joao Menezes,R,185,BRA,24.66,233,295,F0A4,,,Francesco Forti,R,188,ITA,22.056,352,130,6-7(2) 7-6(2) 7-6(9),3,R16,226,4,5,127,80,59,27,18,3,5,6,3,150,94,69,29,18,6,8
2021-9540,San Marino,Clay,32,C,,20210815,25,CF01,1,,Marco Cecchinato,R,185,ITA,28.873,86,898,K09F,,,Pavel Kotov,R,191,RUS,22.741,276,214,7-6(5) 6-3,3,QF,102,2,3,61,41,31,12,10,3,4,0,0,75,47,32,12,11,5,8
2021-9540,San Marino,Clay,32,C,,20210815,26,DA31,4,,Hugo Dellien,R,180,BOL,28.164,142,555,MW75,,,Felipe Meligeni Alves,R,185,BRA,23.485,206,346,6-3 6-2,3,QF,81,2,3,62,43,30,12,9,7,8,2,0,55,46,22,5,8,2,6
2021-9540,San Marino,Clay,32,C,,20210815,27,LF26,,,Orlando Luz,R,180,BRA,23.515,311,170,J620,,,Maxime Janvier,R,196,FRA,24.824,235,291,7-6(7) 7-5,3,QF,129,1,2,77,48,37,15,12,3,5,4,2,82,45,30,21,12,5,8
2021-9540,San Marino,Clay,32,C,,20210815,28,R0DG,,,Holger Rune,R,188,DEN,18.297,191,379,MN70,,,Joao Menezes,R,185,BRA,24.66,233,295,6-0 7-5,3,QF,81,2,2,45,22,18,14,9,1,3,3,0,57,39,18,6,9,4,10
2021-9540,San Marino,Clay,32,C,,20210815,29,R0DG,,,Holger Rune,R,188,DEN,18.297,191,379,CF01,1,,Marco Cecchinato,R,185,ITA,28.873,86,898,7-5 7-6(4),3,SF,118,1,0,76,47,29,18,12,4,7,3,3,81,45,28,18,12,4,8
2021-9540,San Marino,Clay,32,C,,20210815,30,LF26,,,Orlando Luz,R,180,BRA,23.515,311,170,DA31,4,,Hugo Dellien,R,180,BOL,28.164,142,555,6-4 6-2,3,SF,76,0,3,43,24,18,14,9,1,3,0,4,66,50,23,8,9,6,11
2021-9540,San Marino,Clay,32,C,,20210815,31,R0DG,,,Holger Rune,R,188,DEN,18.297,191,379,LF26,,,Orlando Luz,R,180,BRA,23.515,311,170,1-6 6-2 6-3,3,F,108,2,6,63,35,27,16,12,2,5,1,4,81,41,26,20,12,3,7
2021-9542,Luedenscheid,Clay,32,C,,20210822,1,BE67,,,Mirza Basic,R,188,BIH,30.114,269,227,A596,1,,Pablo Andujar,R,180,ESP,35.578,75,970,5-7 7-5 6-0,3,R32,152,3,0,101,61,38,21,15,6,11,0,8,95,60,32,16,15,7,15
2021-9542,Luedenscheid,Clay,32,C,,20210822,2,U182,,,Camilo Ugo Carabelli,R,185,ARG,22.182,305,180,MO44,2,,Pedro Martinez,R,185,ESP,24.323,77,951,6-2 4-6 7-6(5),3,R32,187,7,1,113,75,45,16,15,12,18,0,8,103,58,35,17,15,5,12
2021-9542,Luedenscheid,Clay,32,C,,20210822,3,CF59,3,,Roberto Carballes Baena,R,183,ESP,28.416,97,819,KC29,,,Nicolas Kicker,R,178,ARG,29.016,291,195,6-4 7-6(3),3,R32,150,1,3,91,58,38,15,11,6,9,1,1,90,60,31,15,11,11,15
2021-9542,Luedenscheid,Clay,32,C,,20210822,4,AE14,4,,Daniel Altmaier,R,188,GER,22.943,122,683,O660,,,Genaro Alberto Olivieri,R,175,ARG,23.05,368,122,6-2 6-2,3,R32,78,1,2,49,32,23,11,8,2,3,1,1,60,35,19,9,8,6,11
2021-9542,Luedenscheid,Clay,32,C,,20210822,5,C0C8,6,,Juan Manuel Cerundolo,L,183,ARG,19.767,139,571,V0B2,,,Michael Vrbensky,R,,CZE,21.656,289,198,6-4 6-2,3,R32,97,0,1,53,41,27,6,9,1,3,0,6,72,35,18,17,9,6,11
2021-9542,Luedenscheid,Clay,32,C,,20210822,6,SX50,7,,Roman Safiullin,R,185,RUS,24.041,165,457,MB53,,,Adrian Menendez-Maceiras,R,183,ESP,35.817,287,200,6-2 6-7(0) 6-4,3,R32,139,6,2,94,59,41,23,15,6,7,5,2,102,68,48,15,15,10,14
2021-9542,Luedenscheid,Clay,32,C,,20210822,7,H756,8,,Robin Haase,R,191,NED,34.379,215,329,CF88,,,Roberto Cid Subervi,R,193,DOM,27.978,248,268,6-3 6-1,3,R32,55,3,1,45,27,21,9,8,0,1,0,6,44,23,14,7,8,4,9
2021-9542,Luedenscheid,Clay,32,C,,20210822,8,LB66,9,,Constant Lestienne,R,180,FRA,29.248,251,265,SO20,,,Jelle Sels,R,188,NED,26.034,314,165,6-3 7-5,3,R32,103,2,7,82,42,32,23,11,7,8,1,3,61,28,18,18,10,3,6
2021-9542,Luedenscheid,Clay,32,C,,20210822,9,A0CJ,,,Duje Ajdukovic,R,188,CRO,20.542,258,243,FC26,,,Evan Furness,R,173,FRA,23.025,294,192,6-3 7-5,3,R32,101,2,4,65,43,33,9,10,4,6,2,2,73,40,23,14,11,7,12
2021-9542,Luedenscheid,Clay,32,C,,20210822,10,BV25,,,Javier Barranco Cosano,L,180,ESP,22.762,332,152,MJ98,,,Facundo Mena,R,183,ARG,28.914,256,249,6-3 6-4,3,R32,89,1,2,64,40,30,12,10,3,5,2,2,53,29,20,9,9,1,5
2021-9542,Luedenscheid,Clay,32,C,,20210822,11,CG32,,,Julien Cagnina,R,183,BEL,27.217,856,20,Z168,,,Mischa Zverev,L,191,GER,34.001,307,173,6-3 6-1,3,R32,63,1,1,45,33,22,8,8,2,3,1,8,55,30,19,7,8,5,10
2021-9542,Luedenscheid,Clay,32,C,,20210822,12,J551,,,Nicolas Jarry,R,201,CHI,25.864,262,240,KI63,,,Lukas Klein,R,193,SVK,23.42,252,261,1-6 7-6(5) 7-6(6),3,R32,157,7,9,129,75,50,27,15,10,13,14,7,106,66,52,23,16,3,4
2021-9542,Luedenscheid,Clay,32,C,,20210822,13,J09X,,,Filip Cristian Jianu,R,180,ROU,19.926,320,159,M0AC,,,Rudolf Molleker,R,188,GER,20.821,371,120,7-5 3-6 6-3,3,R32,119,6,2,89,49,29,17,15,3,10,5,5,83,46,30,14,15,3,11
2021-9542,Luedenscheid,Clay,32,C,,20210822,14,LC11,,,Tristan Lamasine,R,183,FRA,28.465,257,244,KD87,,,Evgeny Karlovskiy,R,191,RUS,27.042,290,196,6-3 6-3,3,R32,76,3,1,60,39,29,13,9,2,2,7,5,49,33,21,7,9,0,3
2021-9542,Luedenscheid,Clay,32,C,,20210822,15,LB51,,,Julian Lenz,R,188,GER,28.509,312,167,M0HU,,,Shintaro Mochizuki,R,175,JPN,18.223,429,95,5-7 7-5 6-2,3,R32,155,4,4,121,80,47,17,16,13,20,0,7,106,62,35,16,16,10,19
2021-9542,Luedenscheid,Clay,32,C,,20210822,16,MW76,,,Matteo Martineau,R,183,FRA,22.598,384,115,M0BN,,,Marvin Moeller,R,178,GER,22.593,467,84,6-0 6-2,3,R32,56,8,1,46,33,26,6,7,4,4,0,7,41,25,13,5,7,2,7
2021-9542,Luedenscheid,Clay,32,C,,20210822,17,J551,,,Nicolas Jarry,R,201,CHI,25.864,262,240,CF59,3,,Roberto Carballes Baena,R,183,ESP,28.416,97,819,5-1 RET,3,R16,23,2,1,16,11,8,4,3,0,0,2,2,20,13,7,2,3,0,2
2021-9542,Luedenscheid,Clay,32,C,,20210822,18,AE14,4,,Daniel Altmaier,R,188,GER,22.943,122,683,CG32,,,Julien Cagnina,R,183,BEL,27.217,856,20,7-6(1) 6-3,3,R16,110,5,1,72,44,31,16,11,3,5,2,7,96,55,35,17,10,10,13
2021-9542,Luedenscheid,Clay,32,C,,20210822,19,C0C8,6,,Juan Manuel Cerundolo,L,183,ARG,19.767,139,571,J09X,,,Filip Cristian Jianu,R,180,ROU,19.926,320,159,6-2 6-2,3,R16,89,0,0,82,69,40,6,8,10,12,1,2,49,31,17,3,8,4,10
2021-9542,Luedenscheid,Clay,32,C,,20210822,20,LB51,,,Julian Lenz,R,188,GER,28.509,312,167,SX50,7,,Roman Safiullin,R,185,RUS,24.041,165,457,5-7 6-4 6-2,3,R16,127,8,8,97,47,33,24,15,4,8,2,2,100,75,43,11,15,11,17
2021-9542,Luedenscheid,Clay,32,C,,20210822,21,BV25,,,Javier Barranco Cosano,L,180,ESP,22.762,332,152,H756,8,,Robin Haase,R,191,NED,34.379,215,329,W/O,3,R16,,,,,,,,,,,,,,,,,,,
2021-9542,Luedenscheid,Clay,32,C,,20210822,22,A0CJ,,,Duje Ajdukovic,R,188,CRO,20.542,258,243,LB66,9,,Constant Lestienne,R,180,FRA,29.248,251,265,6-2 6-4,3,R16,85,2,0,56,36,23,12,9,5,7,1,7,59,22,12,16,9,4,9
2021-9542,Luedenscheid,Clay,32,C,,20210822,23,BE67,,,Mirza Basic,R,188,BIH,30.114,269,227,LC11,,,Tristan Lamasine,R,183,FRA,28.465,257,244,7-6(2) 6-2,3,R16,93,3,1,69,45,31,15,10,3,4,2,6,63,35,23,13,10,2,5
2021-9542,Luedenscheid,Clay,32,C,,20210822,24,U182,,,Camilo Ugo Carabelli,R,185,ARG,22.182,305,180,MW76,,,Matteo Martineau,R,183,FRA,22.598,384,115,6-4 7-6(5),3,R16,110,1,1,70,40,29,17,11,1,3,2,4,80,33,26,22,11,3,6
2021-9542,Luedenscheid,Clay,32,C,,20210822,25,AE14,4,,Daniel Altmaier,R,188,GER,22.943,122,683,BV25,,,Javier Barranco Cosano,L,180,ESP,22.762,332,152,6-4 6-7(5) 7-5,3,QF,165,11,3,115,71,50,22,17,5,8,1,3,117,63,42,27,17,4,9
2021-9542,Luedenscheid,Clay,32,C,,20210822,26,C0C8,6,,Juan Manuel Cerundolo,L,183,ARG,19.767,139,571,U182,,,Camilo Ugo Carabelli,R,185,ARG,22.182,305,180,3-6 6-3 6-2,3,QF,123,0,1,74,60,39,12,13,4,6,3,4,90,46,30,20,13,9,13
2021-9542,Luedenscheid,Clay,32,C,,20210822,27,J551,,,Nicolas Jarry,R,201,CHI,25.864,262,240,A0CJ,,,Duje Ajdukovic,R,188,CRO,20.542,258,243,6-4 7-6(5),3,QF,96,8,1,63,36,29,14,11,3,6,3,3,67,30,17,22,11,2,6
2021-9542,Luedenscheid,Clay,32,C,,20210822,28,LB51,,,Julian Lenz,R,188,GER,28.509,312,167,BE67,,,Mirza Basic,R,188,BIH,30.114,269,227,7-5 7-5,3,QF,114,5,2,74,48,28,13,12,4,8,2,1,87,43,24,19,12,3,9
2021-9542,Luedenscheid,Clay,32,C,,20210822,29,AE14,4,,Daniel Altmaier,R,188,GER,22.943,122,683,C0C8,6,,Juan Manuel Cerundolo,L,183,ARG,19.767,139,571,6-2 7-6(4),3,SF,99,5,1,59,37,29,11,10,0,1,1,2,81,69,40,5,10,10,13
2021-9542,Luedenscheid,Clay,32,C,,20210822,30,J551,,,Nicolas Jarry,R,201,CHI,25.864,262,240,LB51,,,Julian Lenz,R,188,GER,28.509,312,167,6-1 6-4,3,SF,77,8,1,51,33,25,12,9,2,3,2,3,52,29,18,9,8,4,8
2021-9542,Luedenscheid,Clay,32,C,,20210822,31,AE14,4,,Daniel Altmaier,R,188,GER,22.943,122,683,J551,,,Nicolas Jarry,R,201,CHI,25.864,262,240,7-6(1) 4-6 6-3,3,F,135,4,1,97,61,44,21,16,3,6,6,2,82,60,43,10,15,1,4
2021-9544,Verona,Clay,32,C,,20210822,1,TE16,1,,Carlos Taberner,R,183,ESP,24.038,110,758,D0C1,,,Jesper de Jong,R,180,NED,21.227,253,253,6-3 7-6(1),3,R32,120,2,3,65,42,30,11,10,1,3,3,3,90,55,32,18,11,13,17
2021-9544,Verona,Clay,32,C,,20210822,2,PG20,2,,Dmitry Popko,R,191,KAZ,24.827,176,417,LF26,,,Orlando Luz,R,180,BRA,23.535,272,222,6-3 6-1,3,R32,70,4,1,48,30,24,10,8,0,0,0,0,47,29,16,8,8,2,6
2021-9544,Verona,Clay,32,C,,20210822,3,L503,3,,Paolo Lorenzi,R,183,ITA,39.685,190,381,O482,,,Gonzalo Oliveira,L,185,VEN,26.511,299,185,6-3 6-3,3,R32,94,4,4,55,28,21,16,9,1,2,2,1,56,35,22,9,9,4,8
2021-9544,Verona,Clay,32,C,,20210822,4,R0DG,4,,Holger Rune,R,188,DEN,18.316,162,467,PH42,,,Matija Pecotic,L,185,CRO,32.137,347,136,6-2 7-6(3),3,R32,98,4,1,59,43,37,9,10,2,2,3,1,88,56,37,16,10,7,9
2021-9544,Verona,Clay,32,C,,20210822,5,CI14,5,,Jay Clarke,R,183,GBR,23.072,219,324,M0AW,,,Nicolas Mejia,R,183,COL,21.528,303,181,6-3 6-4,3,R32,98,2,1,48,33,22,7,9,0,2,2,2,62,34,17,14,10,5,10
2021-9544,Verona,Clay,32,C,,20210822,6,J620,6,,Maxime Janvier,R,196,FRA,24.843,239,285,GH33,,,Manuel Guinard,R,198,FRA,25.769,265,234,6-4 6-7(4) 7-6(6),3,R32,194,6,4,140,83,56,32,17,9,11,5,4,115,70,52,24,17,6,9
2021-9544,Verona,Clay,32,C,,20210822,7,BI47,,,Riccardo Bonadio,R,180,ITA,28.11,268,230,GA79,7,,Lorenzo Giustino,R,180,ITA,29.949,237,289,4-6 6-4 6-4,3,R32,153,4,2,93,55,36,16,15,1,6,1,2,81,55,35,11,15,7,13
2021-9544,Verona,Clay,32,C,,20210822,8,E698,8,,Gastao Elias,R,180,POR,30.743,241,282,A622,,,Andrea Arnaboldi,L,180,ITA,33.654,298,185,6-2 6-4,3,R32,74,4,2,56,34,25,14,9,4,4,0,1,52,35,21,9,9,0,3
2021-9544,Verona,Clay,32,C,,20210822,9,F840,,,Nerman Fatic,R,191,BIH,26.828,331,152,V490,,,Matteo Viola,R,185,ITA,34.127,264,237,6-0 6-1,3,R32,60,6,0,35,24,20,6,6,1,1,0,2,63,43,20,7,7,7,13
2021-9544,Verona,Clay,32,C,,20210822,10,F0A4,,,Francesco Forti,R,188,ITA,22.075,346,138,S0ED,,,Fletcher Scott,R,191,USA,22.7,1380,4,6-1 7-5,3,R32,76,5,2,52,36,29,9,9,4,5,1,2,60,35,20,10,10,3,8
2021-9544,Verona,Clay,32,C,,20210822,11,G681,,,Teymuraz Gabashvili,R,185,GEO,36.249,267,232,V942,,,Tim van Rijthoven,R,188,NED,24.329,259,242,6-7(3) 6-2 7-6(4),3,R32,167,1,9,122,70,51,28,16,8,10,8,9,117,65,46,22,16,3,7
2021-9544,Verona,Clay,32,C,,20210822,12,K09F,,,Pavel Kotov,R,191,RUS,22.76,271,226,BH08,,,Marco Bortolotti,,,,,573,57,6-3 6-3,3,R32,72,0,1,46,30,24,10,9,2,3,1,1,52,34,18,10,9,2,6
2021-9544,Verona,Clay,32,C,,20210822,13,P0DF,,,Matheus Pucinelli De Almeida,R,183,BRA,20.392,343,140,J267,,,Malek Jaziri,R,185,TUN,37.588,273,221,6-4 6-1,3,R32,90,3,0,51,36,27,8,9,1,2,1,1,61,32,18,11,8,3,7
2021-9544,Verona,Clay,32,C,,20210822,14,Q941,,,Roberto Quiroz,L,193,ECU,29.495,292,194,T0AP,,,Chun-Hsin Tseng,R,175,TPE,20.038,270,227,6-2 0-6 6-4,3,R32,123,2,3,96,63,33,21,12,15,19,6,3,74,55,38,7,12,4,8
2021-9544,Verona,Clay,32,C,,20210822,15,SP80,,,Nino Serdarusic,R,191,CRO,24.69,304,181,BM03,,,Filippo Baldi,R,180,ITA,25.615,316,163,6-3 6-2,3,R32,81,5,1,59,44,33,8,9,1,1,1,3,50,35,23,5,8,3,6
2021-9544,Verona,Clay,32,C,,20210822,16,Z0A1,,,Giulio Zeppieri,L,183,ITA,19.707,295,190,SS25,,,Vitaliy Sachko,R,188,UKR,24.107,263,237,1-6 7-5 6-2,3,R32,124,7,2,90,55,33,19,14,5,9,5,3,84,52,38,12,13,3,7
2021-9544,Verona,Clay,32,C,,20210822,17,TE16,1,,Carlos Taberner,R,183,ESP,24.038,110,758,K09F,,,Pavel Kotov,R,191,RUS,22.76,271,226,6-2 4-6 6-1,3,R16,120,0,4,77,48,32,12,12,4,8,2,1,68,46,25,6,13,4,12
2021-9544,Verona,Clay,32,C,,20210822,18,PG20,2,,Dmitry Popko,R,191,KAZ,24.827,176,417,Z0A1,,,Giulio Zeppieri,L,183,ITA,19.707,295,190,7-5 2-6 6-2,3,R16,140,0,6,83,38,30,22,14,2,5,1,3,90,51,36,18,14,6,10
2021-9544,Verona,Clay,32,C,,20210822,19,SP80,,,Nino Serdarusic,R,191,CRO,24.69,304,181,L503,3,,Paolo Lorenzi,R,183,ITA,39.685,190,381,6-3 6-1,3,R16,67,11,2,38,31,30,3,8,2,2,1,2,50,27,15,8,8,2,6
2021-9544,Verona,Clay,32,C,,20210822,20,R0DG,4,,Holger Rune,R,188,DEN,18.316,162,467,P0DF,,,Matheus Pucinelli De Almeida,R,183,BRA,20.392,343,140,6-2 6-3,3,R16,99,2,5,70,38,27,18,9,8,9,2,3,45,31,15,5,8,1,5
2021-9544,Verona,Clay,32,C,,20210822,21,CI14,5,,Jay Clarke,R,183,GBR,23.072,219,324,Q941,,,Roberto Quiroz,L,193,ECU,29.495,292,194,6-4 6-4,3,R16,95,1,1,64,43,27,12,10,3,5,2,1,64,36,22,12,10,6,10
2021-9544,Verona,Clay,32,C,,20210822,22,J620,6,,Maxime Janvier,R,196,FRA,24.843,239,285,G681,,,Teymuraz Gabashvili,R,185,GEO,36.249,267,232,6-2 6-2,3,R16,75,4,1,56,30,24,14,8,5,5,1,1,46,31,18,6,8,3,7
2021-9544,Verona,Clay,32,C,,20210822,23,E698,8,,Gastao Elias,R,180,POR,30.743,241,282,F0A4,,,Francesco Forti,R,188,ITA,22.075,346,138,6-2 6-4,3,R16,83,2,1,50,26,22,14,9,0,1,0,2,59,40,26,4,9,6,10
2021-9544,Verona,Clay,32,C,,20210822,24,BI47,,,Riccardo Bonadio,R,180,ITA,28.11,268,230,F840,,,Nerman Fatic,R,191,BIH,26.828,331,152,6-1 6-4,3,R16,77,2,1,44,29,19,9,8,2,4,2,4,63,46,25,4,9,6,12
2021-9544,Verona,Clay,32,C,,20210822,25,TE16,1,,Carlos Taberner,R,183,ESP,24.038,110,758,J620,6,,Maxime Janvier,R,196,FRA,24.843,239,285,6-2 6-2,3,QF,85,1,1,52,37,26,6,8,1,2,1,1,48,25,17,4,8,4,9
2021-9544,Verona,Clay,32,C,,20210822,26,CI14,5,,Jay Clarke,R,183,GBR,23.072,219,324,PG20,2,,Dmitry Popko,R,191,KAZ,24.827,176,417,3-6 6-4 7-5,3,QF,148,0,0,90,57,36,21,15,5,8,3,3,95,52,35,26,16,6,10
2021-9544,Verona,Clay,32,C,,20210822,27,R0DG,4,,Holger Rune,R,188,DEN,18.316,162,467,BI47,,,Riccardo Bonadio,R,180,ITA,28.11,268,230,6-3 6-2,3,QF,82,1,3,52,38,28,8,9,0,1,1,3,64,39,20,11,8,6,10
2021-9544,Verona,Clay,32,C,,20210822,28,SP80,,,Nino Serdarusic,R,191,CRO,24.69,304,181,E698,8,,Gastao Elias,R,180,POR,30.743,241,282,4-6 6-3 6-0,3,QF,122,4,0,69,48,36,13,13,2,4,5,4,80,37,26,16,12,4,9
2021-9544,Verona,Clay,32,C,,20210822,29,R0DG,4,,Holger Rune,R,188,DEN,18.316,162,467,TE16,1,,Carlos Taberner,R,183,ESP,24.038,110,758,6-2 6-1,3,SF,77,3,1,47,26,22,12,8,4,5,0,1,45,29,15,4,7,7,12
2021-9544,Verona,Clay,32,C,,20210822,30,SP80,,,Nino Serdarusic,R,191,CRO,24.69,304,181,CI14,5,,Jay Clarke,R,183,GBR,23.072,219,324,6-1 6-1,3,SF,57,6,0,37,22,20,9,7,0,0,0,2,43,25,11,7,7,2,7
2021-9544,Verona,Clay,32,C,,20210822,31,R0DG,4,,Holger Rune,R,188,DEN,18.316,162,467,SP80,,,Nino Serdarusic,R,191,CRO,24.69,304,181,6-4 6-2,3,F,96,5,3,69,44,34,12,9,6,6,4,2,60,39,26,8,9,4,7
2021-7494,Barletta,Clay,32,C,,20210829,1,MF35,1,,Andrej Martin,R,183,SVK,31.94,122,667,BU10,,,Jacopo Berrettini,R,191,ITA,22.754,445,90,4-6 6-2 6-1,3,R32,102,1,2,68,44,33,10,13,3,7,1,3,75,47,23,12,12,4,11
2021-7494,Barletta,Clay,32,C,,20210829,2,A622,,,Andrea Arnaboldi,L,180,ITA,33.673,299,183,C0C8,2,,Juan Manuel Cerundolo,L,183,ARG,19.786,135,594,6-1 2-6 5-2 RET,3,R32,100,0,2,63,39,31,10,11,0,2,0,1,64,51,31,6,11,2,6
2021-7494,Barletta,Clay,32,C,,20210829,3,VA08,,,Andrea Vavassori,R,193,ITA,26.319,392,110,CI14,3,,Jay Clarke,R,183,GBR,23.091,206,348,6-3 6-4,3,R32,75,5,4,66,46,35,11,10,3,3,2,2,50,38,26,5,9,1,3
2021-7494,Barletta,Clay,32,C,,20210829,4,V942,4,,Tim van Rijthoven,R,188,NED,24.348,260,242,M0HC,,,Emiliano Maggioli,L,193,ITA,20.331,705,33,7-5 6-4,3,R32,87,1,2,60,35,30,14,11,3,4,0,0,60,38,25,14,11,2,5
2021-7494,Barletta,Clay,32,C,,20210829,5,R913,,,Cristian Rodriguez,R,180,COL,31.181,423,97,V490,5,,Matteo Viola,R,185,ITA,34.146,266,237,6-2 7-5,3,R32,94,6,2,63,28,19,17,10,3,6,0,1,55,32,14,12,10,3,9
2021-7494,Barletta,Clay,32,C,,20210829,6,DF88,,,Aziz Dougaz,L,188,TUN,24.427,350,132,D0CO,6,,Jack Draper,L,193,GBR,19.685,269,232,6-3 6-2,3,R32,71,7,5,51,30,26,12,9,3,3,1,5,46,27,18,7,8,2,5
2021-7494,Barletta,Clay,32,C,,20210829,7,AC58,,,Nicolas Alvarez,R,185,PER,25.224,405,103,BI47,7,,Riccardo Bonadio,R,180,ITA,28.129,263,241,4-6 7-6(5) 7-5,3,R32,193,5,8,114,72,51,18,17,8,12,5,3,112,63,37,29,17,6,10
2021-7494,Barletta,Clay,32,C,,20210829,8,T0AP,8,,Chun-Hsin Tseng,R,175,TPE,20.057,270,227,H940,,,Ryan Harrison,R,185,USA,29.311,514,69,6-1 RET,3,R32,32,1,1,18,11,10,5,3,0,0,1,0,30,20,12,0,4,4,7
2021-7494,Barletta,Clay,32,C,,20210829,9,C0E9,,,Flavio Cobolli,R,183,ITA,19.316,313,167,K09F,,,Pavel Kotov,R,191,RUS,22.779,271,226,6-2 4-6 6-2,3,R32,114,2,6,80,44,30,20,13,2,5,0,2,70,47,26,14,13,5,11
2021-7494,Barletta,Clay,32,C,,20210829,10,KD70,,,Pedja Krstin,R,183,SRB,26.987,288,200,J400,,,Jeremy Jahn,R,178,GER,31.4,460,85,5-1 RET,3,R32,24,1,1,17,14,12,0,3,0,0,0,3,23,8,2,7,3,3,5
2021-7494,Barletta,Clay,32,C,,20210829,11,M0AW,,,Nicolas Mejia,R,183,COL,21.547,303,181,SL94,,,Pedro Sakamoto,R,178,BRA,28.167,322,158,7-6(4) 7-6(3),3,R32,160,4,5,95,57,41,15,12,6,10,2,4,90,58,36,14,12,9,13
2021-7494,Barletta,Clay,32,C,,20210829,12,N0BG,,,Luca Nardi,R,185,ITA,18.064,559,59,J267,,,Malek Jaziri,R,185,TUN,37.607,274,221,6-3 6-1,3,R32,63,2,2,46,28,21,11,8,2,3,3,5,54,33,18,5,8,1,6
2021-7494,Barletta,Clay,32,C,,20210829,13,O507,,,Julian Ocleppo,R,191,ITA,24.077,363,124,SO20,,,Jelle Sels,R,188,NED,26.053,314,165,6-4 6-3,3,R32,96,2,1,65,44,29,12,9,7,8,3,2,69,35,22,14,10,5,9
2021-7494,Barletta,Clay,32,C,,20210829,14,Q941,,,Roberto Quiroz,L,193,ECU,29.514,290,197,F0A4,,,Francesco Forti,R,188,ITA,22.094,341,145,6-2 6-2,3,R32,69,1,1,53,33,23,14,8,5,5,0,3,43,27,14,6,8,1,5
2021-7494,Barletta,Clay,32,C,,20210829,15,T0A1,,,Thiago Agustin Tirante,R,185,ARG,20.386,281,210,CH73,,,Petros Chrysochos,R,185,CYP,25.391,374,118,6-1 4-6 6-2,3,R32,99,2,3,68,46,32,10,12,3,6,0,1,66,48,25,7,13,4,11
2021-7494,Barletta,Clay,32,C,,20210829,16,Z0A1,,,Giulio Zeppieri,L,183,ITA,19.726,297,189,S0GR,,,Timofey Skatov,R,173,KAZ,20.602,294,193,7-5 6-0,3,R32,73,2,1,41,25,21,12,9,0,1,0,3,47,25,12,11,9,2,7
2021-7494,Barletta,Clay,32,C,,20210829,17,T0A1,,,Thiago Agustin Tirante,R,185,ARG,20.386,281,210,MF35,1,,Andrej Martin,R,183,SVK,31.94,122,667,7-6(3) 6-2,3,R16,101,1,1,62,44,31,8,10,4,6,1,1,70,42,24,12,10,6,10
2021-7494,Barletta,Clay,32,C,,20210829,18,C0E9,,,Flavio Cobolli,R,183,ITA,19.316,313,167,V942,4,,Tim van Rijthoven,R,188,NED,24.348,260,242,6-1 6-2,3,R16,67,1,1,44,27,20,11,7,3,3,2,2,57,28,12,13,8,7,12
2021-7494,Barletta,Clay,32,C,,20210829,19,T0AP,8,,Chun-Hsin Tseng,R,175,TPE,20.057,270,227,N0BG,,,Luca Nardi,R,185,ITA,18.064,559,59,5-7 6-2 6-4,3,R16,152,1,0,104,63,38,24,15,9,13,3,4,91,53,33,18,15,4,10
2021-7494,Barletta,Clay,32,C,,20210829,20,AC58,,,Nicolas Alvarez,R,185,PER,25.224,405,103,Q941,,,Roberto Quiroz,L,193,ECU,29.514,290,197,7-5 6-4,3,R16,102,1,1,69,49,33,15,11,2,2,5,2,71,44,31,14,11,5,7
2021-7494,Barletta,Clay,32,C,,20210829,21,DF88,,,Aziz Dougaz,L,188,TUN,24.427,350,132,KD70,,,Pedja Krstin,R,183,SRB,26.987,288,200,6-2 6-2,3,R16,50,8,2,40,17,16,16,8,0,0,2,4,41,23,16,7,8,2,6
2021-7494,Barletta,Clay,32,C,,20210829,22,O507,,,Julian Ocleppo,R,191,ITA,24.077,363,124,R913,,,Cristian Rodriguez,R,180,COL,31.181,423,97,6-4 6-4,3,R16,86,4,2,66,48,32,12,10,5,6,1,1,59,38,27,9,10,4,7
2021-7494,Barletta,Clay,32,C,,20210829,23,VA08,,,Andrea Vavassori,R,193,ITA,26.319,392,110,M0AW,,,Nicolas Mejia,R,183,COL,21.547,303,181,6-3 7-6(4),3,R16,124,4,5,86,47,33,18,11,7,10,3,2,75,45,30,12,10,7,11
2021-7494,Barletta,Clay,32,C,,20210829,24,Z0A1,,,Giulio Zeppieri,L,183,ITA,19.726,297,189,A622,,,Andrea Arnaboldi,L,180,ITA,33.673,299,183,6-3 6-2,3,R16,65,7,1,43,24,22,14,9,0,0,1,3,57,36,22,10,8,5,8
2021-7494,Barletta,Clay,32,C,,20210829,25,T0AP,8,,Chun-Hsin Tseng,R,175,TPE,20.057,270,227,VA08,,,Andrea Vavassori,R,193,ITA,26.319,392,110,6-4 6-4,3,QF,82,2,2,56,44,36,6,10,0,0,5,3,65,39,26,13,10,1,3
2021-7494,Barletta,Clay,32,C,,20210829,26,C0E9,,,Flavio Cobolli,R,183,ITA,19.316,313,167,DF88,,,Aziz Dougaz,L,188,TUN,24.427,350,132,6-3 6-3,3,QF,95,4,0,64,38,29,17,9,8,8,4,3,70,50,30,8,9,6,9
2021-7494,Barletta,Clay,32,C,,20210829,27,T0A1,,,Thiago Agustin Tirante,R,185,ARG,20.386,281,210,AC58,,,Nicolas Alvarez,R,185,PER,25.224,405,103,6-2 6-2,3,QF,79,4,1,40,31,26,6,8,0,0,1,4,63,37,25,7,8,0,4
2021-7494,Barletta,Clay,32,C,,20210829,28,Z0A1,,,Giulio Zeppieri,L,183,ITA,19.726,297,189,O507,,,Julian Ocleppo,R,191,ITA,24.077,363,124,5-7 6-3 6-2,3,QF,141,4,4,95,48,37,29,15,4,6,7,0,83,47,32,19,14,4,8
2021-7494,Barletta,Clay,32,C,,20210829,29,Z0A1,,,Giulio Zeppieri,L,183,ITA,19.726,297,189,T0AP,8,,Chun-Hsin Tseng,R,175,TPE,20.057,270,227,3-6 6-2 6-3,3,SF,102,4,4,66,36,26,19,13,1,3,2,3,70,41,28,14,13,0,4
2021-7494,Barletta,Clay,32,C,,20210829,30,C0E9,,,Flavio Cobolli,R,183,ITA,19.316,313,167,T0A1,,,Thiago Agustin Tirante,R,185,ARG,20.386,281,210,6-1 1-6 7-5,3,SF,113,1,2,85,46,26,23,13,8,12,1,3,77,55,32,11,13,4,9
2021-7494,Barletta,Clay,32,C,,20210829,31,Z0A1,,,Giulio Zeppieri,L,183,ITA,19.726,297,189,C0E9,,,Flavio Cobolli,R,183,ITA,19.316,313,167,6-1 3-6 6-3,3,F,97,3,1,77,50,37,12,13,2,5,1,5,70,35,24,15,12,4,9
2021-9548,Warsaw,Clay,32,C,,20210829,1,AE14,1,,Daniel Altmaier,R,188,GER,22.962,106,753,B0JG,,,Leo Borg,R,183,SWE,18.292,2135,1,0-2 RET,3,R32,27,0,1,12,7,3,2,1,1,2,1,1,12,8,5,2,1,1,1
2021-9548,Warsaw,Clay,32,C,,20210829,2,KC04,2,,Jozef Kovalik,R,183,SVK,28.816,121,670,N830,,,Johan Nikles,R,173,SUI,24.435,409,101,6-3 6-4,3,R32,93,0,4,60,37,29,7,10,5,8,1,0,50,29,14,10,9,1,6
2021-9548,Warsaw,Clay,32,C,,20210829,3,KI63,3,,Lukas Klein,R,193,SVK,23.439,251,261,LB51,,,Julian Lenz,R,188,GER,28.528,293,193,6-1 3-6 6-3,3,R32,114,8,7,107,72,46,18,13,11,14,1,4,67,40,26,11,12,2,7
2021-9548,Warsaw,Clay,32,C,,20210829,4,LC11,4,,Tristan Lamasine,R,183,FRA,28.485,257,246,Z423,,,Jan Zielinski,R,180,POL,24.783,977,13,6-2 6-2,3,R32,71,1,2,45,23,18,12,8,1,2,2,4,64,36,18,13,8,8,13
2021-9548,Warsaw,Clay,32,C,,20210829,5,MO55,,,Lucas Miedler,R,183,AUT,25.188,327,156,A0CJ,5,,Duje Ajdukovic,R,188,CRO,20.561,253,255,6-3 3-6 6-1,3,R32,130,4,2,88,57,32,18,12,5,9,1,3,88,54,26,17,13,5,12
2021-9548,Warsaw,Clay,32,C,,20210829,6,J551,6,,Nicolas Jarry,R,201,CHI,25.884,238,288,MB53,,,Adrian Menendez-Maceiras,R,183,ESP,35.836,289,199,7-5 4-6 6-1,3,R32,152,14,4,95,70,53,10,15,3,5,2,0,82,57,36,11,14,0,4
2021-9548,Warsaw,Clay,32,C,,20210829,7,V0B2,,,Michael Vrbensky,R,,CZE,21.676,328,155,SS25,7,,Vitaliy Sachko,R,188,UKR,24.126,265,237,2-6 7-6(4) 6-4,3,R32,162,1,6,96,51,31,24,15,10,15,5,4,104,55,40,23,15,7,11
2021-9548,Warsaw,Clay,32,C,,20210829,8,BV25,,,Javier Barranco Cosano,L,180,ESP,22.782,312,168,BE67,8,,Mirza Basic,R,188,BIH,30.133,264,238,6-3 6-1,3,R32,77,2,1,55,29,20,15,8,7,8,0,0,57,38,16,9,8,5,10
2021-9548,Warsaw,Clay,32,C,,20210829,9,BT72,,,Nuno Borges,R,185,POR,24.523,283,209,CN78,,,Lucas Catarina,R,185,MON,25.008,354,129,6-3 7-5,3,R32,82,1,2,61,32,21,16,10,4,6,2,5,59,40,22,9,11,2,7
2021-9548,Warsaw,Clay,32,C,,20210829,10,FC26,,,Evan Furness,R,173,FRA,23.044,295,192,LF26,,,Orlando Luz,R,180,BRA,23.554,273,222,6-4 2-6 6-3,3,R32,139,0,7,113,68,43,20,14,8,12,2,2,76,42,27,19,13,4,8
2021-9548,Warsaw,Clay,32,C,,20210829,11,KC29,,,Nicolas Kicker,R,178,ARG,29.035,292,195,E928,,,Alexander Erler,R,193,AUT,23.838,323,158,2-6 7-5 6-3,3,R32,160,5,3,121,81,46,23,15,10,14,3,6,88,47,30,22,14,3,7
2021-9548,Warsaw,Clay,32,C,,20210829,12,K0HB,,,Szymon Kielan,R,196,POL,18.771,1925,1,O482,,,Gonzalo Oliveira,L,185,VEN,26.53,298,185,7-5 6-0,3,R32,76,5,2,61,34,22,17,9,3,4,1,5,58,39,21,9,9,8,13
2021-9548,Warsaw,Clay,32,C,,20210829,13,KB54,,,Andrey Kuznetsov,R,183,RUS,30.516,279,210,DC76,,,Viktor Durasovic,R,185,NOR,24.446,384,115,6-0 6-2,3,R32,60,3,3,38,21,19,11,7,1,1,1,6,49,24,14,8,7,2,7
2021-9548,Warsaw,Clay,32,C,,20210829,14,SP80,,,Nino Serdarusic,R,191,CRO,24.709,272,225,M0E1,,,Daniel Michalski,R,180,POL,21.632,448,89,6-3 6-4,3,R32,103,1,2,58,37,25,13,10,3,4,1,0,68,42,27,11,9,3,6
2021-9548,Warsaw,Clay,32,C,,20210829,15,U182,,,Camilo Ugo Carabelli,R,185,ARG,22.201,296,191,K0HC,,,Maks Kasnikowski,R,180,POL,18.149,1633,2,6-2 6-4,3,R32,84,2,1,57,42,32,6,9,1,2,2,1,53,27,18,9,9,2,6
2021-9548,Warsaw,Clay,32,C,,20210829,16,V762,,,Jeroen Vanneste,R,183,BEL,27.614,495,74,S0H2,,,Alexander Shevchenko,R,188,KAZ,20.747,358,128,6-3 2-6 7-5,3,R32,111,3,3,77,48,30,16,14,0,4,0,2,88,54,35,17,15,4,9
2021-9548,Warsaw,Clay,32,C,,20210829,17,U182,,,Camilo Ugo Carabelli,R,185,ARG,22.201,296,191,AE14,1,,Daniel Altmaier,R,188,GER,22.962,106,753,6-4 7-6(2),3,R16,135,0,1,72,49,36,11,11,3,5,5,3,77,46,32,13,11,6,9
2021-9548,Warsaw,Clay,32,C,,20210829,18,KC04,2,,Jozef Kovalik,R,183,SVK,28.816,121,670,FC26,,,Evan Furness,R,173,FRA,23.044,295,192,6-2 7-5,3,R16,309,4,1,59,36,26,14,10,1,2,5,3,81,44,27,17,10,8,12
2021-9548,Warsaw,Clay,32,C,,20210829,19,KI63,3,,Lukas Klein,R,193,SVK,23.439,251,261,KB54,,,Andrey Kuznetsov,R,183,RUS,30.516,279,210,7-5 6-1,3,R16,84,4,3,50,28,21,16,10,1,2,4,5,70,37,24,13,9,4,8
2021-9548,Warsaw,Clay,32,C,,20210829,20,SP80,,,Nino Serdarusic,R,191,CRO,24.709,272,225,LC11,4,,Tristan Lamasine,R,183,FRA,28.485,257,246,6-1 3-6 7-5,3,R16,126,5,0,82,55,39,16,14,3,5,0,3,95,58,38,17,14,4,8
2021-9548,Warsaw,Clay,32,C,,20210829,21,J551,6,,Nicolas Jarry,R,201,CHI,25.884,238,288,KC29,,,Nicolas Kicker,R,178,ARG,29.035,292,195,7-6(1) 4-6 6-4,3,R16,156,14,1,86,56,44,23,16,1,2,6,3,108,65,49,24,16,7,8
2021-9548,Warsaw,Clay,32,C,,20210829,22,BV25,,,Javier Barranco Cosano,L,180,ESP,22.782,312,168,BT72,,,Nuno Borges,R,185,POR,24.523,283,209,3-6 6-2 6-3,3,R16,126,8,2,86,48,36,19,13,4,6,2,1,99,55,35,21,13,14,18
2021-9548,Warsaw,Clay,32,C,,20210829,23,MO55,,,Lucas Miedler,R,183,AUT,25.188,327,156,K0HB,,,Szymon Kielan,R,196,POL,18.771,1925,1,7-5 6-4,3,R16,98,0,0,68,52,35,7,11,0,3,1,6,74,38,25,14,11,8,13
2021-9548,Warsaw,Clay,32,C,,20210829,24,V0B2,,,Michael Vrbensky,R,,CZE,21.676,328,155,V762,,,Jeroen Vanneste,R,183,BEL,27.614,495,74,6-0 4-6 6-3,3,R16,116,3,2,88,52,35,19,13,10,12,0,3,64,43,26,7,12,2,7
2021-9548,Warsaw,Clay,32,C,,20210829,25,KC04,2,,Jozef Kovalik,R,183,SVK,28.816,121,670,MO55,,,Lucas Miedler,R,183,AUT,25.188,327,156,6-4 6-4,3,QF,90,1,0,52,27,22,15,10,0,1,3,2,56,36,23,9,10,2,5
2021-9548,Warsaw,Clay,32,C,,20210829,26,BV25,,,Javier Barranco Cosano,L,180,ESP,22.782,312,168,KI63,3,,Lukas Klein,R,193,SVK,23.439,251,261,3-6 6-3 6-4,3,QF,114,0,2,81,49,32,18,14,1,5,1,5,84,55,36,11,14,5,10
2021-9548,Warsaw,Clay,32,C,,20210829,27,U182,,,Camilo Ugo Carabelli,R,185,ARG,22.201,296,191,J551,6,,Nicolas Jarry,R,201,CHI,25.884,238,288,6-2 6-2,3,QF,77,1,1,51,28,19,15,8,1,1,5,6,48,28,18,7,8,4,8
2021-9548,Warsaw,Clay,32,C,,20210829,28,SP80,,,Nino Serdarusic,R,191,CRO,24.709,272,225,V0B2,,,Michael Vrbensky,R,,CZE,21.676,328,155,7-6(1) 6-2,3,QF,108,7,2,70,45,34,12,10,3,5,5,1,61,33,18,12,10,4,8
2021-9548,Warsaw,Clay,32,C,,20210829,29,SP80,,,Nino Serdarusic,R,191,CRO,24.709,272,225,KC04,2,,Jozef Kovalik,R,183,SVK,28.816,121,670,7-6(3) 7-6(6),3,SF,126,10,1,79,49,39,19,12,0,0,1,2,79,36,28,29,12,2,2
2021-9548,Warsaw,Clay,32,C,,20210829,30,U182,,,Camilo Ugo Carabelli,R,185,ARG,22.201,296,191,BV25,,,Javier Barranco Cosano,L,180,ESP,22.782,312,168,3-6 6-4 7-6(0),3,SF,178,3,4,107,69,47,20,15,8,12,6,4,117,66,41,26,16,15,19
2021-9548,Warsaw,Clay,32,C,,20210829,31,U182,,,Camilo Ugo Carabelli,R,185,ARG,22.201,296,191,SP80,,,Nino Serdarusic,R,191,CRO,24.709,272,225,6-4 6-2,3,F,92,1,3,55,39,27,9,9,0,1,5,2,53,25,17,12,9,1,5
2021-3473,Como,Clay,32,C,,20210830,1,AE14,1,,Daniel Altmaier,R,188,GER,22.965,106,753,D985,,,Joao Domingues,R,,POR,27.901,243,279,6-2 6-0,3,R32,69,2,2,48,27,20,12,7,2,3,2,4,55,36,15,6,7,4,10
2021-3473,Como,Clay,32,C,,20210830,2,KC04,2,,Jozef Kovalik,R,183,SVK,28.819,118,689,LB51,,,Julian Lenz,R,188,GER,28.531,298,193,7-5 6-2,3,R32,93,5,0,62,31,22,17,10,3,5,2,2,59,35,17,12,10,4,9
2021-3473,Como,Clay,32,C,,20210830,3,MF35,3,,Andrej Martin,R,183,SVK,31.943,122,667,F0A4,,,Francesco Forti,R,188,ITA,22.097,342,145,5-7 6-2 6-1,3,R32,129,3,3,84,54,37,17,13,5,7,1,4,92,59,39,10,14,8,14
2021-3473,Como,Clay,32,C,,20210830,4,C0C8,4,,Juan Manuel Cerundolo,L,183,ARG,19.789,135,594,LC11,,,Tristan Lamasine,R,183,FRA,28.487,260,248,6-4 7-6(2),3,R32,103,0,1,71,53,33,11,11,4,7,1,2,77,56,35,5,11,2,6
2021-3473,Como,Clay,32,C,,20210830,5,GB53,5,,Federico Gaio,R,178,ITA,29.487,159,476,CH73,,,Petros Chrysochos,R,185,CYP,25.394,378,118,6-1 3-6 6-3,3,R32,109,2,3,73,43,34,18,13,3,5,3,2,91,62,40,11,12,8,12
2021-3473,Como,Clay,32,C,,20210830,6,KB54,,,Andrey Kuznetsov,R,183,RUS,30.519,280,217,N897,6,,Sumit Nagal,R,178,IND,24.038,164,456,6-4 7-6(4),3,R32,120,4,1,79,50,35,18,11,2,3,0,0,80,57,37,12,11,2,4
2021-3473,Como,Clay,32,C,,20210830,7,SP80,,,Nino Serdarusic,R,191,CRO,24.712,247,267,HH06,7,,Marc-Andrea Huesler,L,196,SUI,25.183,169,438,6-4 6-3,3,R32,80,6,1,56,37,29,13,10,1,1,8,5,69,41,28,12,9,7,9
2021-3473,Como,Clay,32,C,,20210830,8,AA27,,,Franco Agamenone,R,191,ITA,28.375,291,201,BT72,,,Nuno Borges,R,185,POR,24.526,283,213,6-3 6-1,3,R32,68,2,1,46,34,26,6,8,4,5,1,0,49,35,17,6,8,5,10
2021-3473,Como,Clay,32,C,,20210830,9,A622,,,Andrea Arnaboldi,L,180,ITA,33.676,300,187,G681,,,Teymuraz Gabashvili,R,185,GEO,36.271,271,235,7-6(5) 6-2,3,R32,84,5,3,64,37,29,17,10,4,4,1,6,59,35,25,13,10,2,4
2021-3473,Como,Clay,32,C,,20210830,10,BI47,,,Riccardo Bonadio,R,180,ITA,28.131,307,180,E928,,,Alexander Erler,R,193,AUT,23.841,327,158,3-6 6-3 6-3,3,R32,130,5,5,93,46,32,25,14,6,9,8,3,87,59,40,13,13,4,8
2021-3473,Como,Clay,32,C,,20210830,11,C0E9,,,Flavio Cobolli,R,183,ITA,19.318,281,215,CG32,,,Julien Cagnina,R,183,BEL,27.239,759,27,6-1 3-3 RET,3,R32,,2,3,45,26,18,12,7,1,2,3,4,42,23,16,7,6,3,6
2021-3473,Como,Clay,32,C,,20210830,12,I09N,,,Federico Iannaccone,R,183,ITA,22.431,850,21,U182,,,Camilo Ugo Carabelli,R,185,ARG,22.204,249,266,5-7 6-3 6-4,3,R32,168,1,4,89,58,40,15,15,3,7,1,4,103,72,45,11,16,10,16
2021-3473,Como,Clay,32,C,,20210830,13,MN70,,,Joao Menezes,R,185,BRA,24.701,224,305,FC26,,,Evan Furness,R,173,FRA,23.047,296,195,4-1 RET,3,R32,,2,0,10,4,4,4,2,0,0,2,2,21,13,6,3,3,1,3
2021-3473,Como,Clay,32,C,,20210830,14,MP83,,,Gian Marco Moroni,R,185,ITA,23.543,253,263,V717,,,Alexey Vatutin,R,178,RUS,28.841,332,154,3-0 RET,3,R32,,2,0,8,6,6,2,2,0,0,0,1,13,8,3,2,1,1,2
2021-3473,Como,Clay,32,C,,20210830,15,VA08,,,Andrea Vavassori,R,193,ITA,26.322,358,129,D0CO,,,Jack Draper,L,193,GBR,19.688,272,232,6-4 2-6 6-3,3,R32,143,2,6,92,54,38,18,14,7,11,6,8,101,59,40,16,13,12,16
2021-3473,Como,Clay,32,C,,20210830,16,Z0A1,,,Giulio Zeppieri,L,183,ITA,19.729,251,265,MO55,,,Lucas Miedler,R,183,AUT,25.191,315,167,4-6 6-2 6-4,3,R32,122,2,1,82,48,36,17,14,4,7,1,0,91,56,33,17,14,6,11
2021-3473,Como,Clay,32,C,,20210830,17,AE14,1,,Daniel Altmaier,R,188,GER,22.965,106,753,MN70,,,Joao Menezes,R,185,BRA,24.701,224,305,6-0 7-5,3,R16,87,2,2,47,28,21,13,9,0,1,3,0,63,37,23,9,9,5,10
2021-3473,Como,Clay,32,C,,20210830,18,KC04,2,,Jozef Kovalik,R,183,SVK,28.819,118,689,AA27,,,Franco Agamenone,R,191,ITA,28.375,291,201,6-2 7-6(1),3,R16,113,0,1,70,36,25,18,10,2,4,0,2,73,49,26,9,10,2,6
2021-3473,Como,Clay,32,C,,20210830,19,A622,,,Andrea Arnaboldi,L,180,ITA,33.676,300,187,MF35,3,,Andrej Martin,R,183,SVK,31.943,122,667,4-6 6-4 6-3,3,R16,138,2,1,86,46,37,21,15,0,3,3,2,100,54,35,24,14,5,9
2021-3473,Como,Clay,32,C,,20210830,20,C0C8,4,,Juan Manuel Cerundolo,L,183,ARG,19.789,135,594,Z0A1,,,Giulio Zeppieri,L,183,ITA,19.729,251,265,5-0 RET,3,R16,22,0,0,12,9,6,2,2,0,0,0,1,18,10,4,1,3,2,5
2021-3473,Como,Clay,32,C,,20210830,21,MP83,,,Gian Marco Moroni,R,185,ITA,23.543,253,263,GB53,5,,Federico Gaio,R,178,ITA,29.487,159,476,7-5 6-1,3,R16,86,7,2,54,35,29,10,10,0,1,2,7,64,40,25,8,9,5,9
2021-3473,Como,Clay,32,C,,20210830,22,BI47,,,Riccardo Bonadio,R,180,ITA,28.131,307,180,I09N,,,Federico Iannaccone,R,183,ITA,22.431,850,21,6-2 6-1,3,R16,76,1,1,46,25,19,13,8,2,3,0,6,45,24,11,6,7,5,10
2021-3473,Como,Clay,32,C,,20210830,23,SP80,,,Nino Serdarusic,R,191,CRO,24.712,247,267,C0E9,,,Flavio Cobolli,R,183,ITA,19.318,281,215,6-4 6-0,3,R16,66,0,1,43,31,25,8,8,0,0,2,5,61,39,24,7,8,7,11
2021-3473,Como,Clay,32,C,,20210830,24,VA08,,,Andrea Vavassori,R,193,ITA,26.322,358,129,KB54,,,Andrey Kuznetsov,R,183,RUS,30.519,280,217,2-6 6-3 6-4,3,R16,108,7,4,87,53,33,18,14,3,7,3,9,76,39,30,15,13,2,6
2021-3473,Como,Clay,32,C,,20210830,25,AE14,1,,Daniel Altmaier,R,188,GER,22.965,106,753,BI47,,,Riccardo Bonadio,R,180,ITA,28.131,307,180,7-6(3) 6-3,3,QF,118,3,0,72,45,33,14,11,2,4,1,3,70,32,19,21,10,6,9
2021-3473,Como,Clay,32,C,,20210830,26,VA08,,,Andrea Vavassori,R,193,ITA,26.322,358,129,KC04,2,,Jozef Kovalik,R,183,SVK,28.819,118,689,6-3 6-4,3,QF,96,7,1,66,43,29,15,10,1,2,1,2,65,39,27,10,9,5,8
2021-3473,Como,Clay,32,C,,20210830,27,C0C8,4,,Juan Manuel Cerundolo,L,183,ARG,19.789,135,594,SP80,,,Nino Serdarusic,R,191,CRO,24.712,247,267,7-5 6-2,3,QF,94,0,2,69,49,31,9,10,2,5,1,4,60,32,18,9,10,2,8
2021-3473,Como,Clay,32,C,,20210830,28,MP83,,,Gian Marco Moroni,R,185,ITA,23.543,253,263,A622,,,Andrea Arnaboldi,L,180,ITA,33.676,300,187,6-3 4-6 6-2,3,QF,162,9,7,104,62,47,21,14,11,12,0,2,93,51,31,24,13,3,6
2021-3473,Como,Clay,32,C,,20210830,29,C0C8,4,,Juan Manuel Cerundolo,L,183,ARG,19.789,135,594,AE14,1,,Daniel Altmaier,R,188,GER,22.965,106,753,6-4 3-0 RET,3,SF,62,0,4,40,33,21,1,7,2,5,0,2,43,23,10,7,6,6,11
2021-3473,Como,Clay,32,C,,20210830,30,MP83,,,Gian Marco Moroni,R,185,ITA,23.543,253,263,VA08,,,Andrea Vavassori,R,193,ITA,26.322,358,129,6-3 3-6 4-0 RET,3,SF,121,3,6,70,44,34,11,11,3,5,2,8,86,40,25,22,11,10,14
2021-3473,Como,Clay,32,C,,20210830,31,C0C8,4,,Juan Manuel Cerundolo,L,183,ARG,19.789,135,594,MP83,,,Gian Marco Moroni,R,185,ITA,23.543,253,263,7-5 7-6(7),3,F,137,1,3,91,65,35,14,12,5,10,0,2,83,57,33,8,12,1,7
2021-7973,Mallorca,Hard,32,C,,20210830,1,U134,1,,Yasutaka Uchiyama,R,183,JPN,29.068,123,665,D916,,,Steven Diez,R,175,CAN,30.456,199,361,4-6 3-3 RET,3,R32,83,2,1,45,29,22,8,8,0,2,0,2,53,32,25,10,8,1,2
2021-7973,Mallorca,Hard,32,C,,20210830,2,V306,2,,Fernando Verdasco,L,188,ESP,37.791,132,606,MW18,,,Nicolas Moreno De Alboran,R,185,USA,24.129,349,138,6-3 6-2,3,R32,82,0,0,68,52,39,6,9,6,6,2,1,51,34,21,7,8,0,3
2021-7973,Mallorca,Hard,32,C,,20210830,3,V490,,,Matteo Viola,R,185,ITA,34.149,270,235,BI23,3,,Liam Broady,L,183,GBR,27.652,147,522,6-4 3-6 6-4,3,R32,147,2,8,94,58,42,14,14,2,5,6,1,98,52,39,22,15,6,10
2021-7973,Mallorca,Hard,32,C,,20210830,4,SH90,4,,Joao Sousa,R,185,POR,32.419,149,505,MI01,,,Hiroki Moriya,R,168,JPN,30.872,286,209,6-4 1-6 7-5,3,R32,170,8,2,91,51,32,24,14,5,8,2,7,126,77,47,25,15,15,18
2021-7973,Mallorca,Hard,32,C,,20210830,5,O513,5,,Sebastian Ofner,R,191,AUT,25.3,168,439,Q941,,,Roberto Quiroz,L,193,ECU,29.517,294,200,6-7(5) 6-3 6-2,3,R32,151,7,5,102,60,47,19,15,3,5,3,4,114,69,39,26,14,14,19
2021-7973,Mallorca,Hard,32,C,,20210830,6,BS86,6,,Tomas Barrios Vera,R,191,CHI,23.721,172,432,A09U,,,Nicolas Alvarez Varona,R,188,ESP,20.285,503,73,6-4 7-6(3),3,R32,105,7,1,68,41,33,16,11,5,7,12,1,81,40,27,18,11,3,6
2021-7973,Mallorca,Hard,32,C,,20210830,7,KC33,,,Dimitar Kuzmanov,R,183,BUL,28.09,235,292,Z09D,7,,Kacper Zuk,R,183,POL,22.606,173,428,6-3 6-4,3,R32,76,4,1,58,41,37,6,10,2,2,2,5,52,21,16,16,9,2,4
2021-7973,Mallorca,Hard,32,C,,20210830,8,K839,,,Tobias Kamke,R,178,GER,35.277,252,263,RA51,8,,Blaz Rola,L,193,SLO,30.902,179,410,6-4 6-4,3,R32,92,0,6,63,35,26,11,10,1,4,4,2,65,35,22,11,10,4,9
2021-7973,Mallorca,Hard,32,C,,20210830,9,CF10,,,Nick Chappell,L,178,USA,28.945,352,136,KD87,,,Evgeny Karlovskiy,R,191,RUS,27.064,293,200,6-3 6-1,3,R32,46,5,0,43,32,24,9,8,0,0,0,1,49,39,19,4,8,4,8
2021-7973,Mallorca,Hard,32,C,,20210830,10,SN54,,,Frederico Ferreira Silva,L,178,POR,26.453,180,404,TA46,,,Bernard Tomic,R,196,AUS,28.857,265,241,6-3 6-1,3,R32,54,8,2,44,26,22,13,8,4,4,7,1,55,39,23,5,8,4,8
2021-7973,Mallorca,Hard,32,C,,20210830,11,GG65,,,Michael Geerts,R,178,BEL,26.617,316,165,I230,,,Tatsuma Ito,R,180,JPN,33.284,240,283,4-6 6-2 6-1,3,R32,114,3,0,77,47,38,14,13,4,6,6,1,75,46,26,15,12,11,16
2021-7973,Mallorca,Hard,32,C,,20210830,12,KE64,,,Stefan Kozlov,R,183,USA,23.576,312,171,R0FP,,,Daniel Rincon,L,185,ESP,18.645,1215,6,6-3 1-6 6-1,3,R32,116,3,3,80,54,37,11,12,4,6,3,8,73,45,33,12,11,4,7
2021-7973,Mallorca,Hard,32,C,,20210830,13,L797,,,Lukas Lacko,R,188,SVK,33.823,197,362,HB31,,,Johannes Haerteis,L,196,GER,25.52,367,127,6-2 6-3,3,R32,71,2,0,51,28,19,13,8,3,4,3,4,55,33,19,8,9,4,9
2021-7973,Mallorca,Hard,32,C,,20210830,14,O340,,,Roberto Ortega-Olmedo,R,168,ESP,30.335,329,157,M0AW,,,Nicolas Mejia,R,183,COL,21.55,301,186,7-5 7-5,3,R32,127,1,2,71,42,34,15,12,4,5,4,4,83,51,35,14,12,9,12
2021-7973,Mallorca,Hard,32,C,,20210830,15,RB56,,,Ramkumar Ramanathan,R,188,IND,26.809,204,357,G985,,,Carlos Gomez-Herrera,R,191,ESP,31.335,383,116,6-7(1) 6-4 7-5,3,R32,134,14,1,96,67,55,14,17,1,2,4,5,91,59,47,21,17,1,4
2021-7973,Mallorca,Hard,32,C,,20210830,16,Z423,,,Jan Zielinski,R,180,POL,24.786,899,17,G892,,,Alejandro Gonzalez,R,191,COL,32.559,458,87,6-7(5) 7-6(1) 6-4,3,R32,202,13,3,115,72,57,20,17,8,11,1,3,138,86,57,23,17,5,9
2021-7973,Mallorca,Hard,32,C,,20210830,17,U134,1,,Yasutaka Uchiyama,R,183,JPN,29.068,123,665,Z423,,,Jan Zielinski,R,180,POL,24.786,899,17,6-1 6-2,3,R16,56,4,1,38,25,23,9,8,0,0,4,4,46,24,14,8,7,3,7
2021-7973,Mallorca,Hard,32,C,,20210830,18,V306,2,,Fernando Verdasco,L,188,ESP,37.791,132,606,KE64,,,Stefan Kozlov,R,183,USA,23.576,312,171,1-6 7-6(6) 6-2,3,R16,155,3,2,93,65,36,19,13,3,7,3,1,91,56,36,18,14,3,7
2021-7973,Mallorca,Hard,32,C,,20210830,19,SH90,4,,Joao Sousa,R,185,POR,32.419,149,505,O340,,,Roberto Ortega-Olmedo,R,168,ESP,30.335,329,157,6-3 6-3,3,R16,92,5,1,63,41,30,13,9,5,5,0,4,68,38,24,14,9,4,7
2021-7973,Mallorca,Hard,32,C,,20210830,20,RB56,,,Ramkumar Ramanathan,R,188,IND,26.809,204,357,O513,5,,Sebastian Ofner,R,191,AUT,25.3,168,439,7-5 RET,3,R16,40,6,1,30,17,12,8,6,0,1,6,2,34,19,13,7,6,2,4
2021-7973,Mallorca,Hard,32,C,,20210830,21,GG65,,,Michael Geerts,R,178,BEL,26.617,316,165,BS86,6,,Tomas Barrios Vera,R,191,CHI,23.721,172,432,4-6 6-2 6-1,3,R16,130,12,3,96,61,47,13,13,4,6,3,2,79,50,30,12,12,6,11
2021-7973,Mallorca,Hard,32,C,,20210830,22,SN54,,,Frederico Ferreira Silva,L,178,POR,26.453,180,404,V490,,,Matteo Viola,R,185,ITA,34.149,270,235,3-6 7-5 6-0,3,R16,146,4,2,89,52,37,12,13,6,11,1,5,93,64,38,7,14,5,13
2021-7973,Mallorca,Hard,32,C,,20210830,23,K839,,,Tobias Kamke,R,178,GER,35.277,252,263,CF10,,,Nick Chappell,L,178,USA,28.945,352,136,6-2 6-4,3,R16,96,1,0,69,46,32,12,9,7,8,2,0,70,51,28,9,9,8,12
2021-7973,Mallorca,Hard,32,C,,20210830,24,L797,,,Lukas Lacko,R,188,SVK,33.823,197,362,KC33,,,Dimitar Kuzmanov,R,183,BUL,28.09,235,292,6-2 7-6(9),3,R16,104,8,0,67,47,34,11,10,2,4,5,0,74,52,33,12,10,3,7
2021-7973,Mallorca,Hard,32,C,,20210830,25,U134,1,,Yasutaka Uchiyama,R,183,JPN,29.068,123,665,RB56,,,Ramkumar Ramanathan,R,188,IND,26.809,204,357,4-6 6-4 7-6(5),3,QF,155,9,3,109,71,51,24,16,2,3,15,5,98,54,48,24,16,0,1
2021-7973,Mallorca,Hard,32,C,,20210830,26,K839,,,Tobias Kamke,R,178,GER,35.277,252,263,V306,2,,Fernando Verdasco,L,188,ESP,37.791,132,606,6-3 6-1,3,QF,87,1,4,64,34,24,16,8,3,3,2,3,47,30,20,4,8,1,5
2021-7973,Mallorca,Hard,32,C,,20210830,27,GG65,,,Michael Geerts,R,178,BEL,26.617,316,165,SH90,4,,Joao Sousa,R,185,POR,32.419,149,505,2-6 6-3 6-4,3,QF,144,4,4,89,52,36,17,14,1,4,4,0,78,41,28,23,13,6,9
2021-7973,Mallorca,Hard,32,C,,20210830,28,L797,,,Lukas Lacko,R,188,SVK,33.823,197,362,SN54,,,Frederico Ferreira Silva,L,178,POR,26.453,180,404,7-5 7-5,3,QF,122,10,3,79,47,37,16,12,4,5,3,0,79,38,27,19,12,7,10
2021-7973,Mallorca,Hard,32,C,,20210830,29,U134,1,,Yasutaka Uchiyama,R,183,JPN,29.068,123,665,GG65,,,Michael Geerts,R,178,BEL,26.617,316,165,4-6 6-1 7-5,3,SF,153,9,2,98,60,43,19,15,2,5,4,6,85,54,39,9,14,4,9
2021-7973,Mallorca,Hard,32,C,,20210830,30,L797,,,Lukas Lacko,R,188,SVK,33.823,197,362,K839,,,Tobias Kamke,R,178,GER,35.277,252,263,6-0 6-3,3,SF,59,2,0,34,24,19,10,7,0,0,1,1,49,30,16,9,8,2,7
2021-7973,Mallorca,Hard,32,C,,20210830,31,L797,,,Lukas Lacko,R,188,SVK,33.823,197,362,U134,1,,Yasutaka Uchiyama,R,183,JPN,29.068,123,665,5-7 7-6(8) 6-1,3,F,170,7,2,116,76,55,22,16,9,12,12,0,116,75,51,20,15,9,13
2021-9552,St. Tropez,Hard,32,C,,20210830,1,BM95,1,,Benjamin Bonzi,R,183,FRA,25.224,94,821,BK19,,,Mathias Bourgue,R,188,FRA,27.614,194,365,7-6(5) 6-2,3,R32,101,7,1,73,40,33,16,10,2,3,7,5,82,53,38,10,10,10,13
2021-9552,St. Tropez,Hard,32,C,,20210830,2,O483,2,,Christopher O'Connell,R,183,AUS,27.242,126,634,B0AY,,,Jurgen Briand,R,178,FRA,22.634,688,35,6-2 6-4,3,R32,75,1,2,56,32,23,14,9,4,6,3,1,53,31,16,10,9,3,8
2021-9552,St. Tropez,Hard,32,C,,20210830,3,BK24,3,,Gregoire Barrere,R,183,FRA,27.535,136,585,R0EB,,,Valentin Royer,R,188,FRA,20.255,594,53,7-6(4) 6-1,3,R32,80,5,5,69,46,34,12,10,6,7,5,4,71,41,29,13,9,7,10
2021-9552,St. Tropez,Hard,32,C,,20210830,4,GF95,,,Hugo Grenier,R,196,FRA,25.437,241,281,GA94,4,,Prajnesh Gunneswaran,L,188,IND,31.797,156,481,7-5 6-3,3,R32,85,8,4,50,30,28,13,10,0,0,2,1,78,48,33,13,11,7,10
2021-9552,St. Tropez,Hard,32,C,,20210830,5,C0H0,,,Arthur Cazaux,R,183,FRA,19.02,359,129,SX50,5,,Roman Safiullin,R,185,RUS,24.063,163,457,6-7(4) 7-6(3) 6-1,3,R32,149,10,5,98,49,33,27,15,3,7,6,10,115,69,49,14,16,8,15
2021-9552,St. Tropez,Hard,32,C,,20210830,6,V0DZ,,,Luca Van Assche,R,178,FRA,17.303,1185,7,Y218,6,,Elias Ymer,R,185,SWE,25.388,167,439,6-4 6-3,3,R32,95,1,5,55,38,32,8,9,0,0,4,2,76,39,27,17,10,6,9
2021-9552,St. Tropez,Hard,32,C,,20210830,7,F586,,,Thomas Fabbiano,R,173,ITA,32.263,211,329,CH05,7,,Altug Celikbilek,R,183,TUR,24.977,174,427,7-6(4) 7-6(4),3,R32,128,3,4,95,65,40,13,12,10,14,10,5,85,36,24,20,12,6,10
2021-9552,St. Tropez,Hard,32,C,,20210830,8,KD46,8,,Thanasi Kokkinakis,R,193,AUS,25.388,185,387,AB71,,,JC Aragone,R,178,USA,26.174,311,173,6-3 7-5,3,R32,104,8,6,60,36,31,7,10,1,3,0,10,80,44,24,17,11,3,8
2021-9552,St. Tropez,Hard,32,C,,20210830,9,BM05,,,Bogdan Bobrov,R,185,RUS,23.953,452,89,BU13,,,Zizou Bergs,R,185,BEL,22.242,200,361,6-4 7-5,3,R32,100,2,1,67,39,29,17,11,4,5,2,1,72,40,26,16,11,4,7
2021-9552,St. Tropez,Hard,32,C,,20210830,10,CG33,,,Kimmer Coppejans,R,178,BEL,27.559,208,339,G0BY,,,Daniil Glinka,L,188,EST,21.3,816,23,6-3 6-3,3,R32,58,4,3,49,33,25,11,9,0,1,4,4,54,33,20,9,9,3,7
2021-9552,St. Tropez,Hard,32,C,,20210830,11,CG94,,,Enzo Couacaud,R,183,FRA,26.5,189,380,GH33,,,Manuel Guinard,R,198,FRA,25.791,279,218,7-6(5) 6-4,3,R32,87,10,3,69,36,30,21,11,4,5,5,2,71,38,26,21,11,3,5
2021-9552,St. Tropez,Hard,32,C,,20210830,12,GK06,,,Alexis Galarneau,R,180,CAN,22.497,418,99,A09T,,,Dan Added,R,183,FRA,22.382,427,97,6-1 6-3,3,R32,70,9,3,55,35,26,12,8,3,3,0,3,46,24,12,9,8,2,6
2021-9552,St. Tropez,Hard,32,C,,20210830,13,J0AZ,,,Kyrian Jacquet,R,175,FRA,20.304,320,162,I165,,,Denis Istomin,R,185,UZB,34.979,207,344,6-4 3-6 6-1,3,R32,97,8,5,77,40,32,21,13,2,4,3,2,77,53,34,12,13,3,7
2021-9552,St. Tropez,Hard,32,C,,20210830,14,LB66,,,Constant Lestienne,R,180,FRA,29.27,248,266,HB35,,,Maxime Hamou,R,185,FRA,26.229,460,87,6-1 6-4,3,R32,47,8,2,43,23,20,16,9,0,0,6,4,48,25,16,9,8,6,9
2021-9552,St. Tropez,Hard,32,C,,20210830,15,MW54,,,Dragos Nicolae Madaras,L,191,SWE,23.964,474,82,SC47,,,Go Soeda,R,178,JPN,36.983,186,384,2-6 6-4 6-3,3,R32,139,9,5,86,54,41,10,13,10,14,2,3,107,68,42,18,14,12,17
2021-9552,St. Tropez,Hard,32,C,,20210830,16,MP20,,,Alexandre Muller,R,183,FRA,24.575,196,363,MN20,,,Daniel Masur,R,183,GER,26.815,209,338,6-1 4-6 6-3,3,R32,108,7,3,85,67,47,10,13,6,8,4,1,75,48,29,14,13,4,9
2021-9552,St. Tropez,Hard,32,C,,20210830,17,BM95,1,,Benjamin Bonzi,R,183,FRA,25.224,94,821,J0AZ,,,Kyrian Jacquet,R,175,FRA,20.304,320,162,7-5 6-3,3,R16,76,8,3,61,34,27,17,10,2,2,5,1,64,44,27,10,11,2,5
2021-9552,St. Tropez,Hard,32,C,,20210830,18,O483,2,,Christopher O'Connell,R,183,AUS,27.242,126,634,MW54,,,Dragos Nicolae Madaras,L,191,SWE,23.964,474,82,6-1 6-4,3,R16,65,8,0,42,32,26,7,9,0,1,1,4,62,37,24,9,8,6,10
2021-9552,St. Tropez,Hard,32,C,,20210830,19,BK24,3,,Gregoire Barrere,R,183,FRA,27.535,136,585,CG33,,,Kimmer Coppejans,R,178,BEL,27.559,208,339,1-6 7-5 6-3,3,R16,107,4,4,83,57,41,12,14,2,5,7,3,87,49,35,20,14,5,8
2021-9552,St. Tropez,Hard,32,C,,20210830,20,KD46,8,,Thanasi Kokkinakis,R,193,AUS,25.388,185,387,BM05,,,Bogdan Bobrov,R,185,RUS,23.953,452,89,6-0 6-2,3,R16,64,5,1,36,20,18,11,7,0,0,2,1,51,28,12,10,7,3,8
2021-9552,St. Tropez,Hard,32,C,,20210830,21,CG94,,,Enzo Couacaud,R,183,FRA,26.5,189,380,V0DZ,,,Luca Van Assche,R,178,FRA,17.303,1185,7,6-3 6-2,3,R16,55,5,1,43,22,21,15,9,0,0,4,1,47,24,17,7,8,0,3
2021-9552,St. Tropez,Hard,32,C,,20210830,22,GF95,,,Hugo Grenier,R,196,FRA,25.437,241,281,GK06,,,Alexis Galarneau,R,180,CAN,22.497,418,99,6-1 6-0,3,R16,67,6,6,43,28,19,8,6,3,4,1,3,51,27,14,3,7,3,10
2021-9552,St. Tropez,Hard,32,C,,20210830,23,LB66,,,Constant Lestienne,R,180,FRA,29.27,248,266,F586,,,Thomas Fabbiano,R,173,ITA,32.263,211,329,2-6 6-1 6-4,3,R16,120,8,5,80,50,38,10,13,7,11,4,3,84,53,36,9,12,8,13
2021-9552,St. Tropez,Hard,32,C,,20210830,24,MP20,,,Alexandre Muller,R,183,FRA,24.575,196,363,C0H0,,,Arthur Cazaux,R,183,FRA,19.02,359,129,6-2 6-3,3,R16,90,4,2,59,45,32,7,8,7,7,3,3,59,24,20,11,9,1,5
2021-9552,St. Tropez,Hard,32,C,,20210830,25,BM95,1,,Benjamin Bonzi,R,183,FRA,25.224,94,821,CG94,,,Enzo Couacaud,R,183,FRA,26.5,189,380,6-1 6-4,3,QF,60,6,3,55,32,23,14,9,2,3,3,3,56,34,20,9,8,4,8
2021-9552,St. Tropez,Hard,32,C,,20210830,26,O483,2,,Christopher O'Connell,R,183,AUS,27.242,126,634,MP20,,,Alexandre Muller,R,183,FRA,24.575,196,363,7-6(5) 6-4,3,QF,103,3,4,69,49,40,6,11,4,7,4,1,66,52,33,4,11,0,4
2021-9552,St. Tropez,Hard,32,C,,20210830,27,KD46,8,,Thanasi Kokkinakis,R,193,AUS,25.388,185,387,BK24,3,,Gregoire Barrere,R,183,FRA,27.535,136,585,7-6(5) 6-7(4) 6-4,3,QF,180,15,3,132,83,59,23,17,9,12,2,1,109,69,50,21,17,2,6
2021-9552,St. Tropez,Hard,32,C,,20210830,28,GF95,,,Hugo Grenier,R,196,FRA,25.437,241,281,LB66,,,Constant Lestienne,R,180,FRA,29.27,248,266,7-5 6-4,3,QF,125,10,5,76,51,36,14,11,6,7,2,4,84,54,34,14,11,13,16
2021-9552,St. Tropez,Hard,32,C,,20210830,29,BM95,1,,Benjamin Bonzi,R,183,FRA,25.224,94,821,GF95,,,Hugo Grenier,R,196,FRA,25.437,241,281,4-6 6-3 6-2,3,SF,117,4,0,75,34,27,27,14,1,2,6,3,87,55,37,15,13,7,10
2021-9552,St. Tropez,Hard,32,C,,20210830,30,O483,2,,Christopher O'Connell,R,183,AUS,27.242,126,634,KD46,8,,Thanasi Kokkinakis,R,193,AUS,25.388,185,387,6-1 7-6(3),3,SF,113,4,1,65,44,36,12,10,0,0,10,2,73,38,25,19,9,8,10
2021-9552,St. Tropez,Hard,32,C,,20210830,31,BM95,1,,Benjamin Bonzi,R,183,FRA,25.224,94,821,O483,2,,Christopher O'Connell,R,183,AUS,27.242,126,634,6-7(10) 6-1 RET,3,F,101,12,3,64,42,34,12,10,3,4,8,3,86,51,36,15,9,8,11
2021-784,Seville,Clay,32,C,,20210911,1,A596,1,,Pablo Andujar,R,180,ESP,35.633,74,970,BV25,,,Javier Barranco Cosano,L,180,ESP,22.817,297,194,6-2 7-5,3,R32,107,0,2,58,42,25,8,10,4,7,2,4,71,38,22,11,10,7,13
2021-784,Seville,Clay,32,C,,20210911,2,MO44,2,,Pedro Martinez,R,185,ESP,24.378,75,950,N0AM,,,Emilio Nava,R,185,USA,19.775,385,115,7-5 6-4,3,R32,93,2,1,65,49,41,6,11,1,1,10,0,59,47,35,6,11,4,6
2021-784,Seville,Clay,32,C,,20210911,3,CF59,3,,Roberto Carballes Baena,R,183,ESP,28.471,95,819,O507,,,Julian Ocleppo,R,191,ITA,24.112,350,137,6-2 3-6 6-3,3,R32,135,2,1,79,52,38,17,13,3,4,1,4,94,57,36,21,13,8,11
2021-784,Seville,Clay,32,C,,20210911,4,TE16,4,,Carlos Taberner,R,183,ESP,24.093,105,758,GF23,,,Lucas Gerch,L,193,GER,26.727,475,82,6-1 6-4,3,R32,79,4,2,57,48,37,4,9,2,2,6,4,61,33,21,11,8,3,6
2021-784,Seville,Clay,32,C,,20210911,5,Z419,5,,Bernabe Zapata Miralles,R,183,ESP,24.663,116,702,BM03,,,Filippo Baldi,R,180,ITA,25.67,319,163,6-3 6-2,3,R32,72,1,1,52,31,26,11,9,0,1,1,1,47,32,18,6,8,4,8
2021-784,Seville,Clay,32,C,,20210911,6,GB53,6,,Federico Gaio,R,178,ITA,29.52,159,476,G681,,,Teymuraz Gabashvili,R,185,GEO,36.304,271,235,6-2 6-1,3,R32,56,4,1,43,28,23,10,8,1,1,0,6,50,23,13,10,7,3,7
2021-784,Seville,Clay,32,C,,20210911,7,BS86,7,,Tomas Barrios Vera,R,191,CHI,23.754,172,432,S0GZ,,,Nikolas Sanchez Izquierdo,R,185,ESP,22.494,351,137,4-6 6-2 7-5,3,R32,144,2,2,94,59,43,16,15,7,10,2,4,91,51,32,21,15,3,8
2021-784,Seville,Clay,32,C,,20210911,8,C0E9,,,Flavio Cobolli,R,183,ITA,19.351,281,215,GA79,8,,Lorenzo Giustino,R,180,ITA,30.004,238,289,6-0 6-2,3,R32,73,1,0,39,27,21,9,7,2,2,1,0,55,33,15,8,7,4,9
2021-784,Seville,Clay,32,C,,20210911,9,A0AB,,,Adrian Andreev,R,175,BUL,20.334,336,150,O340,,,Roberto Ortega-Olmedo,R,168,ESP,30.368,329,157,7-6(2) 6-0,3,R32,96,3,2,68,43,29,11,9,3,5,1,5,66,43,24,8,9,6,11
2021-784,Seville,Clay,32,C,,20210911,10,BV24,,,Raul Brancaccio,R,183,ITA,24.356,340,146,O660,,,Genaro Alberto Olivieri,R,175,ARG,23.105,353,136,6-2 2-6 7-6(4),3,R32,161,1,6,99,58,40,17,14,2,6,1,7,96,52,32,25,14,2,6
2021-784,Seville,Clay,32,C,,20210911,11,D0FJ,,,Luciano Darderi,R,183,ITA,19.573,581,55,G0AV,,,Carlos Gimeno Valero,R,191,ESP,20.214,266,241,3-0 RET,3,R32,15,1,0,12,5,4,5,2,1,1,0,3,6,3,2,0,1,0,1
2021-784,Seville,Clay,32,C,,20210911,12,D0CO,,,Jack Draper,L,193,GBR,19.721,272,232,GG65,,,Michael Geerts,R,178,BEL,26.65,316,165,6-3 6-2,3,R32,90,10,4,63,39,31,11,9,2,2,1,1,49,34,22,5,8,3,6
2021-784,Seville,Clay,32,C,,20210911,13,LB51,,,Julian Lenz,R,188,GER,28.564,298,193,O482,,,Gonzalo Oliveira,L,185,VEN,26.565,303,183,6-2 4-6 6-2,3,R32,127,9,3,87,64,46,10,13,4,6,6,1,81,51,32,12,13,3,8
2021-784,Seville,Clay,32,C,,20210911,14,L0CX,,,Pablo Llamas Ruiz,R,188,ESP,18.913,640,43,U182,,,Camilo Ugo Carabelli,R,185,ARG,22.237,249,266,7-5 4-1 RET,3,R32,85,0,2,53,30,26,13,9,1,1,0,1,55,35,22,12,8,2,4
2021-784,Seville,Clay,32,C,,20210911,15,LF29,,,Alvaro Lopez San Martin,R,178,ESP,24.277,398,109,W09X,,,Benjamin Winter Lopez,R,180,ESP,23.294,755,28,6-4 4-6 6-1,3,R32,128,4,2,84,59,44,9,14,4,7,5,2,82,51,33,15,13,6,11
2021-784,Seville,Clay,32,C,,20210911,16,MP83,,,Gian Marco Moroni,R,185,ITA,23.576,253,263,KI74,,,Nicola Kuhn,R,185,GER,21.478,277,221,7-6(5) 6-1,3,R32,112,3,2,53,34,26,13,9,1,3,1,2,80,50,30,11,10,8,13
2021-784,Seville,Clay,32,C,,20210911,17,A596,1,,Pablo Andujar,R,180,ESP,35.633,74,970,LF29,,,Alvaro Lopez San Martin,R,178,ESP,24.277,398,109,3-6 6-1 6-4,3,R16,125,0,6,80,51,33,14,13,4,8,2,3,72,38,23,17,13,4,10
2021-784,Seville,Clay,32,C,,20210911,18,MO44,2,,Pedro Martinez,R,185,ESP,24.378,75,950,BV24,,,Raul Brancaccio,R,183,ITA,24.356,340,146,6-4 4-6 6-4,3,R16,144,2,0,80,58,36,13,15,2,6,4,1,97,67,39,15,15,6,11
2021-784,Seville,Clay,32,C,,20210911,19,CF59,3,,Roberto Carballes Baena,R,183,ESP,28.471,95,819,A0AB,,,Adrian Andreev,R,175,BUL,20.334,336,150,6-4 6-1,3,R16,79,1,3,56,40,28,7,9,5,7,1,1,42,28,13,7,8,1,6
2021-784,Seville,Clay,32,C,,20210911,20,TE16,4,,Carlos Taberner,R,183,ESP,24.093,105,758,LB51,,,Julian Lenz,R,188,GER,28.564,298,193,6-3 6-3,3,R16,85,1,3,56,37,22,12,9,4,7,2,3,48,22,13,6,9,2,8
2021-784,Seville,Clay,32,C,,20210911,21,MP83,,,Gian Marco Moroni,R,185,ITA,23.576,253,263,Z419,5,,Bernabe Zapata Miralles,R,183,ESP,24.663,116,702,3-6 6-1 6-4,3,R16,143,5,2,84,62,46,9,13,7,9,1,2,96,63,39,16,13,3,7
2021-784,Seville,Clay,32,C,,20210911,22,D0FJ,,,Luciano Darderi,R,183,ITA,19.573,581,55,GB53,6,,Federico Gaio,R,178,ITA,29.52,159,476,6-0 7-6(1),3,R16,94,5,1,54,30,25,18,9,2,2,3,2,73,47,29,10,9,5,8
2021-784,Seville,Clay,32,C,,20210911,23,BS86,7,,Tomas Barrios Vera,R,191,CHI,23.754,172,432,D0CO,,,Jack Draper,L,193,GBR,19.721,272,232,6-5 RET,3,R16,57,2,0,28,23,19,3,5,4,4,0,1,37,16,10,14,6,4,5
2021-784,Seville,Clay,32,C,,20210911,24,C0E9,,,Flavio Cobolli,R,183,ITA,19.351,281,215,L0CX,,,Pablo Llamas Ruiz,R,188,ESP,18.913,640,43,6-3 7-5,3,R16,119,1,3,59,37,25,10,10,4,7,2,1,85,56,30,12,11,10,16
2021-784,Seville,Clay,32,C,,20210911,25,BS86,7,,Tomas Barrios Vera,R,191,CHI,23.754,172,432,A596,1,,Pablo Andujar,R,180,ESP,35.633,74,970,7-6(1) 2-6 6-4,3,QF,150,2,1,89,54,42,16,15,3,6,2,1,96,73,48,14,15,3,5
2021-784,Seville,Clay,32,C,,20210911,26,MO44,2,,Pedro Martinez,R,185,ESP,24.378,75,950,C0E9,,,Flavio Cobolli,R,183,ITA,19.351,281,215,6-4 6-2,3,QF,95,2,0,55,38,26,12,9,2,3,1,2,74,48,27,12,9,8,12
2021-784,Seville,Clay,32,C,,20210911,27,CF59,3,,Roberto Carballes Baena,R,183,ESP,28.471,95,819,D0FJ,,,Luciano Darderi,R,183,ITA,19.573,581,55,7-5 7-6(5),3,QF,139,1,3,75,58,39,12,12,4,6,5,1,87,38,27,25,12,7,10
2021-784,Seville,Clay,32,C,,20210911,28,TE16,4,,Carlos Taberner,R,183,ESP,24.093,105,758,MP83,,,Gian Marco Moroni,R,185,ITA,23.576,253,263,6-4 0-6 7-5,3,QF,188,2,2,99,68,39,16,14,11,15,3,6,90,49,36,21,14,6,9
2021-784,Seville,Clay,32,C,,20210911,29,MO44,2,,Pedro Martinez,R,185,ESP,24.378,75,950,TE16,4,,Carlos Taberner,R,183,ESP,24.093,105,758,6-4 6-3,3,SF,93,1,0,45,31,24,9,9,0,1,2,3,60,37,20,11,10,2,6
2021-784,Seville,Clay,32,C,,20210911,30,CF59,3,,Roberto Carballes Baena,R,183,ESP,28.471,95,819,BS86,7,,Tomas Barrios Vera,R,191,CHI,23.754,172,432,6-1 6-3,3,SF,75,2,2,46,26,20,15,8,1,1,2,0,47,33,17,8,8,6,10
2021-784,Seville,Clay,32,C,,20210911,31,MO44,2,,Pedro Martinez,R,185,ESP,24.378,75,950,CF59,3,,Roberto Carballes Baena,R,183,ESP,28.471,95,819,6-4 6-1,3,F,111,1,1,54,34,21,10,8,1,3,2,3,73,47,23,10,9,6,12
2021-9556,Tulln,Clay,32,C,,20210911,1,M0JZ,,,Filip Misolic,R,180,AUT,20.093,539,64,CF01,1,,Marco Cecchinato,R,185,ITA,28.947,81,911,7-6(1) 2-6 6-2,3,R32,109,2,2,89,50,31,24,14,4,8,6,3,79,51,32,15,14,1,5
2021-9556,Tulln,Clay,32,C,,20210911,2,V708,2,,Jiri Vesely,L,198,CZE,28.172,90,865,N0CS,,,Lukas Neumayer,R,183,AUT,19.014,761,27,7-5 7-6(8),3,R32,129,6,6,81,46,33,20,12,4,6,4,1,82,52,32,16,12,2,5
2021-9556,Tulln,Clay,32,C,,20210911,3,MJ08,3,,Thiago Monteiro,L,183,BRA,27.283,93,831,BC65,,,Matthias Bachinger,R,188,GER,34.445,282,215,3-6 6-1 6-1,3,R32,120,3,1,72,55,39,9,11,4,5,7,4,106,62,40,17,12,12,17
2021-9556,Tulln,Clay,32,C,,20210911,4,MQ75,4,,Kamil Majchrzak,R,183,POL,25.662,114,719,R0DG,,,Holger Rune,R,188,DEN,18.371,145,541,3-6 6-4 6-2,3,R32,108,7,2,73,43,34,15,14,2,5,1,7,80,50,32,14,13,3,7
2021-9556,Tulln,Clay,32,C,,20210911,5,KC04,5,,Jozef Kovalik,R,183,SVK,28.851,118,689,H997,,,Yannick Hanfmann,R,193,GER,29.829,134,594,6-3 3-6 7-5,3,R32,138,0,2,113,62,39,29,15,8,12,4,3,84,50,27,22,15,1,6
2021-9556,Tulln,Clay,32,C,,20210911,6,HH06,,,Marc-Andrea Huesler,L,196,SUI,25.216,169,438,D923,6,,Damir Dzumhur,R,175,BIH,29.311,120,678,6-7(5) 6-2 6-3,3,R32,123,8,3,89,46,36,26,15,3,6,5,6,98,61,41,15,14,9,15
2021-9556,Tulln,Clay,32,C,,20210911,7,DB59,7,,Dennis Novak,R,183,AUT,28.038,125,646,I236,,,Uladzimir Ignatik,R,183,BLR,31.162,377,120,1-6 6-4 6-2,3,R32,107,2,2,73,51,31,11,12,3,7,4,3,77,40,22,19,13,3,8
2021-9556,Tulln,Clay,32,C,,20210911,8,G09O,8,,Hugo Gaston,L,173,FRA,20.958,127,632,O0AD,,,Neil Oberleitner,R,191,AUT,22.103,1304,5,7-6(5) 6-2,3,R32,91,2,3,68,33,27,19,10,2,3,3,3,78,52,33,11,10,3,6
2021-9556,Tulln,Clay,32,C,,20210911,9,BU54,,,Geoffrey Blancaneaux,R,180,FRA,23.094,314,168,SK94,,,Cedrik-Marcel Stebe,L,180,GER,30.924,158,478,6-3 6-0,3,R32,75,0,6,67,50,35,7,8,6,6,0,3,41,24,12,8,7,3,7
2021-9556,Tulln,Clay,32,C,,20210911,10,F0BT,,,Jonas Forejtek,R,183,CZE,20.507,323,159,MW76,,,Matteo Martineau,R,183,FRA,22.653,371,123,6-2 7-6(4),3,R32,114,0,1,78,58,38,13,10,5,6,5,11,98,57,37,17,10,13,16
2021-9556,Tulln,Clay,32,C,,20210911,11,HA28,,,Filip Horansky,R,191,SVK,28.676,195,364,HB31,,,Johannes Haerteis,L,196,GER,25.552,367,127,4-6 6-4 6-3,3,R32,135,2,6,85,48,32,20,14,1,4,1,6,110,57,38,23,15,8,13
2021-9556,Tulln,Clay,32,C,,20210911,12,L0BV,,,Jiri Lehecka,R,185,CZE,19.841,192,374,J620,,,Maxime Janvier,R,196,FRA,24.898,234,294,6-4 6-3,3,R32,88,1,3,61,43,31,12,10,1,1,3,5,66,38,23,17,9,5,7
2021-9556,Tulln,Clay,32,C,,20210911,13,MW75,,,Felipe Meligeni Alves,R,185,BRA,23.559,201,359,MI43,,,Gerald Melzer,L,188,AUT,31.165,820,22,6-2 3-6 7-5,3,R32,134,3,1,89,67,39,12,14,7,11,3,4,95,53,34,20,15,7,13
2021-9556,Tulln,Clay,32,C,,20210911,14,MJ71,,,Mats Moraing,L,198,GER,29.227,242,280,MO55,,,Lucas Miedler,R,183,AUT,25.224,315,167,6-2 6-1,3,R32,55,4,2,43,24,22,12,8,1,1,2,2,44,22,12,9,7,4,8
2021-9556,Tulln,Clay,32,C,,20210911,15,O513,,,Sebastian Ofner,R,191,AUT,25.333,168,439,HG94,,,Benjamin Hassan,R,183,LBN,26.601,420,99,6-3 5-7 7-6(5),3,R32,133,9,10,127,77,54,23,17,8,11,2,3,105,65,44,23,16,2,5
2021-9556,Tulln,Clay,32,C,,20210911,16,R685,,,Lukas Rosol,R,193,CZE,36.134,236,292,E928,,,Alexander Erler,R,193,AUT,23.874,327,158,6-4 5-7 6-1,3,R32,104,4,8,79,31,23,25,14,3,7,3,3,86,50,29,15,15,0,7
2021-9556,Tulln,Clay,32,C,,20210911,17,V708,2,,Jiri Vesely,L,198,CZE,28.172,90,865,BU54,,,Geoffrey Blancaneaux,R,180,FRA,23.094,314,168,6-1 6-1,3,R16,76,2,2,36,19,13,13,7,0,1,0,3,49,29,13,5,7,5,11
2021-9556,Tulln,Clay,32,C,,20210911,18,MJ08,3,,Thiago Monteiro,L,183,BRA,27.283,93,831,R685,,,Lukas Rosol,R,193,CZE,36.134,236,292,7-6(6) 6-1,3,R16,99,0,5,67,45,35,8,10,1,3,5,3,60,33,24,9,9,3,7
2021-9556,Tulln,Clay,32,C,,20210911,19,MQ75,4,,Kamil Majchrzak,R,183,POL,25.662,114,719,L0BV,,,Jiri Lehecka,R,185,CZE,19.841,192,374,6-1 6-0,3,R16,50,2,0,37,20,16,14,7,0,0,1,1,32,19,7,3,6,2,7
2021-9556,Tulln,Clay,32,C,,20210911,20,MJ71,,,Mats Moraing,L,198,GER,29.227,242,280,KC04,5,,Jozef Kovalik,R,183,SVK,28.851,118,689,2-6 6-3 6-4,3,R16,122,6,8,87,38,30,23,14,7,10,2,6,77,45,34,14,13,2,5
2021-9556,Tulln,Clay,32,C,,20210911,21,DB59,7,,Dennis Novak,R,183,AUT,28.038,125,646,MW75,,,Felipe Meligeni Alves,R,185,BRA,23.559,201,359,7-5 6-4,3,R16,88,1,4,73,48,37,11,11,5,6,2,1,65,44,30,9,11,3,6
2021-9556,Tulln,Clay,32,C,,20210911,22,G09O,8,,Hugo Gaston,L,173,FRA,20.958,127,632,O513,,,Sebastian Ofner,R,191,AUT,25.333,168,439,6-1 6-4,3,R16,60,3,1,51,28,23,14,9,1,1,5,3,52,31,22,7,8,4,7
2021-9556,Tulln,Clay,32,C,,20210911,23,HH06,,,Marc-Andrea Huesler,L,196,SUI,25.216,169,438,HA28,,,Filip Horansky,R,191,SVK,28.676,195,364,2-6 6-1 6-4,3,R16,100,6,6,78,39,25,20,13,2,6,1,7,69,38,26,13,12,2,7
2021-9556,Tulln,Clay,32,C,,20210911,24,M0JZ,,,Filip Misolic,R,180,AUT,20.093,539,64,F0BT,,,Jonas Forejtek,R,183,CZE,20.507,323,159,6-7(2) 6-3 6-2,3,R16,131,4,5,113,73,53,21,15,13,14,3,0,82,53,35,18,14,2,6
2021-9556,Tulln,Clay,32,C,,20210911,25,V708,2,,Jiri Vesely,L,198,CZE,28.172,90,865,DB59,7,,Dennis Novak,R,183,AUT,28.038,125,646,6-3 6-3,3,QF,80,4,0,44,28,22,13,9,2,3,3,2,77,55,34,7,9,8,12
2021-9556,Tulln,Clay,32,C,,20210911,26,MJ71,,,Mats Moraing,L,198,GER,29.227,242,280,MJ08,3,,Thiago Monteiro,L,183,BRA,27.283,93,831,6-1 0-6 7-6(5),3,QF,132,9,6,88,48,32,22,13,12,15,6,1,93,64,42,13,12,7,9
2021-9556,Tulln,Clay,32,C,,20210911,27,MQ75,4,,Kamil Majchrzak,R,183,POL,25.662,114,719,HH06,,,Marc-Andrea Huesler,L,196,SUI,25.216,169,438,7-6(5) 7-5,3,QF,107,7,1,79,45,35,21,12,0,1,8,3,80,39,29,22,12,4,6
2021-9556,Tulln,Clay,32,C,,20210911,28,G09O,8,,Hugo Gaston,L,173,FRA,20.958,127,632,M0JZ,,,Filip Misolic,R,180,AUT,20.093,539,64,6-0 2-6 6-3,3,QF,91,4,1,70,39,26,17,12,4,8,1,3,66,31,17,14,11,3,9
2021-9556,Tulln,Clay,32,C,,20210911,29,MJ71,,,Mats Moraing,L,198,GER,29.227,242,280,V708,2,,Jiri Vesely,L,198,CZE,28.172,90,865,3-6 7-5 6-3,3,SF,129,22,3,92,56,44,19,15,7,8,20,9,94,52,41,21,15,5,7
2021-9556,Tulln,Clay,32,C,,20210911,30,G09O,8,,Hugo Gaston,L,173,FRA,20.958,127,632,MQ75,4,,Kamil Majchrzak,R,183,POL,25.662,114,719,6-3 3-6 6-4,3,SF,128,4,5,89,41,29,18,14,8,14,4,4,95,47,30,18,14,8,15
2021-9556,Tulln,Clay,32,C,,20210911,31,MJ71,,,Mats Moraing,L,198,GER,29.227,242,280,G09O,8,,Hugo Gaston,L,173,FRA,20.958,127,632,6-2 6-1,3,F,46,4,0,32,18,17,11,7,0,0,1,7,49,23,11,11,8,1,6
2021-1607,Banja Luka,Clay,32,C,,20210912,1,MF35,1,,Andrej Martin,R,183,SVK,31.978,122,667,GH33,,,Manuel Guinard,R,198,FRA,25.826,279,218,W/O,3,R32,12,0,0,3,2,1,1,0,0,0,0,0,0,0,0,0,0,0,0
2021-1607,Banja Luka,Clay,32,C,,20210912,2,C0C8,2,,Juan Manuel Cerundolo,L,183,ARG,19.825,135,594,J267,,,Malek Jaziri,R,185,TUN,37.645,276,221,1-6 6-3 6-4,3,R32,111,2,2,77,65,38,7,13,6,11,1,4,81,49,30,15,13,5,10
2021-1607,Banja Luka,Clay,32,C,,20210912,3,EA24,3,,Tomas Martin Etcheverry,R,196,ARG,22.155,142,549,PH77,,,David Poljak,R,188,CZE,25.322,446,91,6-2 7-5,3,R32,91,2,1,58,36,30,12,10,3,4,4,1,64,41,24,11,10,1,5
2021-1607,Banja Luka,Clay,32,C,,20210912,4,MM66,4,,Nikola Milojevic,R,188,SRB,26.234,160,467,T0E2,,,Vladan Tadic,L,193,BIH,20.668,1770,1,6-0 6-3,3,R32,53,0,5,38,22,18,8,7,0,1,1,1,44,27,10,7,8,0,6
2021-1607,Banja Luka,Clay,32,C,,20210912,5,N897,5,,Sumit Nagal,R,178,IND,24.074,164,456,AC58,,,Nicolas Alvarez,R,185,PER,25.262,376,120,6-1 6-2,3,R32,59,0,0,45,34,24,6,8,2,3,0,1,38,28,10,4,7,2,7
2021-1607,Banja Luka,Clay,32,C,,20210912,6,T0FI,,,Marko Topo,R,185,GER,17.999,1585,2,PE02,6,,Danilo Petrovic,R,203,SRB,29.634,177,415,4-6 7-6(4) 6-2,3,R32,128,5,9,92,48,34,23,15,4,8,4,3,94,48,32,23,15,5,10
2021-1607,Banja Luka,Clay,32,C,,20210912,7,KH56,7,,Zdenek Kolar,R,183,CZE,24.925,182,398,Z246,,,Miljan Zekic,R,185,SRB,33.169,328,157,6-3 6-1,3,R32,72,3,1,50,27,20,9,8,0,3,1,2,52,29,12,5,8,5,12
2021-1607,Banja Luka,Clay,32,C,,20210912,8,BE67,,,Mirza Basic,R,188,BIH,30.171,267,238,KI82,8,,Vit Kopriva,R,178,CZE,24.244,202,359,6-3 4-6 7-6(5),3,R32,157,3,2,94,53,38,17,15,8,13,5,3,130,82,50,24,16,19,25
2021-1607,Banja Luka,Clay,32,C,,20210912,9,G985,,,Carlos Gomez-Herrera,R,191,ESP,31.37,383,116,P0IA,,,Drazen Petrovic,,,BIH,18.858,,,6-1 6-0,3,R32,,,,,,,,,,,,,,,,,,,
2021-1607,Banja Luka,Clay,32,C,,20210912,10,KD70,,,Pedja Krstin,R,183,SRB,27.025,288,204,MW18,,,Nicolas Moreno De Alboran,R,185,USA,24.164,349,138,6-2 3-6 6-2,3,R32,118,2,0,73,46,34,16,13,5,7,4,3,75,52,31,11,12,5,9
2021-1607,Banja Luka,Clay,32,C,,20210912,11,KC33,,,Dimitar Kuzmanov,R,183,BUL,28.126,235,292,S0H2,,,Alexander Shevchenko,R,188,KAZ,20.786,356,130,3-6 6-4 6-1,3,R32,131,0,0,73,53,38,11,13,5,7,1,3,85,55,34,16,13,3,7
2021-1607,Banja Luka,Clay,32,C,,20210912,12,MM78,,,Jonathan Mridha,R,183,SWE,26.431,564,59,S0LA,,,Dominic Stricker,L,183,SUI,19.075,292,200,6-2 6-3,3,R32,79,2,0,56,32,22,16,9,4,5,2,1,57,38,24,5,8,3,7
2021-1607,Banja Luka,Clay,32,C,,20210912,13,PH42,,,Matija Pecotic,L,185,CRO,32.194,346,140,TC11,,,Marko Tepavac,R,193,SRB,27.439,520,69,4-6 6-3 7-6(0),3,R32,162,5,0,102,58,40,30,16,3,6,12,3,111,62,44,22,15,7,10
2021-1607,Banja Luka,Clay,32,C,,20210912,14,SS25,,,Vitaliy Sachko,R,188,UKR,24.164,269,237,F840,,,Nerman Fatic,R,191,BIH,26.886,321,161,5-7 6-4 6-1,3,R32,141,1,2,86,56,31,19,14,3,7,3,4,88,63,35,12,15,8,15
2021-1607,Banja Luka,Clay,32,C,,20210912,15,SP80,,,Nino Serdarusic,R,191,CRO,24.747,247,267,CC98,,,Martin Cuevas,R,191,URU,29.662,538,65,6-2 6-4,3,R32,78,2,1,60,41,34,7,9,2,2,4,3,59,41,29,4,9,3,6
2021-1607,Banja Luka,Clay,32,C,,20210912,16,T0AP,,,Chun-Hsin Tseng,R,175,TPE,20.096,259,250,V717,,,Alexey Vatutin,R,178,RUS,28.876,332,154,6-1 6-4,3,R32,85,3,2,58,32,18,12,8,4,7,0,4,58,36,14,8,9,3,10
2021-1607,Banja Luka,Clay,32,C,,20210912,17,MF35,1,,Andrej Martin,R,183,SVK,31.978,122,667,MM78,,,Jonathan Mridha,R,183,SWE,26.431,564,59,6-3 7-5,3,R16,86,4,4,60,37,28,12,10,6,8,2,1,67,43,25,8,11,4,9
2021-1607,Banja Luka,Clay,32,C,,20210912,18,C0C8,2,,Juan Manuel Cerundolo,L,183,ARG,19.825,135,594,PH42,,,Matija Pecotic,L,185,CRO,32.194,346,140,W/O,3,R16,0,,,,,,,,,,,,,,,,,,
2021-1607,Banja Luka,Clay,32,C,,20210912,19,EA24,3,,Tomas Martin Etcheverry,R,196,ARG,22.155,142,549,SP80,,,Nino Serdarusic,R,191,CRO,24.747,247,267,4-6 7-6(4) 6-1,3,R16,152,9,1,91,65,49,17,15,5,7,4,3,89,57,38,20,14,4,7
2021-1607,Banja Luka,Clay,32,C,,20210912,20,MM66,4,,Nikola Milojevic,R,188,SRB,26.234,160,467,KD70,,,Pedja Krstin,R,183,SRB,27.025,288,204,6-1 1-1 RET,3,R16,41,4,2,24,13,12,8,5,0,0,0,3,31,15,9,5,4,3,5
2021-1607,Banja Luka,Clay,32,C,,20210912,21,G985,,,Carlos Gomez-Herrera,R,191,ESP,31.37,383,116,N897,5,,Sumit Nagal,R,178,IND,24.074,164,456,7-5 6-3,3,R16,119,3,0,96,71,42,13,11,8,10,0,4,53,36,21,5,10,1,5
2021-1607,Banja Luka,Clay,32,C,,20210912,22,KH56,7,,Zdenek Kolar,R,183,CZE,24.925,182,398,KC33,,,Dimitar Kuzmanov,R,183,BUL,28.126,235,292,7-5 6-2,3,R16,107,3,4,59,31,25,16,10,0,1,2,2,66,46,23,13,10,4,8
2021-1607,Banja Luka,Clay,32,C,,20210912,23,T0FI,,,Marko Topo,R,185,GER,17.999,1585,2,SS25,,,Vitaliy Sachko,R,188,UKR,24.164,269,237,6-1 3-6 7-6(5),3,R16,155,4,2,109,62,38,24,14,8,12,3,1,103,65,37,19,14,11,16
2021-1607,Banja Luka,Clay,32,C,,20210912,24,T0AP,,,Chun-Hsin Tseng,R,175,TPE,20.096,259,250,BE67,,,Mirza Basic,R,188,BIH,30.171,267,238,6-2 6-4,3,R16,80,0,0,58,34,24,13,9,1,2,1,1,53,27,14,15,9,1,5
2021-1607,Banja Luka,Clay,32,C,,20210912,25,MF35,1,,Andrej Martin,R,183,SVK,31.978,122,667,G985,,,Carlos Gomez-Herrera,R,191,ESP,31.37,383,116,7-6(2) 6-3,3,QF,111,1,3,77,41,26,20,11,7,10,0,4,65,42,23,14,10,4,8
2021-1607,Banja Luka,Clay,32,C,,20210912,26,C0C8,2,,Juan Manuel Cerundolo,L,183,ARG,19.825,135,594,T0AP,,,Chun-Hsin Tseng,R,175,TPE,20.096,259,250,6-2 6-0,3,QF,81,0,1,42,37,25,2,7,2,3,1,1,72,46,21,9,7,12,18
2021-1607,Banja Luka,Clay,32,C,,20210912,27,EA24,3,,Tomas Martin Etcheverry,R,196,ARG,22.155,142,549,T0FI,,,Marko Topo,R,185,GER,17.999,1585,2,6-3 7-6(6),3,QF,112,5,2,70,52,35,8,10,3,5,5,4,73,41,23,15,11,0,4
2021-1607,Banja Luka,Clay,32,C,,20210912,28,MM66,4,,Nikola Milojevic,R,188,SRB,26.234,160,467,KH56,7,,Zdenek Kolar,R,183,CZE,24.925,182,398,6-3 6-0,3,QF,76,0,2,46,34,22,7,8,1,3,0,3,56,28,12,11,7,4,10
2021-1607,Banja Luka,Clay,32,C,,20210912,29,MM66,4,,Nikola Milojevic,R,188,SRB,26.234,160,467,MF35,1,,Andrej Martin,R,183,SVK,31.978,122,667,6-2 6-4,3,SF,90,1,2,62,43,27,11,9,6,8,2,5,55,42,22,4,9,5,10
2021-1607,Banja Luka,Clay,32,C,,20210912,30,C0C8,2,,Juan Manuel Cerundolo,L,183,ARG,19.825,135,594,EA24,3,,Tomas Martin Etcheverry,R,196,ARG,22.155,142,549,6-3 6-3,3,SF,86,1,1,54,41,25,8,9,2,5,1,3,56,39,17,6,9,4,10
2021-1607,Banja Luka,Clay,32,C,,20210912,31,C0C8,2,,Juan Manuel Cerundolo,L,183,ARG,19.825,135,594,MM66,4,,Nikola Milojevic,R,188,SRB,26.234,160,467,6-3 6-1,3,F,80,0,0,51,44,27,5,8,1,2,0,1,53,27,15,10,8,3,8
2021-9558,Kyiv,Clay,32,C,,20210912,1,B0BI,1,,Sebastian Baez,R,170,ARG,20.706,155,484,B0DJ,,,Illya Beloborodko,R,183,UKR,20.35,828,22,6-3 7-5,3,R32,105,1,3,69,50,31,12,10,4,5,1,2,71,44,30,10,11,5,9
2021-9558,Kyiv,Clay,32,C,,20210912,2,LF26,,,Orlando Luz,R,180,BRA,23.592,275,222,SN54,2,,Frederico Ferreira Silva,L,178,POR,26.489,180,404,5-7 6-2 7-6(5),3,R32,192,6,3,114,68,45,21,16,13,18,1,5,113,64,37,24,16,6,12
2021-9558,Kyiv,Clay,32,C,,20210912,3,BT72,,,Nuno Borges,R,185,POR,24.561,283,213,HB64,3,,Quentin Halys,R,191,FRA,24.879,183,394,6-3 7-5,3,R32,88,1,1,56,38,31,11,10,1,1,7,5,75,39,29,14,11,2,5
2021-9558,Kyiv,Clay,32,C,,20210912,4,PG20,4,,Dmitry Popko,R,191,KAZ,24.884,193,373,BF98,,,Alessandro Bega,R,170,ITA,30.669,384,116,6-4 0-6 6-2,3,R32,108,5,3,74,37,23,15,12,4,10,0,2,73,52,30,9,12,4,10
2021-9558,Kyiv,Clay,32,C,,20210912,5,S0GR,,,Timofey Skatov,R,173,KAZ,20.641,299,193,CI14,5,,Jay Clarke,R,183,GBR,23.129,206,348,7-5 6-2,3,R32,121,0,2,76,58,39,9,10,4,5,3,1,66,40,24,11,10,3,7
2021-9558,Kyiv,Clay,32,C,,20210912,6,SC77,6,,Sergiy Stakhovsky,R,193,UKR,35.682,227,302,SO20,,,Jelle Sels,R,188,NED,26.092,318,164,6-2 6-3,3,R32,73,3,4,51,35,30,7,9,0,0,0,2,60,36,21,12,8,3,6
2021-9558,Kyiv,Clay,32,C,,20210912,7,BI47,,,Riccardo Bonadio,R,180,ITA,28.167,307,180,LB66,7,,Constant Lestienne,R,180,FRA,29.306,248,266,6-7(3) 7-5 6-2,3,R32,194,5,2,104,62,38,20,16,6,10,2,6,106,48,35,25,16,9,16
2021-9558,Kyiv,Clay,32,C,,20210912,8,LC11,8,,Tristan Lamasine,R,183,FRA,28.523,260,248,U120,,,Kaichi Uchida,R,180,JPN,27.055,354,136,7-6(6) 6-2,3,R32,95,3,2,63,43,31,8,10,1,4,2,5,73,36,23,13,10,3,8
2021-9558,Kyiv,Clay,32,C,,20210912,9,AA27,,,Franco Agamenone,R,191,ITA,28.411,291,201,KE64,,,Stefan Kozlov,R,183,USA,23.611,312,171,6-4 7-5,3,R32,118,0,2,62,38,22,10,11,0,5,2,1,76,40,20,14,11,6,13
2021-9558,Kyiv,Clay,32,C,,20210912,10,F0A4,,,Francesco Forti,R,188,ITA,22.133,342,145,GE28,,,Ivan Gakhov,L,191,RUS,24.854,508,71,6-1 3-6 6-1,3,R32,102,3,6,75,42,33,15,12,4,6,1,1,66,40,23,11,11,8,13
2021-9558,Kyiv,Clay,32,C,,20210912,11,J09X,,,Filip Cristian Jianu,R,180,ROU,19.984,337,150,Z0B7,,,Richard Zusman,L,173,USA,21.057,,,6-4 6-1,3,R32,72,1,2,52,36,25,8,8,3,4,0,3,45,25,13,8,9,2,7
2021-9558,Kyiv,Clay,32,C,,20210912,12,KI48,,,Ergi Kirkin,R,180,TUR,22.626,347,139,T09X,,,Clement Tabur,R,173,FRA,21.634,560,60,6-4 7-6(5),3,R32,117,1,3,74,38,23,25,11,2,4,0,5,82,54,36,11,11,6,9
2021-9558,Kyiv,Clay,32,C,,20210912,13,K0BJ,,,Georgii Kravchenko,R,180,UKR,21.125,506,71,DA86,,,Joris De Loore,R,191,BEL,28.394,978,13,5-7 7-5 6-3,3,R32,153,4,8,105,56,45,26,17,2,4,11,1,91,71,51,11,16,5,8
2021-9558,Kyiv,Clay,32,C,,20210912,14,K0DP,,,Oleksii Krutykh,R,185,UKR,21.509,406,106,CF10,,,Nick Chappell,L,178,USA,28.98,352,136,6-3 3-6 6-1,3,R32,129,1,5,85,55,42,13,13,6,8,1,4,88,50,31,17,12,8,12
2021-9558,Kyiv,Clay,32,C,,20210912,15,P0DF,,,Matheus Pucinelli De Almeida,R,183,BRA,20.449,334,153,V0B2,,,Michael Vrbensky,R,,CZE,21.714,317,165,6-3 6-2,3,R32,76,1,2,53,35,25,12,9,2,3,0,4,48,25,15,8,8,4,8
2021-9558,Kyiv,Clay,32,C,,20210912,16,RG42,,,Alex Rybakov,L,185,USA,24.624,396,110,DF88,,,Aziz Dougaz,L,188,TUN,24.465,344,144,5-7 6-0 6-3,3,R32,132,1,3,81,48,34,19,14,2,5,4,4,89,54,35,13,13,2,8
2021-9558,Kyiv,Clay,32,C,,20210912,17,B0BI,1,,Sebastian Baez,R,170,ARG,20.706,155,484,RG42,,,Alex Rybakov,L,185,USA,24.624,396,110,6-4 6-2,3,R16,104,2,0,60,51,32,4,9,7,9,1,3,87,56,27,16,9,11,16
2021-9558,Kyiv,Clay,32,C,,20210912,18,PG20,4,,Dmitry Popko,R,191,KAZ,24.884,193,373,F0A4,,,Francesco Forti,R,188,ITA,22.133,342,145,7-5 6-2,3,R16,92,0,3,51,24,17,15,10,1,4,1,4,65,32,19,11,10,5,11
2021-9558,Kyiv,Clay,32,C,,20210912,19,KI48,,,Ergi Kirkin,R,180,TUR,22.626,347,139,SC77,6,,Sergiy Stakhovsky,R,193,UKR,35.682,227,302,4-6 6-3 6-2,3,R16,115,4,2,81,45,32,22,14,1,3,2,3,75,38,29,17,13,1,5
2021-9558,Kyiv,Clay,32,C,,20210912,20,AA27,,,Franco Agamenone,R,191,ITA,28.411,291,201,LC11,8,,Tristan Lamasine,R,183,FRA,28.523,260,248,3-6 6-2 6-4,3,R16,149,0,1,96,64,46,11,13,5,8,1,3,96,54,29,21,14,9,14
2021-9558,Kyiv,Clay,32,C,,20210912,21,BT72,,,Nuno Borges,R,185,POR,24.561,283,213,P0DF,,,Matheus Pucinelli De Almeida,R,183,BRA,20.449,334,153,2-6 6-2 7-5,3,R16,137,2,2,79,50,35,15,14,4,7,3,2,105,64,40,20,14,8,12
2021-9558,Kyiv,Clay,32,C,,20210912,22,J09X,,,Filip Cristian Jianu,R,180,ROU,19.984,337,150,BI47,,,Riccardo Bonadio,R,180,ITA,28.167,307,180,7-6(5) 3-6 6-4,3,R16,169,2,1,95,63,39,19,15,3,7,6,8,114,63,44,23,16,8,12
2021-9558,Kyiv,Clay,32,C,,20210912,23,K0DP,,,Oleksii Krutykh,R,185,UKR,21.509,406,106,LF26,,,Orlando Luz,R,180,BRA,23.592,275,222,6-2 3-6 6-3,3,R16,140,0,3,101,57,34,25,13,8,11,1,8,83,45,29,15,13,4,9
2021-9558,Kyiv,Clay,32,C,,20210912,24,S0GR,,,Timofey Skatov,R,173,KAZ,20.641,299,193,K0BJ,,,Georgii Kravchenko,R,180,UKR,21.125,506,71,6-2 6-2,3,R16,82,1,0,48,38,29,6,8,2,2,2,3,59,30,16,12,8,7,11
2021-9558,Kyiv,Clay,32,C,,20210912,25,B0BI,1,,Sebastian Baez,R,170,ARG,20.706,155,484,J09X,,,Filip Cristian Jianu,R,180,ROU,19.984,337,150,6-3 7-5,3,QF,99,2,1,50,33,24,12,10,1,3,2,4,85,55,30,14,11,8,13
2021-9558,Kyiv,Clay,32,C,,20210912,26,KI48,,,Ergi Kirkin,R,180,TUR,22.626,347,139,PG20,4,,Dmitry Popko,R,191,KAZ,24.884,193,373,6-4 1-0 RET,3,QF,50,1,2,32,11,8,15,6,1,2,0,2,28,8,7,9,5,1,3
2021-9558,Kyiv,Clay,32,C,,20210912,27,AA27,,,Franco Agamenone,R,191,ITA,28.411,291,201,K0DP,,,Oleksii Krutykh,R,185,UKR,21.509,406,106,6-2 6-3,3,QF,84,1,1,43,26,20,11,8,1,2,0,2,62,38,19,11,9,5,10
2021-9558,Kyiv,Clay,32,C,,20210912,28,S0GR,,,Timofey Skatov,R,173,KAZ,20.641,299,193,BT72,,,Nuno Borges,R,185,POR,24.561,283,213,6-7(5) 6-4 6-4,3,QF,182,0,3,119,95,62,12,16,13,16,6,6,115,50,38,30,16,9,14
2021-9558,Kyiv,Clay,32,C,,20210912,29,B0BI,1,,Sebastian Baez,R,170,ARG,20.706,155,484,KI48,,,Ergi Kirkin,R,180,TUR,22.626,347,139,6-3 6-2,3,SF,81,0,1,52,34,22,9,8,4,6,1,6,55,17,8,17,9,3,9
2021-9558,Kyiv,Clay,32,C,,20210912,30,AA27,,,Franco Agamenone,R,191,ITA,28.411,291,201,S0GR,,,Timofey Skatov,R,173,KAZ,20.641,299,193,7-6(4) 6-3,3,SF,113,3,2,66,43,31,10,10,1,4,1,1,77,53,27,9,11,3,8
2021-9558,Kyiv,Clay,32,C,,20210912,31,AA27,,,Franco Agamenone,R,191,ITA,28.411,291,201,B0BI,1,,Sebastian Baez,R,170,ARG,20.706,155,484,7-5 6-2,3,F,83,2,1,54,33,24,12,10,2,4,1,3,67,50,25,9,10,5,10
2021-3503,Rennes,Hard,32,C,,20210919,1,G628,1,,Richard Gasquet,R,183,FRA,35.255,85,896,J0AZ,,,Kyrian Jacquet,R,175,FRA,20.359,310,167,7-6(4) 6-3,3,R32,102,6,2,68,46,40,8,11,1,2,6,3,82,46,31,18,10,4,6
2021-3503,Rennes,Hard,32,C,,20210919,2,RC91,2,,Arthur Rinderknech,R,196,FRA,26.16,77,944,K839,,,Tobias Kamke,R,178,GER,35.332,251,257,6-3 3-6 6-3,3,R32,104,15,1,75,51,41,14,14,1,2,1,2,66,46,35,12,13,3,5
2021-3503,Rennes,Hard,32,C,,20210919,3,BM95,3,,Benjamin Bonzi,R,183,FRA,25.279,76,952,Y218,,,Elias Ymer,R,185,SWE,25.443,167,431,6-3 6-4,3,R32,90,4,1,61,40,27,12,10,4,6,1,2,72,49,25,12,9,7,11
2021-3503,Rennes,Hard,32,C,,20210919,4,G681,,,Teymuraz Gabashvili,R,185,GEO,36.326,279,213,SD32,4,,Gilles Simon,R,183,FRA,36.728,100,764,6-3 6-2,3,R32,75,4,4,61,42,26,9,9,4,6,4,2,48,30,16,6,8,5,10
2021-3503,Rennes,Hard,32,C,,20210919,5,MC10,,,Andy Murray,R,191,GBR,34.349,116,698,MH16,,,Yannick Maden,R,185,GER,31.893,240,273,6-3 6-1,3,R32,72,8,3,50,29,22,10,8,1,2,1,2,42,21,11,7,8,1,6
2021-3503,Rennes,Hard,32,C,,20210919,6,PF39,6,,Lucas Pouille,R,185,FRA,27.57,128,613,J620,,,Maxime Janvier,R,196,FRA,24.92,216,303,5-7 6-4 6-3,3,R32,120,13,1,94,52,43,25,16,3,4,7,2,91,56,41,17,15,6,8
2021-3503,Rennes,Hard,32,C,,20210919,7,BK24,7,,Gregoire Barrere,R,183,FRA,27.589,148,530,V942,,,Tim van Rijthoven,R,188,NED,24.405,265,239,7-6(7) 7-5,3,R32,93,7,0,79,52,37,20,12,3,3,10,2,76,55,44,10,12,1,2
2021-3503,Rennes,Hard,32,C,,20210919,8,M0FH,8,,Tomas Machac,R,183,CZE,20.934,143,547,HB48,,,Calvin Hemery,R,191,FRA,26.642,361,124,6-1 6-1,3,R32,52,4,0,37,27,24,4,7,0,0,4,2,36,20,11,3,7,2,7
2021-3503,Rennes,Hard,32,C,,20210919,9,BI23,,,Liam Broady,L,183,GBR,27.707,145,542,BF98,,,Alessandro Bega,R,170,ITA,30.689,386,113,6-2 6-1,3,R32,60,2,0,44,28,21,10,8,3,4,0,1,45,27,14,5,7,4,9
2021-3503,Rennes,Hard,32,C,,20210919,10,C0BH,,,Clement Chidekh,R,180,FRA,20.268,610,48,SP24,,,Brayden Schnur,R,193,CAN,26.212,236,278,6-4 6-4,3,R32,96,4,1,72,53,35,10,10,5,7,7,2,58,39,28,5,10,2,6
2021-3503,Rennes,Hard,32,C,,20210919,11,E873,,,Ernesto Escobedo,R,185,MEX,25.21,175,410,LB66,,,Constant Lestienne,R,180,FRA,29.325,258,248,7-5 6-1,3,R32,91,9,1,81,57,43,11,10,4,4,12,0,65,37,26,10,9,5,8
2021-3503,Rennes,Hard,32,C,,20210919,12,HA71,,,Antoine Hoang,R,183,FRA,25.875,154,478,A09T,,,Dan Added,R,183,FRA,22.437,431,91,6-3 6-4,3,R32,90,4,1,71,52,40,8,10,7,7,5,0,50,30,24,10,9,1,3
2021-3503,Rennes,Hard,32,C,,20210919,13,LC11,,,Tristan Lamasine,R,183,FRA,28.542,257,250,SC47,,,Go Soeda,R,178,JPN,37.038,211,311,7-6(4) 6-4,3,R32,94,15,1,59,39,35,11,11,0,1,3,0,83,53,33,19,11,3,5
2021-3503,Rennes,Hard,32,C,,20210919,14,MJ71,,,Mats Moraing,L,198,GER,29.248,193,364,M0G4,,,Harold Mayot,R,180,FRA,19.622,443,86,4-6 7-5 6-2,3,R32,95,15,2,77,47,39,18,15,2,4,15,6,86,54,41,14,15,6,10
2021-3503,Rennes,Hard,32,C,,20210919,15,SX50,,,Roman Safiullin,R,185,RUS,24.118,158,457,GH33,,,Manuel Guinard,R,198,FRA,25.845,276,217,6-4 6-3,3,R32,77,7,5,68,43,30,13,10,1,2,8,3,62,43,29,7,9,5,8
2021-3503,Rennes,Hard,32,C,,20210919,16,Z09D,,,Kacper Zuk,R,183,POL,22.661,162,439,RH62,,,Mats Rosenkranz,L,193,GER,23.075,527,66,7-5 6-3,3,R32,76,8,0,56,32,27,13,10,1,2,2,6,67,31,22,16,11,2,6
2021-3503,Rennes,Hard,32,C,,20210919,17,G628,1,,Richard Gasquet,R,183,FRA,35.255,85,896,C0BH,,,Clement Chidekh,R,180,FRA,20.268,610,48,6-1 6-4,3,R16,68,7,0,46,32,29,7,9,0,0,6,1,55,39,25,5,8,4,7
2021-3503,Rennes,Hard,32,C,,20210919,18,RC91,2,,Arthur Rinderknech,R,196,FRA,26.16,77,944,LC11,,,Tristan Lamasine,R,183,FRA,28.542,257,250,7-6(8) 6-2,3,R16,101,1,2,70,54,41,8,10,1,1,1,2,74,47,30,16,10,5,7
2021-3503,Rennes,Hard,32,C,,20210919,19,BM95,3,,Benjamin Bonzi,R,183,FRA,25.279,76,952,Z09D,,,Kacper Zuk,R,183,POL,22.661,162,439,7-6(3) 6-3,3,R16,90,3,2,75,46,33,17,10,6,7,8,2,65,37,25,16,11,4,7
2021-3503,Rennes,Hard,32,C,,20210919,20,SX50,,,Roman Safiullin,R,185,RUS,24.118,158,457,MC10,,,Andy Murray,R,191,GBR,34.349,116,698,6-2 4-6 6-1,3,R16,110,14,4,73,52,39,12,13,3,5,8,4,79,51,32,9,12,5,10
2021-3503,Rennes,Hard,32,C,,20210919,21,PF39,6,,Lucas Pouille,R,185,FRA,27.57,128,613,HA71,,,Antoine Hoang,R,183,FRA,25.875,154,478,3-6 6-3 6-4,3,R16,130,9,2,104,55,45,23,14,6,7,3,5,87,60,45,14,14,2,4
2021-3503,Rennes,Hard,32,C,,20210919,22,BI23,,,Liam Broady,L,183,GBR,27.707,145,542,BK24,7,,Gregoire Barrere,R,183,FRA,27.589,148,530,7-6(7) 4-6 6-4,3,R16,140,7,2,102,58,42,28,16,4,6,18,0,110,79,56,18,16,7,9
2021-3503,Rennes,Hard,32,C,,20210919,23,MJ71,,,Mats Moraing,L,198,GER,29.248,193,364,M0FH,8,,Tomas Machac,R,183,CZE,20.934,143,547,7-6(9) 6-1,3,R16,77,14,3,65,44,34,12,10,0,0,4,0,67,46,32,7,9,4,6
2021-3503,Rennes,Hard,32,C,,20210919,24,G681,,,Teymuraz Gabashvili,R,185,GEO,36.326,279,213,E873,,,Ernesto Escobedo,R,185,MEX,25.21,175,410,4-6 6-2 6-3,3,R16,105,13,0,74,54,39,14,14,0,2,5,0,76,53,35,12,13,6,10
2021-3503,Rennes,Hard,32,C,,20210919,25,G628,1,,Richard Gasquet,R,183,FRA,35.255,85,896,SX50,,,Roman Safiullin,R,185,RUS,24.118,158,457,7-6(6) 7-5,3,QF,113,5,2,99,61,46,19,12,7,7,15,2,75,54,40,14,12,3,4
2021-3503,Rennes,Hard,32,C,,20210919,26,RC91,2,,Arthur Rinderknech,R,196,FRA,26.16,77,944,PF39,6,,Lucas Pouille,R,185,FRA,27.57,128,613,6-3 7-6(3),3,QF,74,12,1,60,51,44,5,11,0,0,4,4,63,34,26,18,10,2,3
2021-3503,Rennes,Hard,32,C,,20210919,27,BM95,3,,Benjamin Bonzi,R,183,FRA,25.279,76,952,BI23,,,Liam Broady,L,183,GBR,27.707,145,542,6-4 6-2,3,QF,69,8,1,48,26,24,14,9,4,4,4,4,53,27,17,15,9,4,7
2021-3503,Rennes,Hard,32,C,,20210919,28,MJ71,,,Mats Moraing,L,198,GER,29.248,193,364,G681,,,Teymuraz Gabashvili,R,185,GEO,36.326,279,213,6-2 7-6(3),3,QF,74,15,2,57,32,24,18,10,1,2,2,4,60,36,25,11,10,2,5
2021-3503,Rennes,Hard,32,C,,20210919,29,MJ71,,,Mats Moraing,L,198,GER,29.248,193,364,G628,1,,Richard Gasquet,R,183,FRA,35.255,85,896,6-4 5-7 6-2,3,SF,105,23,3,83,61,50,12,15,4,5,7,2,91,60,45,15,15,3,6
2021-3503,Rennes,Hard,32,C,,20210919,30,BM95,3,,Benjamin Bonzi,R,183,FRA,25.279,76,952,RC91,2,,Arthur Rinderknech,R,196,FRA,26.16,77,944,6-7(9) 7-6(4) 6-1,3,SF,144,16,1,105,63,53,27,16,5,5,17,5,97,64,49,20,15,3,5
2021-3503,Rennes,Hard,32,C,,20210919,31,BM95,3,,Benjamin Bonzi,R,183,FRA,25.279,76,952,MJ71,,,Mats Moraing,L,198,GER,29.248,193,364,7-6(3) 7-6(3),3,F,93,15,2,86,56,47,15,12,5,6,16,4,81,47,36,19,12,1,2
2021-448,Szczecin,Clay,32,C,,20210919,1,KI74,,,Nicola Kuhn,R,185,GER,21.5,288,198,R772,,,Albert Ramos-Vinolas,L,188,ESP,33.673,47,1391,1-6 6-4 6-4,3,R32,153,3,2,92,58,35,17,14,4,9,4,1,101,67,46,11,13,9,13
2021-448,Szczecin,Clay,32,C,,20210919,2,A596,2,,Pablo Andujar,R,180,ESP,35.655,94,825,TE16,,,Carlos Taberner,R,183,ESP,24.115,102,758,7-6(2) 6-4,3,R32,123,1,4,71,40,23,21,11,4,7,2,3,77,48,33,9,11,7,11
2021-448,Szczecin,Clay,32,C,,20210919,3,CF01,4,,Marco Cecchinato,R,185,ITA,28.969,84,896,DB59,,,Dennis Novak,R,183,AUT,28.06,121,654,6-3 6-3,3,R32,73,1,1,60,43,30,11,9,3,4,0,1,60,38,20,13,9,7,11
2021-448,Szczecin,Clay,32,C,,20210919,4,KH56,,,Zdenek Kolar,R,183,CZE,24.945,185,383,V708,5,,Jiri Vesely,L,198,CZE,28.194,89,865,7-6(7) 6-3,3,R32,149,3,4,86,49,35,16,11,4,7,3,4,77,47,30,12,10,5,9
2021-448,Szczecin,Clay,32,C,,20210919,5,MJ08,6,,Thiago Monteiro,L,183,BRA,27.305,92,832,D916,,,Steven Diez,R,175,CAN,30.511,203,348,6-0 6-3,3,R32,56,5,1,39,29,25,8,8,2,2,3,5,42,27,15,5,7,3,7
2021-448,Szczecin,Clay,32,C,,20210919,6,CF59,7,,Roberto Carballes Baena,R,183,ESP,28.493,91,849,SS25,,,Vitaliy Sachko,R,188,UKR,24.183,261,242,6-3 7-6(5),3,R32,106,2,6,75,49,37,12,11,1,3,2,1,64,40,26,9,10,3,6
2021-448,Szczecin,Clay,32,C,,20210919,7,TA12,8,,Stefano Travaglia,R,185,ITA,29.728,99,766,N897,,,Sumit Nagal,R,178,IND,24.093,186,381,3-6 6-1 6-4,3,R32,109,2,4,71,41,33,11,13,3,7,1,5,82,60,35,6,13,5,11
2021-448,Szczecin,Clay,32,C,,20210919,8,CI14,,,Jay Clarke,R,183,GBR,23.149,202,348,V717,,,Alexey Vatutin,R,178,RUS,28.895,333,147,6-0 4-0 RET,3,R32,55,3,1,37,18,14,11,5,2,2,0,3,33,19,7,4,5,3,8
2021-448,Szczecin,Clay,32,C,,20210919,9,D0C1,,,Jesper de Jong,R,180,NED,21.303,266,235,L0BV,,,Jiri Lehecka,R,185,CZE,19.863,201,350,7-6(5) 3-6 7-6(3),3,R32,149,7,0,106,72,47,24,16,9,12,7,5,109,71,53,22,17,7,9
2021-448,Szczecin,Clay,32,C,,20210919,10,H997,,,Yannick Hanfmann,R,193,GER,29.851,132,594,G09O,,,Hugo Gaston,L,173,FRA,20.98,118,684,3-6 6-3 6-3,3,R32,115,5,0,96,61,36,15,14,11,16,0,4,79,45,27,15,13,1,7
2021-448,Szczecin,Clay,32,C,,20210919,11,CF60,,,Pawel Juszczak,R,178,POL,27.573,640,42,KI82,,,Vit Kopriva,R,178,CZE,24.263,198,353,6-2 4-6 6-4,3,R32,148,3,3,81,42,29,17,14,4,9,2,2,101,53,31,20,14,5,12
2021-448,Szczecin,Clay,32,C,,20210919,12,KD35,,,Thai-Son Kwiatkowski,R,188,USA,26.598,218,302,M0E1,,,Daniel Michalski,R,180,POL,21.689,458,83,6-3 4-6 6-1,3,R32,126,5,3,77,50,38,13,13,3,5,3,1,79,45,29,15,13,8,13
2021-448,Szczecin,Clay,32,C,,20210919,13,MQ75,,,Kamil Majchrzak,R,183,POL,25.684,139,558,PH64,,,Andrea Pellegrino,R,185,ITA,24.493,238,275,6-3 7-6(7),3,R32,100,3,1,77,45,30,18,11,1,3,0,3,69,41,28,13,10,3,6
2021-448,Szczecin,Clay,32,C,,20210919,14,R0DG,,,Holger Rune,R,188,DEN,18.393,136,570,DA81,,,Taro Daniel,R,191,JPN,28.643,112,724,6-3 7-5,3,R32,91,2,3,63,41,28,13,11,5,7,2,2,55,36,24,7,10,1,5
2021-448,Szczecin,Clay,32,C,,20210919,15,RG42,,,Alex Rybakov,L,185,USA,24.643,371,119,PE02,,,Danilo Petrovic,R,203,SRB,29.654,181,393,6-1 6-2,3,R32,59,3,2,35,28,27,5,8,0,0,2,1,52,33,20,6,7,6,10
2021-448,Szczecin,Clay,32,C,,20210919,16,TA29,,,Marco Trungelliti,R,178,ARG,31.633,179,396,MW76,,,Matteo Martineau,R,183,FRA,22.675,348,135,4-6 6-4 6-3,3,R32,125,3,4,88,60,38,13,15,5,11,2,10,84,39,23,21,14,6,13
2021-448,Szczecin,Clay,32,C,,20210919,17,R0DG,,,Holger Rune,R,188,DEN,18.393,136,570,A596,2,,Pablo Andujar,R,180,ESP,35.655,94,825,6-1 6-1,3,R16,73,2,0,34,21,17,11,7,0,0,0,1,39,24,11,4,7,1,6
2021-448,Szczecin,Clay,32,C,,20210919,18,H997,,,Yannick Hanfmann,R,193,GER,29.851,132,594,CF01,4,,Marco Cecchinato,R,185,ITA,28.969,84,896,6-3 4-6 7-6(2),3,R16,136,3,4,90,64,48,17,15,3,4,2,2,104,61,41,24,16,2,4
2021-448,Szczecin,Clay,32,C,,20210919,19,TA29,,,Marco Trungelliti,R,178,ARG,31.633,179,396,MJ08,6,,Thiago Monteiro,L,183,BRA,27.305,92,832,6-4 6-3,3,R16,86,8,0,61,30,20,20,10,4,5,1,3,57,29,21,12,9,3,6
2021-448,Szczecin,Clay,32,C,,20210919,20,MQ75,,,Kamil Majchrzak,R,183,POL,25.684,139,558,CF59,7,,Roberto Carballes Baena,R,183,ESP,28.493,91,849,6-3 6-2,3,R16,100,6,1,82,50,37,15,9,10,10,1,1,54,28,18,13,8,6,9
2021-448,Szczecin,Clay,32,C,,20210919,21,CF60,,,Pawel Juszczak,R,178,POL,27.573,640,42,TA12,8,,Stefano Travaglia,R,185,ITA,29.728,99,766,7-6(3) 3-6 6-2,3,R16,150,1,0,108,64,39,25,15,13,17,10,2,98,53,34,20,14,9,13
2021-448,Szczecin,Clay,32,C,,20210919,22,D0C1,,,Jesper de Jong,R,180,NED,21.303,266,235,KD35,,,Thai-Son Kwiatkowski,R,188,USA,26.598,218,302,6-4 7-6(1),3,R16,124,7,3,79,43,34,17,11,9,11,4,4,93,59,37,13,11,7,10
2021-448,Szczecin,Clay,32,C,,20210919,23,KH56,,,Zdenek Kolar,R,183,CZE,24.945,185,383,CI14,,,Jay Clarke,R,183,GBR,23.149,202,348,6-1 6-1,3,R16,66,2,1,43,28,20,10,7,3,3,0,1,42,16,6,10,7,1,6
2021-448,Szczecin,Clay,32,C,,20210919,24,KI74,,,Nicola Kuhn,R,185,GER,21.5,288,198,RG42,,,Alex Rybakov,L,185,USA,24.643,371,119,6-2 6-2,3,R16,74,3,1,48,32,27,8,8,1,1,2,2,56,37,21,7,8,1,5
2021-448,Szczecin,Clay,32,C,,20210919,25,H997,,,Yannick Hanfmann,R,193,GER,29.851,132,594,CF60,,,Pawel Juszczak,R,178,POL,27.573,640,42,6-2 7-5,3,QF,94,3,0,57,40,28,9,10,4,6,2,2,75,42,19,18,10,6,11
2021-448,Szczecin,Clay,32,C,,20210919,26,KH56,,,Zdenek Kolar,R,183,CZE,24.945,185,383,D0C1,,,Jesper de Jong,R,180,NED,21.303,266,235,6-2 6-3,3,QF,78,1,2,48,27,23,11,8,2,2,2,0,54,38,19,9,9,3,7
2021-448,Szczecin,Clay,32,C,,20210919,27,KI74,,,Nicola Kuhn,R,185,GER,21.5,288,198,TA29,,,Marco Trungelliti,R,178,ARG,31.633,179,396,6-1 7-5,3,QF,81,2,1,49,31,21,12,9,1,3,2,1,65,39,21,8,10,5,11
2021-448,Szczecin,Clay,32,C,,20210919,28,MQ75,,,Kamil Majchrzak,R,183,POL,25.684,139,558,R0DG,,,Holger Rune,R,188,DEN,18.393,136,570,7-6(5) 6-1,3,QF,120,0,1,90,54,34,23,10,7,7,0,4,60,39,22,12,9,5,7
2021-448,Szczecin,Clay,32,C,,20210919,29,KH56,,,Zdenek Kolar,R,183,CZE,24.945,185,383,KI74,,,Nicola Kuhn,R,185,GER,21.5,288,198,7-5 2-2 RET,3,SF,73,3,1,41,30,21,7,8,0,1,4,0,52,37,21,10,8,3,5
2021-448,Szczecin,Clay,32,C,,20210919,30,MQ75,,,Kamil Majchrzak,R,183,POL,25.684,139,558,H997,,,Yannick Hanfmann,R,193,GER,29.851,132,594,6-3 6-3,3,SF,76,2,2,53,27,21,18,9,4,5,4,1,58,33,18,12,9,4,8
2021-448,Szczecin,Clay,32,C,,20210919,31,KH56,,,Zdenek Kolar,R,183,CZE,24.945,185,383,MQ75,,,Kamil Majchrzak,R,183,POL,25.684,139,558,7-6(4) 7-5,3,F,129,1,2,91,60,39,19,12,8,10,5,1,73,50,35,10,12,3,6
2021-9571,Quito,Clay,32,C,,20210919,1,M0EA,,,Pol Martin Tiffon,R,183,ESP,22.141,453,84,MF35,1,,Andrej Martin,R,183,SVK,31.997,123,648,7-6(6) 7-5,3,R32,105,6,6,92,55,44,17,12,3,4,5,1,83,51,36,18,12,6,8
2021-9571,Quito,Clay,32,C,,20210919,2,GA36,2,,Emilio Gomez,R,185,ECU,29.81,156,465,R0H0,,,Giancarlo Rodriguez,,,ECU,,,,6-1 6-2,3,R32,,,,,,,,,,,,,,,,,,,
2021-9571,Quito,Clay,32,C,,20210919,3,V824,3,,Mario Vilella Martinez,R,178,ESP,26.215,169,427,LI10,,,Christian Langmo,R,191,USA,25.3,659,40,6-3 6-7(5) 6-2,3,R32,108,15,11,90,56,48,20,15,5,5,12,4,80,49,38,17,14,0,3
2021-9571,Quito,Clay,32,C,,20210919,4,O376,4,,Renzo Olivo,R,178,ARG,29.514,207,322,V821,,,Gonzalo Villanueva,R,175,ARG,26.683,448,85,6-4 6-4,3,R32,95,5,9,72,37,28,18,10,5,6,1,3,65,38,25,15,10,4,7
2021-9571,Quito,Clay,32,C,,20210919,5,FA43,5,,Juan Pablo Ficovich,R,188,ARG,24.652,247,264,CN78,,,Lucas Catarina,R,185,MON,25.065,354,129,6-2 6-4,3,R32,90,4,5,66,28,20,20,9,3,5,1,3,59,39,25,5,9,6,11
2021-9571,Quito,Clay,32,C,,20210919,6,MJ98,6,,Facundo Mena,R,183,ARG,28.991,322,156,GB42,,,Alejandro Gomez,R,183,COL,30.1,596,52,7-6(6) 7-5,3,R32,99,10,2,73,50,39,14,12,2,3,9,6,86,47,39,14,12,6,8
2021-9571,Quito,Clay,32,C,,20210919,7,T0A1,7,,Thiago Agustin Tirante,R,185,ARG,20.444,267,233,K0A3,,,Patrick Kypson,R,188,USA,21.895,492,72,6-7(7) 6-1 6-3,3,R32,119,10,3,77,44,35,27,14,1,1,11,3,95,57,45,15,14,7,11
2021-9571,Quito,Clay,32,C,,20210919,8,Q941,8,,Roberto Quiroz,L,193,ECU,29.572,284,200,H928,,,Diego Hidalgo,L,180,ECU,28.422,497,71,6-4 7-5,3,R32,90,4,3,56,39,30,9,11,0,2,3,1,62,40,29,7,11,2,6
2021-9571,Quito,Clay,32,C,,20210919,9,E830,,,Eduard Esteve Lobato,R,188,ESP,27.003,374,117,O482,,,Gonzalo Oliveira,L,185,VEN,26.587,313,165,6-2 6-3,3,R32,57,5,1,37,24,22,10,8,0,0,5,5,51,29,17,9,9,2,6
2021-9571,Quito,Clay,32,C,,20210919,10,GJ05,,,Alexis Gautier,R,198,FRA,24.452,444,86,N830,,,Johan Nikles,R,173,SUI,24.493,409,103,6-0 6-4,3,R32,72,5,4,59,29,25,14,8,6,7,0,3,53,32,17,7,8,1,6
2021-9571,Quito,Clay,32,C,,20210919,11,G892,,,Alejandro Gonzalez,R,191,COL,32.613,435,89,CH80,,,Luca Castelnuovo,L,188,SUI,24.638,731,31,6-2 7-6(4),3,R32,77,1,0,58,35,30,16,10,0,0,6,1,58,34,25,15,10,2,4
2021-9571,Quito,Clay,32,C,,20210919,12,LB07,,,Gonzalo Lama,R,180,CHI,28.397,417,99,G0DH,,,Alvaro Guillen Meza,R,175,ECU,18.713,1580,2,7-5 4-6 6-2,3,R32,125,5,4,96,63,48,17,15,7,8,0,11,103,61,43,20,15,7,10
2021-9571,Quito,Clay,32,C,,20210919,13,MB53,,,Adrian Menendez-Maceiras,R,183,ESP,35.893,293,192,G985,,,Carlos Gomez-Herrera,R,191,ESP,31.389,358,126,6-2 6-4,3,R32,86,12,0,57,36,24,13,9,2,3,5,5,64,39,23,10,9,6,10
2021-9571,Quito,Clay,32,C,,20210919,14,O660,,,Genaro Alberto Olivieri,R,175,ARG,23.127,349,134,RB60,,,Oriol Roca Batalla,R,175,ESP,28.389,382,114,3-6 6-3 7-5,3,R32,108,6,2,73,46,39,19,15,0,1,6,3,98,65,48,18,15,9,11
2021-9571,Quito,Clay,32,C,,20210919,15,PL53,,,Matthieu Perchicot,R,185,FRA,29.06,454,84,M0AA,,,Cayetano March,R,175,ECU,21.213,719,32,6-4 6-0,3,R32,68,2,2,48,25,20,15,8,3,3,2,6,45,24,16,7,8,5,9
2021-9571,Quito,Clay,32,C,,20210919,16,R913,,,Cristian Rodriguez,R,180,COL,31.239,396,107,Z366,,,Matias Zukas,R,183,ARG,25.377,526,66,6-7(4) 7-5 7-6(4),3,R32,170,18,2,122,67,48,37,18,8,9,5,5,120,68,53,27,18,5,7
2021-9571,Quito,Clay,32,C,,20210919,17,GJ05,,,Alexis Gautier,R,198,FRA,24.452,444,86,GA36,2,,Emilio Gomez,R,185,ECU,29.81,156,465,7-5 7-6(2),3,R16,117,12,4,85,46,38,18,12,1,2,1,3,80,39,28,21,12,4,6
2021-9571,Quito,Clay,32,C,,20210919,18,LB07,,,Gonzalo Lama,R,180,CHI,28.397,417,99,V824,3,,Mario Vilella Martinez,R,178,ESP,26.215,169,427,3-6 7-6(4) 6-3,3,R16,129,6,7,108,62,52,21,14,9,10,22,10,97,52,42,27,16,4,6
2021-9571,Quito,Clay,32,C,,20210919,19,O660,,,Genaro Alberto Olivieri,R,175,ARG,23.127,349,134,O376,4,,Renzo Olivo,R,178,ARG,29.514,207,322,6-2 6-2,3,R16,82,4,4,57,19,15,20,8,6,7,1,5,55,32,16,8,8,4,9
2021-9571,Quito,Clay,32,C,,20210919,20,FA43,5,,Juan Pablo Ficovich,R,188,ARG,24.652,247,264,E830,,,Eduard Esteve Lobato,R,188,ESP,27.003,374,117,2-6 7-6(5) 6-4,3,R16,134,7,6,91,53,41,19,15,1,4,2,5,110,74,53,15,15,7,9
2021-9571,Quito,Clay,32,C,,20210919,21,MJ98,6,,Facundo Mena,R,183,ARG,28.991,322,156,R913,,,Cristian Rodriguez,R,180,COL,31.239,396,107,6-2 6-4,3,R16,82,10,2,54,31,24,11,9,1,3,5,8,65,24,15,16,9,6,11
2021-9571,Quito,Clay,32,C,,20210919,22,T0A1,7,,Thiago Agustin Tirante,R,185,ARG,20.444,267,233,MB53,,,Adrian Menendez-Maceiras,R,183,ESP,35.893,293,192,7-5 6-2,3,R16,103,10,6,69,36,31,17,10,6,6,2,2,68,33,24,15,10,4,7
2021-9571,Quito,Clay,32,C,,20210919,23,PL53,,,Matthieu Perchicot,R,185,FRA,29.06,454,84,Q941,8,,Roberto Quiroz,L,193,ECU,29.572,284,200,2-6 6-2 6-3,3,R16,94,5,5,81,35,33,20,13,4,6,9,4,60,36,27,13,12,0,3
2021-9571,Quito,Clay,32,C,,20210919,24,M0EA,,,Pol Martin Tiffon,R,183,ESP,22.141,453,84,G892,,,Alejandro Gonzalez,R,191,COL,32.613,435,89,4-6 7-6(4) 6-3,3,R16,131,11,7,97,52,40,22,16,5,9,1,2,93,75,48,11,15,3,7
2021-9571,Quito,Clay,32,C,,20210919,25,M0EA,,,Pol Martin Tiffon,R,183,ESP,22.141,453,84,FA43,5,,Juan Pablo Ficovich,R,188,ARG,24.652,247,264,3-6 6-3 6-4,3,QF,91,10,3,77,46,37,19,14,5,6,9,4,75,53,40,12,14,2,4
2021-9571,Quito,Clay,32,C,,20210919,26,MJ98,6,,Facundo Mena,R,183,ARG,28.991,322,156,O660,,,Genaro Alberto Olivieri,R,175,ARG,23.127,349,134,6-4 6-0,3,QF,83,6,3,62,32,24,16,8,3,3,2,7,63,29,21,11,8,8,12
2021-9571,Quito,Clay,32,C,,20210919,27,LB07,,,Gonzalo Lama,R,180,CHI,28.397,417,99,T0A1,7,,Thiago Agustin Tirante,R,185,ARG,20.444,267,233,7-6(5) 7-6(4),3,QF,113,7,0,92,55,44,23,12,11,11,11,7,79,45,39,21,12,3,3
2021-9571,Quito,Clay,32,C,,20210919,28,GJ05,,,Alexis Gautier,R,198,FRA,24.452,444,86,PL53,,,Matthieu Perchicot,R,185,FRA,29.06,454,84,6-4 6-3,3,QF,83,12,3,64,29,23,21,10,4,4,0,2,53,23,15,19,9,4,6
2021-9571,Quito,Clay,32,C,,20210919,29,MJ98,6,,Facundo Mena,R,183,ARG,28.991,322,156,GJ05,,,Alexis Gautier,R,198,FRA,24.452,444,86,6-2 4-6 6-2,3,SF,107,8,3,70,32,24,22,13,1,3,8,7,91,49,33,18,13,14,19
2021-9571,Quito,Clay,32,C,,20210919,30,LB07,,,Gonzalo Lama,R,180,CHI,28.397,417,99,M0EA,,,Pol Martin Tiffon,R,183,ESP,22.141,453,84,7-6(11) 6-4,3,SF,89,8,3,70,49,40,15,11,0,0,9,5,78,44,34,19,11,4,5
2021-9571,Quito,Clay,32,C,,20210919,31,MJ98,6,,Facundo Mena,R,183,ARG,28.991,322,156,LB07,,,Gonzalo Lama,R,180,CHI,28.397,417,99,6-4 6-4,3,F,85,12,0,53,32,27,15,10,2,2,5,5,73,38,28,15,10,2,4
2021-9194,Columbus,Hard,32,C,,20210926,1,SL08,1,,Tennys Sandgren,R,188,USA,30.182,102,753,GK06,,,Alexis Galarneau,R,180,CAN,22.571,367,121,6-3 6-2,3,R32,57,9,3,43,25,24,13,9,1,1,1,1,45,35,21,5,8,4,7
2021-9194,Columbus,Hard,32,C,,20210926,2,KA22,,,Dayne Kelly,R,,AUS,31.179,376,117,CE25,2,,Salvatore Caruso,R,185,ITA,28.78,124,624,6-2 3-0 RET,3,R32,49,2,1,31,21,17,5,6,0,1,1,2,30,14,7,4,5,3,7
2021-9194,Columbus,Hard,32,C,,20210926,3,BI81,3,,Alex Bolt,L,183,AUS,28.723,147,515,RC96,,,Noah Rubin,R,175,USA,25.596,389,111,7-6(5) 7-6(4),3,R32,120,10,0,93,69,48,12,12,12,14,5,3,77,43,31,19,12,1,3
2021-9194,Columbus,Hard,32,C,,20210926,4,GA94,4,,Prajnesh Gunneswaran,L,188,IND,31.871,167,435,K0AZ,,,Aleksandar Kovacevic,R,183,USA,23.077,364,123,3-6 6-3 7-5,3,R32,101,8,2,96,63,48,17,15,4,5,14,2,77,52,41,14,15,1,3
2021-9194,Columbus,Hard,32,C,,20210926,5,PH78,,,Ryan Peniston,L,180,GBR,25.878,309,167,J380,5,,Jason Jung,R,180,TPE,32.282,166,436,6-3 6-4,3,R32,76,4,1,62,41,31,14,10,1,1,3,1,43,27,20,11,9,1,3
2021-9194,Columbus,Hard,32,C,,20210926,6,V832,,,Aleksandar Vukic,R,188,AUS,25.473,214,307,E873,6,,Ernesto Escobedo,R,185,MEX,25.229,177,413,6-4 7-5,3,R32,80,17,2,56,36,28,13,11,1,2,7,1,71,49,31,12,11,1,4
2021-9194,Columbus,Hard,32,C,,20210926,7,W09G,7,,J.J. Wolf,R,183,USA,22.765,196,349,MP13,,,Mukund Sasikumar,R,185,IND,24.698,392,111,6-3 6-2,3,R32,79,6,2,62,41,32,11,9,2,2,5,4,61,26,17,16,8,2,5
2021-9194,Columbus,Hard,32,C,,20210926,8,KE64,,,Stefan Kozlov,R,183,USA,23.65,301,177,KC12,8,,Mitchell Krueger,R,188,USA,27.704,156,462,6-0 6-3,3,R32,79,4,3,52,37,28,7,7,5,5,2,2,54,32,19,6,8,6,11
2021-9194,Columbus,Hard,32,C,,20210926,9,BO10,,,Gijs Brouwer,L,191,NED,25.536,399,107,KC86,,,Darian King,R,188,BAR,29.418,352,130,7-6(1) 6-0,3,R32,96,3,0,73,52,35,7,9,8,11,2,1,66,40,16,14,9,5,11
2021-9194,Columbus,Hard,32,C,,20210926,10,KB37,,,Evan King,L,185,USA,29.506,528,65,AB71,,,JC Aragone,R,178,USA,26.248,333,148,6-4 6-4,3,R32,85,4,2,56,32,22,14,10,0,2,8,4,63,42,26,9,10,2,6
2021-9194,Columbus,Hard,32,C,,20210926,11,K0DB,,,Cannon Kingsley,R,191,USA,20.392,875,18,VA22,,,Matej Vocel,R,188,CZE,24.353,1268,5,5-7 6-1 7-6(3),3,R32,121,18,3,89,54,48,20,16,2,3,16,0,86,57,47,15,15,5,7
2021-9194,Columbus,Hard,32,C,,20210926,12,KB95,,,Jason Kubler,R,178,AUS,28.356,219,302,PB22,,,Peter Polansky,R,183,CAN,33.281,281,210,7-6(6) 6-4,3,R32,105,8,6,71,43,31,18,11,2,3,6,2,69,42,31,15,11,5,7
2021-9194,Columbus,Hard,32,C,,20210926,13,M0AW,,,Nicolas Mejia,R,183,COL,21.624,295,185,CF10,,,Nick Chappell,L,178,USA,29.018,336,145,5-0 RET,3,R32,26,2,0,16,12,8,4,3,0,0,0,1,18,11,5,2,2,2,4
2021-9194,Columbus,Hard,32,C,,20210926,14,N652,,,JiSung Nam,R,183,KOR,28.115,382,115,CH90,,,Yun seong Chung,R,178,KOR,23.502,419,100,3-6 6-4 7-6(3),3,R32,132,13,5,100,59,46,17,15,1,4,5,2,106,68,47,18,16,6,9
2021-9194,Columbus,Hard,32,C,,20210926,15,PH71,,,Max Purcell,R,185,AUS,23.483,189,360,T0GF,,,JJ Tracy,R,180,USA,19.214,,,6-3 6-2,3,R32,,,,,,,,,,,,,,,,,,,
2021-9194,Columbus,Hard,32,C,,20210926,16,TC12,,,Mikael Torpegaard,R,193,DEN,27.387,226,293,M0HU,,,Shintaro Mochizuki,R,175,JPN,18.319,402,106,6-3 6-7(3) 7-6(5),3,R32,138,13,4,115,71,50,22,17,2,4,3,10,107,61,46,24,16,6,9
2021-9194,Columbus,Hard,32,C,,20210926,17,SL08,1,,Tennys Sandgren,R,188,USA,30.182,102,753,BO10,,,Gijs Brouwer,L,191,NED,25.536,399,107,6-4 6-4,3,R16,79,8,2,53,30,27,13,10,0,0,5,2,58,41,29,10,10,2,4
2021-9194,Columbus,Hard,32,C,,20210926,18,BI81,3,,Alex Bolt,L,183,AUS,28.723,147,515,N652,,,JiSung Nam,R,183,KOR,28.115,382,115,7-6(5) 6-4,3,R16,89,6,1,74,54,40,12,11,2,2,7,2,63,46,34,12,11,1,2
2021-9194,Columbus,Hard,32,C,,20210926,19,TC12,,,Mikael Torpegaard,R,193,DEN,27.387,226,293,GA94,4,,Prajnesh Gunneswaran,L,188,IND,31.871,167,435,6-1 6-4,3,R16,64,9,1,56,42,31,10,9,2,2,0,0,50,32,23,6,8,4,7
2021-9194,Columbus,Hard,32,C,,20210926,20,W09G,7,,J.J. Wolf,R,183,USA,22.765,196,349,KB37,,,Evan King,L,185,USA,29.506,528,65,6-3 6-0,3,R16,46,12,2,41,25,23,9,8,0,0,1,1,33,17,8,8,7,0,4
2021-9194,Columbus,Hard,32,C,,20210926,21,KE64,,,Stefan Kozlov,R,183,USA,23.65,301,177,KB95,,,Jason Kubler,R,178,AUS,28.356,219,302,6-2 7-5,3,R16,89,8,5,61,38,31,11,10,2,3,1,4,68,43,28,9,10,4,8
2021-9194,Columbus,Hard,32,C,,20210926,22,M0AW,,,Nicolas Mejia,R,183,COL,21.624,295,185,KA22,,,Dayne Kelly,R,,AUS,31.179,376,117,6-4 0-6 6-2,3,R16,119,4,1,69,40,31,13,12,4,7,8,4,77,54,39,9,12,7,10
2021-9194,Columbus,Hard,32,C,,20210926,23,PH71,,,Max Purcell,R,185,AUS,23.483,189,360,PH78,,,Ryan Peniston,L,180,GBR,25.878,309,167,6-3 7-6(7),3,R16,112,6,1,67,37,33,16,10,1,1,9,0,81,58,40,11,11,1,3
2021-9194,Columbus,Hard,32,C,,20210926,24,V832,,,Aleksandar Vukic,R,188,AUS,25.473,214,307,K0DB,,,Cannon Kingsley,R,191,USA,20.392,875,18,7-6(4) 7-5,3,R16,82,16,2,72,53,45,12,12,2,2,16,3,69,46,40,10,12,0,1
2021-9194,Columbus,Hard,32,C,,20210926,25,W09G,7,,J.J. Wolf,R,183,USA,22.765,196,349,SL08,1,,Tennys Sandgren,R,188,USA,30.182,102,753,6-3 3-6 7-6(5),3,QF,148,13,3,99,59,43,24,15,7,9,18,5,100,59,47,18,15,1,3
2021-9194,Columbus,Hard,32,C,,20210926,26,V832,,,Aleksandar Vukic,R,188,AUS,25.473,214,307,BI81,3,,Alex Bolt,L,183,AUS,28.723,147,515,7-5 6-4,3,QF,87,7,0,61,37,32,14,11,4,5,2,2,71,51,34,9,11,7,10
2021-9194,Columbus,Hard,32,C,,20210926,27,KE64,,,Stefan Kozlov,R,183,USA,23.65,301,177,TC12,,,Mikael Torpegaard,R,193,DEN,27.387,226,293,2-6 7-6(4) 6-4,3,QF,142,7,2,92,64,43,18,15,3,7,11,4,98,59,43,19,15,5,8
2021-9194,Columbus,Hard,32,C,,20210926,28,PH71,,,Max Purcell,R,185,AUS,23.483,189,360,M0AW,,,Nicolas Mejia,R,183,COL,21.624,295,185,6-4 3-6 6-0,3,QF,137,14,1,80,45,34,18,12,3,4,5,3,94,66,39,14,13,7,11
2021-9194,Columbus,Hard,32,C,,20210926,29,KE64,,,Stefan Kozlov,R,183,USA,23.65,301,177,W09G,7,,J.J. Wolf,R,183,USA,22.765,196,349,2-6 6-3 7-5,3,SF,131,2,7,101,58,40,21,14,9,11,6,2,92,55,38,23,15,5,8
2021-9194,Columbus,Hard,32,C,,20210926,30,PH71,,,Max Purcell,R,185,AUS,23.483,189,360,V832,,,Aleksandar Vukic,R,188,AUS,25.473,214,307,7-6(3) 7-6(6),3,SF,106,18,4,86,53,42,14,12,7,9,15,1,81,53,37,15,12,2,4
2021-9194,Columbus,Hard,32,C,,20210926,31,KE64,,,Stefan Kozlov,R,183,USA,23.65,301,177,PH71,,,Max Purcell,R,185,AUS,23.483,189,360,4-6 6-2 6-4,3,F,112,6,1,73,52,37,14,14,1,3,7,0,91,56,37,17,14,8,12
2021-9573,Ambato,Clay,32,C,,20210926,1,V836,1,,Juan Pablo Varillas,R,185,PER,25.974,121,650,Q941,,,Roberto Quiroz,L,193,ECU,29.591,300,178,6-3 3-6 7-6(6),3,R32,125,7,0,83,54,46,16,15,1,2,5,1,84,55,44,20,15,0,1
2021-9573,Ambato,Clay,32,C,,20210926,2,MF35,2,,Andrej Martin,R,183,SVK,32.016,122,648,RB60,,,Oriol Roca Batalla,R,175,ESP,28.408,386,113,6-4 3-6 7-6(7),3,R32,184,6,4,114,61,46,25,15,9,12,8,2,132,90,55,21,16,11,14
2021-9573,Ambato,Clay,32,C,,20210926,3,LB51,,,Julian Lenz,R,188,GER,28.605,294,187,GA36,4,,Emilio Gomez,R,185,ECU,29.829,161,444,6-4 7-6(6),3,R32,100,6,7,82,47,38,19,11,5,5,4,4,67,34,26,19,11,0,1
2021-9573,Ambato,Clay,32,C,,20210926,4,Z366,,,Matias Zukas,R,183,ARG,25.396,522,66,O376,5,,Renzo Olivo,R,178,ARG,29.533,202,325,6-4 5-7 6-4,3,R32,142,9,2,90,44,35,30,16,2,3,10,5,93,60,44,21,16,3,5
2021-9573,Ambato,Clay,32,C,,20210926,5,FA43,6,,Juan Pablo Ficovich,R,188,ARG,24.671,236,275,E0CD,,,Daniel Espin,,,ECU,15.439,,,6-1 6-0,3,R32,,,,,,,,,,,,,,,,,,,
2021-9573,Ambato,Clay,32,C,,20210926,6,T0A1,7,,Thiago Agustin Tirante,R,185,ARG,20.463,255,246,R913,,,Cristian Rodriguez,R,180,COL,31.258,406,104,7-6(4) 4-6 7-6(5),3,R32,139,9,3,115,75,61,23,17,2,3,7,5,93,60,53,23,17,0,0
2021-9573,Ambato,Clay,32,C,,20210926,7,CN78,,,Lucas Catarina,R,185,MON,25.084,357,128,BE67,8,,Mirza Basic,R,188,BIH,30.209,271,226,7-6(7) 6-4,3,R32,92,6,1,60,43,39,12,11,0,0,3,1,80,52,35,18,11,3,4
2021-9573,Ambato,Clay,32,C,,20210926,8,F840,,,Nerman Fatic,R,191,BIH,26.924,317,161,MB53,,,Adrian Menendez-Maceiras,R,183,ESP,35.912,302,176,6-2 7-5,3,R32,96,9,2,55,39,30,11,10,1,1,4,3,60,38,32,5,10,2,5
2021-9573,Ambato,Clay,32,C,,20210926,9,GJ05,,,Alexis Gautier,R,198,FRA,24.471,380,116,LB07,,,Gonzalo Lama,R,180,CHI,28.416,335,146,6-4 6-7(7) 6-3,3,R32,144,26,6,107,64,52,23,16,4,5,8,6,120,79,56,16,15,10,13
2021-9573,Ambato,Clay,32,C,,20210926,10,GB42,,,Alejandro Gomez,R,183,COL,30.119,563,57,M0AA,,,Cayetano March,R,175,ECU,21.232,722,32,6-3 6-4,3,R32,73,11,1,51,32,28,12,10,0,0,3,3,60,27,21,16,9,5,7
2021-9573,Ambato,Clay,32,C,,20210926,11,G985,,,Carlos Gomez-Herrera,R,191,ESP,31.409,359,126,E830,,,Eduard Esteve Lobato,R,188,ESP,27.023,369,121,6-4 6-7(6) 6-3,3,R32,127,2,1,96,79,62,10,16,2,2,16,2,91,64,49,16,15,4,6
2021-9573,Ambato,Clay,32,C,,20210926,12,MI43,,,Gerald Melzer,L,188,AUT,31.206,818,22,K0A3,,,Patrick Kypson,R,188,USA,21.914,490,72,6-7(7) 6-1 6-4,3,R32,142,13,2,86,48,37,29,15,1,1,16,1,102,58,45,20,14,2,5
2021-9573,Ambato,Clay,32,C,,20210926,13,MJ98,,,Facundo Mena,R,183,ARG,29.01,269,233,H928,,,Diego Hidalgo,L,180,ECU,28.441,497,71,6-4 6-3,3,R32,84,8,2,52,33,28,11,9,4,4,4,3,70,48,33,7,10,6,9
2021-9573,Ambato,Clay,32,C,,20210926,14,N830,,,Johan Nikles,R,173,SUI,24.512,410,103,M0EA,,,Pol Martin Tiffon,R,183,ESP,22.16,394,110,7-5 7-6(7),3,R32,163,0,4,82,53,36,15,12,3,6,2,4,78,48,30,16,12,5,9
2021-9573,Ambato,Clay,32,C,,20210926,15,O660,,,Genaro Alberto Olivieri,R,175,ARG,23.146,334,147,H0A4,,,Nick Hardt,R,185,DOM,21.016,356,128,6-2 7-6(6),3,R32,86,9,1,56,26,22,23,10,1,1,5,2,74,54,35,9,10,4,6
2021-9573,Ambato,Clay,32,C,,20210926,16,SL94,,,Pedro Sakamoto,R,178,BRA,28.244,325,153,G892,,,Alejandro Gonzalez,R,191,COL,32.632,431,94,6-3 6-4,3,R32,74,4,0,55,38,31,11,10,1,1,6,1,53,39,26,9,9,3,5
2021-9573,Ambato,Clay,32,C,,20210926,17,V836,1,,Juan Pablo Varillas,R,185,PER,25.974,121,650,O660,,,Genaro Alberto Olivieri,R,175,ARG,23.146,334,147,6-1 6-3,3,R16,82,6,0,46,27,22,11,8,0,0,4,4,71,36,22,14,8,4,8
2021-9573,Ambato,Clay,32,C,,20210926,18,GJ05,,,Alexis Gautier,R,198,FRA,24.471,380,116,MF35,2,,Andrej Martin,R,183,SVK,32.016,122,648,6-3 7-6(1),3,R16,104,6,5,73,41,32,12,11,1,4,3,2,83,58,34,8,10,10,14
2021-9573,Ambato,Clay,32,C,,20210926,19,FA43,6,,Juan Pablo Ficovich,R,188,ARG,24.671,236,275,GB42,,,Alejandro Gomez,R,183,COL,30.119,563,57,6-2 7-6(11),3,R16,84,7,1,67,42,35,16,10,3,4,7,5,67,35,26,16,10,0,3
2021-9573,Ambato,Clay,32,C,,20210926,20,T0A1,7,,Thiago Agustin Tirante,R,185,ARG,20.463,255,246,G985,,,Carlos Gomez-Herrera,R,191,ESP,31.409,359,126,7-6(5) 3-6 7-6(1),3,R16,134,13,0,90,63,53,19,16,1,2,5,2,103,70,54,22,17,2,2
2021-9573,Ambato,Clay,32,C,,20210926,21,MI43,,,Gerald Melzer,L,188,AUT,31.206,818,22,LB51,,,Julian Lenz,R,188,GER,28.605,294,187,6-3 7-5,3,R16,81,7,0,53,37,31,13,11,0,0,7,6,75,48,33,12,10,4,6
2021-9573,Ambato,Clay,32,C,,20210926,22,MJ98,,,Facundo Mena,R,183,ARG,29.01,269,233,CN78,,,Lucas Catarina,R,185,MON,25.084,357,128,4-6 7-6(3) 6-4,3,R16,135,7,0,101,64,47,24,16,3,4,7,2,88,47,38,25,16,2,3
2021-9573,Ambato,Clay,32,C,,20210926,23,N830,,,Johan Nikles,R,173,SUI,24.512,410,103,SL94,,,Pedro Sakamoto,R,178,BRA,28.244,325,153,6-3 6-4,3,R16,87,2,2,69,46,32,13,10,6,7,0,0,57,39,23,11,9,5,8
2021-9573,Ambato,Clay,32,C,,20210926,24,Z366,,,Matias Zukas,R,183,ARG,25.396,522,66,F840,,,Nerman Fatic,R,191,BIH,26.924,317,161,6-4 2-1 RET,3,R16,62,3,0,38,23,18,12,7,2,2,3,0,36,22,16,7,6,0,1
2021-9573,Ambato,Clay,32,C,,20210926,25,V836,1,,Juan Pablo Varillas,R,185,PER,25.974,121,650,Z366,,,Matias Zukas,R,183,ARG,25.396,522,66,6-2 6-4,3,QF,99,5,3,60,29,25,14,9,7,8,4,6,64,30,20,14,9,4,8
2021-9573,Ambato,Clay,32,C,,20210926,26,FA43,6,,Juan Pablo Ficovich,R,188,ARG,24.671,236,275,N830,,,Johan Nikles,R,173,SUI,24.512,410,103,0-6 7-6(2) 7-5,3,QF,124,6,2,93,57,42,17,15,4,9,5,3,97,60,41,19,15,4,7
2021-9573,Ambato,Clay,32,C,,20210926,27,T0A1,7,,Thiago Agustin Tirante,R,185,ARG,20.463,255,246,MI43,,,Gerald Melzer,L,188,AUT,31.206,818,22,6-3 6-4,3,QF,83,11,2,59,43,34,9,10,1,1,6,2,65,44,29,10,9,8,10
2021-9573,Ambato,Clay,32,C,,20210926,28,MJ98,,,Facundo Mena,R,183,ARG,29.01,269,233,GJ05,,,Alexis Gautier,R,198,FRA,24.471,380,116,7-6(7) 6-4,3,QF,89,19,1,59,41,37,11,11,2,3,11,4,80,41,31,19,11,5,7
2021-9573,Ambato,Clay,32,C,,20210926,29,V836,1,,Juan Pablo Varillas,R,185,PER,25.974,121,650,FA43,6,,Juan Pablo Ficovich,R,188,ARG,24.671,236,275,6-3 6-4,3,SF,73,7,2,54,29,27,16,10,4,4,6,3,48,24,20,13,9,2,4
2021-9573,Ambato,Clay,32,C,,20210926,30,T0A1,7,,Thiago Agustin Tirante,R,185,ARG,20.463,255,246,MJ98,,,Facundo Mena,R,183,ARG,29.01,269,233,7-5 5-7 6-3,3,SF,146,12,4,108,70,51,17,17,5,8,6,6,107,60,39,24,16,7,11
2021-9573,Ambato,Clay,32,C,,20210926,31,T0A1,7,,Thiago Agustin Tirante,R,185,ARG,20.463,255,246,V836,1,,Juan Pablo Varillas,R,185,PER,25.974,121,650,7-5 7-5,3,F,95,9,0,65,46,37,13,12,2,2,4,1,68,37,28,17,12,5,7
2021-9575,Biel,Hard,33,C,,20210926,1,L949,2,,Henri Laaksonen,R,185,SUI,29.489,116,680,L797,,,Lukas Lacko,R,188,SVK,33.897,181,405,7-5 6-2,3,R32,64,10,2,53,40,33,6,10,3,4,2,2,67,46,29,9,10,3,7
2021-9575,Biel,Hard,33,C,,20210926,2,DB59,3,,Dennis Novak,R,183,AUT,28.079,120,654,BC65,,,Matthias Bachinger,R,188,GER,34.486,279,213,6-4 6-2,3,R32,76,5,0,54,37,28,11,9,1,1,4,7,73,34,25,14,9,11,14
2021-9575,Biel,Hard,33,C,,20210926,3,RB56,,,Ramkumar Ramanathan,R,188,IND,26.883,192,354,M0FH,4,,Tomas Machac,R,183,CZE,20.953,138,552,6-3 6-2,3,R32,52,8,0,44,24,19,18,9,0,0,2,4,49,27,19,9,8,4,7
2021-9575,Biel,Hard,33,C,,20210926,4,BI23,5,,Liam Broady,L,183,GBR,27.726,139,549,KB54,,,Andrey Kuznetsov,R,183,RUS,30.593,298,179,7-5 6-3,3,R32,79,3,4,60,40,30,14,11,2,3,2,4,55,29,21,12,10,1,4
2021-9575,Biel,Hard,33,C,,20210926,5,SH90,6,,Joao Sousa,R,185,POR,32.493,173,425,GH92,,,Borna Gojo,R,196,CRO,23.578,208,319,7-5 7-5,3,R32,90,7,1,68,48,35,13,12,4,5,7,1,61,44,33,6,12,1,4
2021-9575,Biel,Hard,33,C,,20210926,6,HH06,7,,Marc-Andrea Huesler,L,196,SUI,25.257,159,450,BE54,,,Ruben Bemelmans,L,183,BEL,33.7,221,299,6-3 3-6 7-6(5),3,R32,125,20,2,82,53,42,18,15,1,3,5,4,109,69,50,20,15,10,12
2021-9575,Biel,Hard,33,C,,20210926,7,I306,8,,Cem Ilkel,R,185,TUR,26.1,180,408,V490,,,Matteo Viola,R,185,ITA,34.223,292,190,7-6(3) 7-6(1),3,R32,106,8,5,83,55,46,16,12,1,1,1,2,78,42,26,27,12,2,2
2021-9575,Biel,Hard,33,C,,20210926,8,CG94,,,Enzo Couacaud,R,183,FRA,26.574,187,365,R0FS,,,Leandro Riedi,R,191,SUI,19.663,761,27,6-2 4-6 6-0,3,R32,84,11,4,65,41,31,12,12,1,4,1,7,82,41,21,19,12,8,15
2021-9575,Biel,Hard,33,C,,20210926,9,E768,,,Antoine Escoffier,R,185,FRA,29.574,396,108,K0EP,,,Jerome Kym,R,198,SUI,18.62,1116,8,6-4 6-1,3,R32,80,5,3,53,33,24,12,8,0,0,4,5,67,43,25,10,9,4,8
2021-9575,Biel,Hard,33,C,,20210926,10,GF95,,,Hugo Grenier,R,196,FRA,25.511,210,310,MN20,,,Daniel Masur,R,183,GER,26.888,231,285,3-6 6-4 6-3,3,R32,121,18,1,89,61,46,11,14,2,5,10,6,107,66,47,15,14,10,14
2021-9575,Biel,Hard,33,C,,20210926,11,K839,,,Tobias Kamke,R,178,GER,35.351,257,245,KC33,,,Dimitar Kuzmanov,R,183,BUL,28.164,228,290,6-4 7-6(0),3,R32,111,1,4,77,46,31,17,11,2,5,2,1,70,45,27,12,11,2,6
2021-9575,Biel,Hard,33,C,,20210926,12,MJ71,,,Mats Moraing,L,198,GER,29.268,175,417,KI63,,,Lukas Klein,R,193,SVK,23.515,242,266,5-7 6-4 6-4,3,R32,121,18,8,115,67,49,24,16,8,10,12,3,93,60,43,18,16,4,7
2021-9575,Biel,Hard,33,C,,20210926,13,RC04,,,Alexander Ritschard,R,193,SUI,27.51,297,180,P0D0,,,Jakub Paul,R,180,SUI,22.516,568,56,6-4 6-4,3,R32,84,3,0,50,25,20,12,10,2,5,1,3,73,40,22,16,10,6,11
2021-9575,Biel,Hard,33,C,,20210926,14,S0H2,,,Alexander Shevchenko,R,188,KAZ,20.824,353,130,SC47,,,Go Soeda,R,178,JPN,37.057,216,304,7-6(1) 6-4,3,R32,82,10,3,60,35,32,16,11,0,0,2,3,67,44,31,13,11,1,2
2021-9575,Biel,Hard,33,C,,20210926,15,S0LA,,,Dominic Stricker,L,183,SUI,19.113,287,199,J620,,,Maxime Janvier,R,196,FRA,24.939,218,303,6-4 7-5,3,R32,85,6,1,56,34,28,16,11,0,0,8,4,86,64,44,8,11,8,10
2021-9575,Biel,Hard,33,C,,20210926,16,V942,,,Tim van Rijthoven,R,188,NED,24.424,265,239,MI01,,,Hiroki Moriya,R,168,JPN,30.946,288,197,6-1 6-3,3,R32,61,9,2,38,23,22,10,8,0,0,2,1,54,27,16,12,8,0,4
2021-9575,Biel,Hard,33,C,,20210926,17,S0LA,,,Dominic Stricker,L,183,SUI,19.113,287,199,L949,2,,Henri Laaksonen,R,185,SUI,29.489,116,680,6-1 4-6 6-3,3,R16,86,8,4,66,39,30,17,13,1,3,12,3,94,53,33,18,13,4,9
2021-9575,Biel,Hard,33,C,,20210926,18,V942,,,Tim van Rijthoven,R,188,NED,24.424,265,239,DB59,3,,Dennis Novak,R,183,AUT,28.079,120,654,6-7(5) 6-3 7-6(1),3,R16,134,14,1,109,74,54,24,17,5,6,6,4,108,59,47,26,16,4,6
2021-9575,Biel,Hard,33,C,,20210926,19,BI23,5,,Liam Broady,L,183,GBR,27.726,139,549,GF95,,,Hugo Grenier,R,196,FRA,25.511,210,310,6-4 6-3,3,R16,73,3,1,56,35,28,13,10,5,6,5,1,45,32,26,3,9,1,4
2021-9575,Biel,Hard,33,C,,20210926,20,SH90,6,,Joao Sousa,R,185,POR,32.493,173,425,RC04,,,Alexander Ritschard,R,193,SUI,27.51,297,180,6-3 6-2,3,R16,69,2,2,51,36,27,11,9,1,2,3,2,49,29,16,8,8,2,6
2021-9575,Biel,Hard,33,C,,20210926,21,HH06,7,,Marc-Andrea Huesler,L,196,SUI,25.257,159,450,CG94,,,Enzo Couacaud,R,183,FRA,26.574,187,365,6-4 6-4,3,R16,63,6,1,51,37,30,10,10,0,0,3,2,56,31,25,12,10,4,6
2021-9575,Biel,Hard,33,C,,20210926,22,K839,,,Tobias Kamke,R,178,GER,35.351,257,245,I306,8,,Cem Ilkel,R,185,TUR,26.1,180,408,6-4 7-6(3),3,R16,103,3,2,74,45,34,17,11,5,6,5,4,78,42,29,17,11,3,5
2021-9575,Biel,Hard,33,C,,20210926,23,E768,,,Antoine Escoffier,R,185,FRA,29.574,396,108,S0H2,,,Alexander Shevchenko,R,188,KAZ,20.824,353,130,6-4 7-6(3),3,R16,60,8,0,43,33,29,7,9,0,0,2,3,58,30,22,11,9,3,6
2021-9575,Biel,Hard,33,C,,20210926,24,E768,,,Antoine Escoffier,R,185,FRA,29.574,396,108,S0H2,,,Alexander Shevchenko,R,188,KAZ,20.824,353,130,6-4 7-6(3),3,R16,106,4,2,84,46,32,22,11,7,9,1,1,80,44,31,16,11,3,6
2021-9575,Biel,Hard,33,C,,20210926,25,RB56,,,Ramkumar Ramanathan,R,188,IND,26.883,192,354,MJ71,,,Mats Moraing,L,198,GER,29.268,175,417,6-2 6-3,3,R16,60,14,2,56,37,31,10,9,3,3,1,4,52,29,18,10,8,3,6
2021-9575,Biel,Hard,33,C,,20210926,26,BI23,5,,Liam Broady,L,183,GBR,27.726,139,549,RB56,,,Ramkumar Ramanathan,R,188,IND,26.883,192,354,7-6(2) 6-2,3,QF,89,3,1,67,40,30,17,10,2,3,9,3,66,37,25,13,10,2,5
2021-9575,Biel,Hard,33,C,,20210926,27,V942,,,Tim van Rijthoven,R,188,NED,24.424,265,239,SH90,6,,Joao Sousa,R,185,POR,32.493,173,425,7-6(4) 6-4,3,QF,90,10,1,70,46,36,16,11,2,2,7,3,71,40,29,19,11,3,4
2021-9575,Biel,Hard,33,C,,20210926,28,HH06,7,,Marc-Andrea Huesler,L,196,SUI,25.257,159,450,E768,,,Antoine Escoffier,R,185,FRA,29.574,396,108,5-7 6-1 6-2,3,QF,104,9,1,85,53,39,18,14,5,7,8,9,81,44,34,11,13,4,9
2021-9575,Biel,Hard,33,C,,20210926,29,S0LA,,,Dominic Stricker,L,183,SUI,19.113,287,199,K839,,,Tobias Kamke,R,178,GER,35.351,257,245,6-4 6-4,3,QF,81,4,2,55,25,20,20,10,2,3,2,5,71,45,31,11,10,5,8
2021-9575,Biel,Hard,33,C,,20210926,30,BI23,5,,Liam Broady,L,183,GBR,27.726,139,549,S0LA,,,Dominic Stricker,L,183,SUI,19.113,287,199,6-0 2-0 RET,3,SF,34,1,1,29,20,13,6,4,1,1,0,4,21,7,3,2,4,1,5
2021-9575,Biel,Hard,33,C,,20210926,31,HH06,7,,Marc-Andrea Huesler,L,196,SUI,25.257,159,450,V942,,,Tim van Rijthoven,R,188,NED,24.424,265,239,3-6 7-6(10) 6-4,3,SF,111,16,1,88,67,53,15,15,3,4,15,1,98,71,57,15,16,5,6
2021-9575,Biel,Hard,33,C,,20210926,32,BI23,5,,Liam Broady,L,183,GBR,27.726,139,549,HH06,7,,Marc-Andrea Huesler,L,196,SUI,25.257,159,450,7-5 6-3,3,F,83,2,4,65,35,26,20,11,3,4,4,5,61,30,20,17,10,5,8
2021-9577,Bucharest,Clay,32,C,,20210926,1,TA12,1,,Stefano Travaglia,R,185,ITA,29.747,98,766,R685,,,Lukas Rosol,R,193,CZE,36.175,259,243,6-4 6-3,3,R32,83,8,4,63,38,30,10,9,6,7,4,4,82,49,27,16,10,12,16
2021-9577,Bucharest,Clay,32,C,,20210926,2,A829,2,,Radu Albot,R,175,MDA,31.874,104,746,SP80,,,Nino Serdarusic,R,191,CRO,24.786,234,278,6-2 7-5,3,R32,117,1,5,80,49,31,18,10,6,7,4,2,76,43,27,15,10,7,11
2021-9577,Bucharest,Clay,32,C,,20210926,3,KD46,3,,Thanasi Kokkinakis,R,193,AUS,25.462,183,394,A0CJ,,,Duje Ajdukovic,R,188,CRO,20.638,251,251,6-1 3-1 RET,3,R32,56,4,2,37,22,17,8,6,3,4,1,2,29,16,8,3,5,2,6
2021-9577,Bucharest,Clay,32,C,,20210926,4,G681,,,Teymuraz Gabashvili,R,185,GEO,36.345,273,225,KH56,4,,Zdenek Kolar,R,183,CZE,24.964,149,501,7-5 6-4,3,R32,103,3,2,66,37,28,15,11,0,2,3,3,75,45,29,13,11,7,11
2021-9577,Bucharest,Clay,32,C,,20210926,5,GA79,,,Lorenzo Giustino,R,180,ITA,30.045,229,286,N897,5,,Sumit Nagal,R,178,IND,24.112,185,381,3-6 7-5 7-5,3,R32,184,3,1,95,62,37,15,16,8,15,0,6,127,94,48,17,17,16,24
2021-9577,Bucharest,Clay,32,C,,20210926,6,MN13,6,,Maximilian Marterer,L,188,GER,26.283,190,356,MO55,,,Lucas Miedler,R,183,AUT,25.265,323,154,6-3 6-1,3,R32,58,4,1,41,26,21,7,8,0,1,2,1,47,32,18,3,8,3,8
2021-9577,Bucharest,Clay,32,C,,20210926,7,KI82,7,,Vit Kopriva,R,178,CZE,24.282,199,343,CA99,,,Marius Copil,R,191,ROU,30.943,248,259,6-4 6-4,3,R32,99,6,2,65,42,30,10,10,4,6,3,4,79,48,32,11,10,9,13
2021-9577,Bucharest,Clay,32,C,,20210926,8,L0BV,8,,Jiri Lehecka,R,185,CZE,19.882,195,350,V717,,,Alexey Vatutin,R,178,RUS,28.914,340,140,6-3 6-1,3,R32,61,8,1,48,37,29,5,8,2,2,2,2,50,31,17,8,8,1,5
2021-9577,Bucharest,Clay,32,C,,20210926,9,A0FC,,,Matteo Arnaldi,R,185,ITA,20.591,476,77,BU54,,,Geoffrey Blancaneaux,R,180,FRA,23.135,296,184,6-4 7-5,3,R32,108,2,0,65,32,24,23,11,3,3,2,0,75,59,38,9,11,7,9
2021-9577,Bucharest,Clay,32,C,,20210926,10,BI47,,,Riccardo Bonadio,R,180,ITA,28.205,305,174,CI14,,,Jay Clarke,R,183,GBR,23.168,191,354,6-7(5) 7-6(4) 6-2,3,R32,165,5,0,105,56,42,31,16,2,4,4,2,112,66,45,20,16,6,10
2021-9577,Bucharest,Clay,32,C,,20210926,11,C0E9,,,Flavio Cobolli,R,183,ITA,19.392,264,239,GE28,,,Ivan Gakhov,L,191,RUS,24.893,506,69,7-5 6-7(6) 6-1,3,R32,164,5,4,116,62,41,27,15,10,14,2,6,122,69,42,21,16,11,19
2021-9577,Bucharest,Clay,32,C,,20210926,12,HB48,,,Calvin Hemery,R,191,FRA,26.661,355,128,SO20,,,Jelle Sels,R,188,NED,26.13,370,120,6-4 6-4,3,R32,110,8,4,72,45,36,11,10,3,3,3,0,76,58,39,7,10,2,4
2021-9577,Bucharest,Clay,32,C,,20210926,13,HA28,,,Filip Horansky,R,191,SVK,28.717,204,321,F952,,,Nicolae Frunza,R,185,ROU,23.863,650,40,7-6(3) 6-4,3,R32,102,1,4,79,42,28,16,11,5,9,1,3,66,34,19,17,11,3,8
2021-9577,Bucharest,Clay,32,C,,20210926,14,I0A7,,,Nicholas David Ionel,R,,ROU,18.957,474,78,P0CY,,,Stefan Palosi,R,180,ROU,21.662,752,28,7-6(5) 6-1,3,R32,105,1,1,82,56,38,13,10,7,9,3,1,60,40,24,7,9,7,11
2021-9577,Bucharest,Clay,32,C,,20210926,15,MW54,,,Dragos Nicolae Madaras,L,191,SWE,24.038,437,90,J09X,,,Filip Cristian Jianu,R,180,ROU,20.022,327,151,6-4 6-3,3,R32,93,1,1,63,37,24,18,10,3,4,2,0,57,39,23,11,9,5,8
2021-9577,Bucharest,Clay,32,C,,20210926,16,SS25,,,Vitaliy Sachko,R,188,UKR,24.203,260,243,E928,,,Alexander Erler,R,193,AUT,23.915,329,150,6-2 6-2,3,R32,70,9,2,51,38,29,8,8,4,4,2,1,58,36,15,13,8,6,10
2021-9577,Bucharest,Clay,32,C,,20210926,17,TA12,1,,Stefano Travaglia,R,185,ITA,29.747,98,766,C0E9,,,Flavio Cobolli,R,183,ITA,19.392,264,239,2-6 6-4 6-2,3,R16,124,3,4,88,50,31,18,13,9,14,0,4,109,72,40,16,13,9,15
2021-9577,Bucharest,Clay,32,C,,20210926,18,BI47,,,Riccardo Bonadio,R,180,ITA,28.205,305,174,A829,2,,Radu Albot,R,175,MDA,31.874,104,746,6-3 6-3,3,R16,88,3,3,63,33,26,15,9,8,9,1,2,52,36,22,7,9,3,7
2021-9577,Bucharest,Clay,32,C,,20210926,19,KD46,3,,Thanasi Kokkinakis,R,193,AUS,25.462,183,394,HB48,,,Calvin Hemery,R,191,FRA,26.661,355,128,2-6 7-6(4) 7-6(4),3,R16,189,5,5,106,74,54,13,16,7,11,4,10,115,64,49,24,16,3,5
2021-9577,Bucharest,Clay,32,C,,20210926,20,SS25,,,Vitaliy Sachko,R,188,UKR,24.203,260,243,MN13,6,,Maximilian Marterer,L,188,GER,26.283,190,356,6-3 2-6 7-6(0),3,R16,143,2,2,96,64,41,17,14,4,8,6,2,97,70,45,11,15,8,12
2021-9577,Bucharest,Clay,32,C,,20210926,21,HA28,,,Filip Horansky,R,191,SVK,28.717,204,321,KI82,7,,Vit Kopriva,R,178,CZE,24.282,199,343,6-3 6-4,3,R16,84,0,2,51,30,27,12,10,1,2,0,3,68,40,22,15,9,7,10
2021-9577,Bucharest,Clay,32,C,,20210926,22,L0BV,8,,Jiri Lehecka,R,185,CZE,19.882,195,350,MW54,,,Dragos Nicolae Madaras,L,191,SWE,24.038,437,90,6-1 6-2,3,R16,60,5,0,43,28,23,10,8,1,1,0,3,49,28,14,11,7,2,6
2021-9577,Bucharest,Clay,32,C,,20210926,23,GA79,,,Lorenzo Giustino,R,180,ITA,30.045,229,286,A0FC,,,Matteo Arnaldi,R,185,ITA,20.591,476,77,2-6 7-5 6-4,3,R16,167,1,1,106,70,39,15,15,14,21,7,4,99,62,37,15,15,8,15
2021-9577,Bucharest,Clay,32,C,,20210926,24,I0A7,,,Nicholas David Ionel,R,,ROU,18.957,474,78,G681,,,Teymuraz Gabashvili,R,185,GEO,36.345,273,225,6-3 6-3,3,R16,93,0,2,64,47,25,10,9,3,6,0,2,64,39,19,11,9,6,12
2021-9577,Bucharest,Clay,32,C,,20210926,25,TA12,1,,Stefano Travaglia,R,185,ITA,29.747,98,766,SS25,,,Vitaliy Sachko,R,188,UKR,24.203,260,243,6-3 6-4,3,QF,90,5,2,70,41,27,16,10,2,4,1,1,50,27,18,9,9,0,4
2021-9577,Bucharest,Clay,32,C,,20210926,26,HA28,,,Filip Horansky,R,191,SVK,28.717,204,321,KD46,3,,Thanasi Kokkinakis,R,193,AUS,25.462,183,394,7-6(5) 4-6 6-2,3,QF,164,1,3,97,61,46,19,15,6,8,5,1,107,62,45,20,15,5,8
2021-9577,Bucharest,Clay,32,C,,20210926,27,L0BV,8,,Jiri Lehecka,R,185,CZE,19.882,195,350,I0A7,,,Nicholas David Ionel,R,,ROU,18.957,474,78,6-4 6-4,3,QF,83,2,0,49,30,21,9,10,3,7,2,1,72,45,25,8,10,6,12
2021-9577,Bucharest,Clay,32,C,,20210926,28,GA79,,,Lorenzo Giustino,R,180,ITA,30.045,229,286,BI47,,,Riccardo Bonadio,R,180,ITA,28.205,305,174,6-2 6-3,3,QF,78,2,0,50,28,24,13,9,0,0,2,4,49,30,18,9,8,0,3
2021-9577,Bucharest,Clay,32,C,,20210926,29,L0BV,8,,Jiri Lehecka,R,185,CZE,19.882,195,350,TA12,1,,Stefano Travaglia,R,185,ITA,29.747,98,766,6-3 7-6(3),3,SF,94,5,1,75,46,33,15,11,5,7,3,2,61,35,20,13,10,5,8
2021-9577,Bucharest,Clay,32,C,,20210926,30,HA28,,,Filip Horansky,R,191,SVK,28.717,204,321,GA79,,,Lorenzo Giustino,R,180,ITA,30.045,229,286,6-3 4-6 6-2,3,SF,143,2,6,99,61,46,16,13,7,8,1,3,92,60,42,12,14,7,11
2021-9577,Bucharest,Clay,32,C,,20210926,31,L0BV,8,,Jiri Lehecka,R,185,CZE,19.882,195,350,HA28,,,Filip Horansky,R,191,SVK,28.717,204,321,6-3 6-2,3,F,74,0,1,54,32,24,11,9,3,5,1,4,48,27,12,8,8,6,11
2021-2273,Orleans,Hard,32,C,,20210927,1,HB64,,,Quentin Halys,R,191,FRA,24.92,159,441,HH26,,,Ugo Humbert,L,188,FRA,23.255,25,2045,7-6(12) 6-4,3,R32,97,12,3,73,48,40,10,11,2,4,6,6,81,44,34,17,11,4,7
2021-2273,Orleans,Hard,32,C,,20210927,2,BM95,2,,Benjamin Bonzi,R,183,FRA,25.3,64,1022,M0G4,,,Harold Mayot,R,180,FRA,19.644,429,92,6-1 6-3,3,R32,52,7,0,42,27,24,8,8,0,0,3,3,42,17,12,10,8,1,5
2021-2273,Orleans,Hard,32,C,,20210927,3,RC91,3,,Arthur Rinderknech,R,196,FRA,26.182,74,965,HA71,,,Antoine Hoang,R,183,FRA,25.897,156,449,3-6 6-4 6-3,3,R32,120,16,4,86,60,49,12,14,4,5,6,2,88,49,32,26,14,5,7
2021-2273,Orleans,Hard,32,C,,20210927,4,G628,4,,Richard Gasquet,R,183,FRA,35.277,82,906,V490,,,Matteo Viola,R,185,ITA,34.226,294,190,6-7(4) 6-1 6-0,3,R32,102,12,6,84,43,34,22,13,1,2,1,3,74,50,33,8,12,4,10
2021-2273,Orleans,Hard,32,C,,20210927,5,V708,5,,Jiri Vesely,L,198,CZE,28.216,86,860,KD87,,,Evgeny Karlovskiy,R,191,RUS,27.14,288,200,6-7(5) 7-6(0) 7-6(3),3,R32,162,26,3,106,70,60,23,18,1,1,11,6,125,80,61,24,18,7,7
2021-2273,Orleans,Hard,32,C,,20210927,6,MW02,,,Corentin Moutet,L,180,FRA,22.442,91,828,J0AZ,,,Kyrian Jacquet,R,175,FRA,20.381,308,167,7-6(1) 6-1,3,R32,94,1,4,78,49,34,14,10,8,11,0,4,61,35,21,8,9,5,10
2021-2273,Orleans,Hard,32,C,,20210927,7,R0DG,,,Holger Rune,R,188,DEN,18.415,124,626,SD32,7,,Gilles Simon,R,183,FRA,36.75,99,764,6-4 6-0,3,R32,60,1,5,44,23,20,13,8,2,2,3,6,44,25,16,6,8,1,5
2021-2273,Orleans,Hard,32,C,,20210927,8,H996,8,,Pierre-Hugues Herbert,R,188,FRA,30.53,100,763,MN20,,,Daniel Masur,R,183,GER,26.891,230,285,6-7(5) 6-3 6-2,3,R32,113,12,3,91,50,42,23,14,1,1,10,3,84,55,42,15,15,3,7
2021-2273,Orleans,Hard,32,C,,20210927,9,BE54,,,Ruben Bemelmans,L,183,BEL,33.703,222,297,SH90,,,Joao Sousa,R,185,POR,32.496,182,395,6-4 4-6 6-4,3,R32,142,11,4,94,55,37,23,15,3,5,3,4,125,73,48,25,15,10,13
2021-2273,Orleans,Hard,32,C,,20210927,10,BE90,,,Ricardas Berankis,R,175,LTU,31.269,107,733,SP24,,,Brayden Schnur,R,193,CAN,26.234,232,283,6-7(0) 6-4 6-2,3,R32,120,1,3,93,54,40,21,15,1,3,8,5,86,58,40,14,15,2,7
2021-2273,Orleans,Hard,32,C,,20210927,11,GF95,,,Hugo Grenier,R,196,FRA,25.514,210,310,V306,,,Fernando Verdasco,L,188,ESP,37.867,139,544,6-4 6-2,3,R32,68,4,3,55,33,26,13,9,0,0,2,5,51,30,21,8,9,4,7
2021-2273,Orleans,Hard,32,C,,20210927,12,L949,,,Henri Laaksonen,R,185,SUI,29.492,118,680,BU13,,,Zizou Bergs,R,185,BEL,22.319,186,367,6-3 6-1,3,R32,68,2,0,43,22,18,12,8,0,1,1,0,64,40,22,7,8,7,12
2021-2273,Orleans,Hard,32,C,,20210927,13,DB59,,,Dennis Novak,R,183,AUT,28.082,121,654,BK24,,,Gregoire Barrere,R,183,FRA,27.611,169,426,7-5 7-5,3,R32,88,5,1,77,46,29,17,12,3,6,6,4,68,36,28,11,12,1,6
2021-2273,Orleans,Hard,32,C,,20210927,14,PF39,,,Lucas Pouille,R,185,FRA,27.592,137,553,Y218,,,Elias Ymer,R,185,SWE,25.465,163,436,6-3 3-6 6-1,3,R32,103,8,5,86,44,30,21,13,11,14,7,7,81,49,33,11,12,4,9
2021-2273,Orleans,Hard,32,C,,20210927,15,SX50,,,Roman Safiullin,R,185,RUS,24.14,152,467,G858,,,Ernests Gulbis,R,191,LAT,33.076,193,353,6-3 6-2,3,R32,62,5,3,56,35,27,12,9,5,6,5,8,46,20,14,9,8,1,5
2021-2273,Orleans,Hard,32,C,,20210927,16,TE30,,,Alejandro Tabilo,L,188,CHI,24.32,184,388,MJ01,,,Roberto Marcora,R,193,ITA,32.077,206,320,6-1 6-3,3,R32,47,8,2,38,26,24,8,8,0,0,7,3,46,30,19,6,8,2,6
2021-2273,Orleans,Hard,32,C,,20210927,17,L949,,,Henri Laaksonen,R,185,SUI,29.492,118,680,BM95,2,,Benjamin Bonzi,R,183,FRA,25.3,64,1022,7-6(6) 6-4,3,R16,88,13,3,66,45,36,12,11,0,0,3,3,78,36,28,21,11,0,1
2021-2273,Orleans,Hard,32,C,,20210927,18,GF95,,,Hugo Grenier,R,196,FRA,25.514,210,310,RC91,3,,Arthur Rinderknech,R,196,FRA,26.182,74,965,6-4 6-2,3,R16,75,7,2,49,35,29,6,9,1,2,4,4,67,45,28,7,9,2,6
2021-2273,Orleans,Hard,32,C,,20210927,19,G628,4,,Richard Gasquet,R,183,FRA,35.277,82,906,PF39,,,Lucas Pouille,R,185,FRA,27.592,137,553,3-6 7-6(5) 6-3,3,R16,115,4,4,86,49,33,23,14,2,4,9,4,96,47,35,26,16,3,6
2021-2273,Orleans,Hard,32,C,,20210927,20,V708,5,,Jiri Vesely,L,198,CZE,28.216,86,860,TE30,,,Alejandro Tabilo,L,188,CHI,24.32,184,388,6-3 6-1,3,R16,61,14,2,42,29,25,7,8,0,0,3,5,49,28,16,8,8,3,7
2021-2273,Orleans,Hard,32,C,,20210927,21,MW02,,,Corentin Moutet,L,180,FRA,22.442,91,828,SX50,,,Roman Safiullin,R,185,RUS,24.14,152,467,6-4 2-6 7-6(7),3,R16,147,6,4,93,61,43,14,15,5,10,11,3,106,65,44,23,15,4,8
2021-2273,Orleans,Hard,32,C,,20210927,22,BE54,,,Ruben Bemelmans,L,183,BEL,33.703,222,297,H996,8,,Pierre-Hugues Herbert,R,188,FRA,30.53,100,763,3-6 7-5 6-4,3,R16,126,6,3,90,55,40,21,15,3,5,12,7,88,47,36,22,16,2,5
2021-2273,Orleans,Hard,32,C,,20210927,23,DB59,,,Dennis Novak,R,183,AUT,28.082,121,654,HB64,,,Quentin Halys,R,191,FRA,24.92,159,441,6-4 6-4,3,R16,83,5,1,68,46,35,13,10,11,11,7,4,73,40,29,15,10,4,6
2021-2273,Orleans,Hard,32,C,,20210927,24,R0DG,,,Holger Rune,R,188,DEN,18.415,124,626,BE90,,,Ricardas Berankis,R,175,LTU,31.269,107,733,6-2 6-4,3,R16,79,6,6,62,32,25,16,9,2,2,6,3,61,40,25,9,9,3,6
2021-2273,Orleans,Hard,32,C,,20210927,25,V708,5,,Jiri Vesely,L,198,CZE,28.216,86,860,G628,4,,Richard Gasquet,R,183,FRA,35.277,82,906,6-7(6) 6-4 6-2,3,QF,162,19,5,105,66,53,20,15,7,7,5,7,128,75,54,25,15,12,15
2021-2273,Orleans,Hard,32,C,,20210927,26,MW02,,,Corentin Moutet,L,180,FRA,22.442,91,828,GF95,,,Hugo Grenier,R,196,FRA,25.514,210,310,6-4 7-6(5),3,QF,113,3,0,69,50,33,10,11,6,9,3,1,81,52,30,15,11,7,11
2021-2273,Orleans,Hard,32,C,,20210927,27,L949,,,Henri Laaksonen,R,185,SUI,29.492,118,680,R0DG,,,Holger Rune,R,188,DEN,18.415,124,626,6-3 6-4,3,QF,80,7,0,61,39,29,12,10,3,4,1,4,63,34,24,12,9,1,4
2021-2273,Orleans,Hard,32,C,,20210927,28,DB59,,,Dennis Novak,R,183,AUT,28.082,121,654,BE54,,,Ruben Bemelmans,L,183,BEL,33.703,222,297,7-6(6) 7-6(6),3,QF,106,5,2,81,48,34,24,12,2,4,3,2,84,48,34,22,12,5,7
2021-2273,Orleans,Hard,32,C,,20210927,29,L949,,,Henri Laaksonen,R,185,SUI,29.492,118,680,V708,5,,Jiri Vesely,L,198,CZE,28.216,86,860,6-3 6-3,3,SF,62,7,3,51,31,27,11,9,4,4,3,3,52,34,24,7,9,2,5
2021-2273,Orleans,Hard,32,C,,20210927,30,DB59,,,Dennis Novak,R,183,AUT,28.082,121,654,MW02,,,Corentin Moutet,L,180,FRA,22.442,91,828,6-7(2) 7-6(6) 6-4,3,SF,189,3,7,132,93,58,17,17,10,15,1,2,130,92,56,18,17,10,16
2021-2273,Orleans,Hard,32,C,,20210927,31,L949,,,Henri Laaksonen,R,185,SUI,29.492,118,680,DB59,,,Dennis Novak,R,183,AUT,28.082,121,654,6-1 2-6 6-2,3,F,82,8,2,65,32,26,17,12,1,3,2,1,69,49,33,7,11,7,11
2021-6579,Lima,Clay,32,C,,20210927,1,P0DF,,,Matheus Pucinelli De Almeida,R,183,BRA,20.49,320,156,C0AU,1,,Francisco Cerundolo,R,185,ARG,23.124,111,727,6-2 6-4,3,R32,82,2,1,61,40,27,11,9,0,1,2,2,52,36,23,6,9,3,7
2021-6579,Lima,Clay,32,C,,20210927,2,C0C8,2,,Juan Manuel Cerundolo,L,183,ARG,19.866,105,737,B0GR,,,Gonzalo Bueno,R,173,PER,17.484,,,6-1 6-3,3,R32,65,1,2,51,34,21,8,8,6,9,1,0,50,42,15,2,8,2,9
2021-6579,Lima,Clay,32,C,,20210927,3,AE14,3,,Daniel Altmaier,R,188,GER,23.042,113,707,A887,,,Guido Andreozzi,R,183,ARG,30.146,265,236,7-6(5) 6-7(3) 6-2,3,R32,201,7,2,123,76,48,23,16,10,14,5,3,102,59,37,20,16,6,12
2021-6579,Lima,Clay,32,C,,20210927,4,V836,4,,Juan Pablo Varillas,R,185,PER,25.977,117,691,SL94,,,Pedro Sakamoto,R,178,BRA,28.246,322,155,6-1 RET,3,R32,32,4,1,21,14,12,4,4,0,0,0,1,22,9,7,3,3,1,3
2021-6579,Lima,Clay,32,C,,20210927,5,DA31,5,,Hugo Dellien,R,180,BOL,28.282,141,543,H0A4,,,Nick Hardt,R,185,DOM,21.018,356,128,6-3 6-2,3,R32,91,1,0,55,47,31,6,9,3,4,2,3,59,40,23,7,8,3,7
2021-6579,Lima,Clay,32,C,,20210927,6,O376,6,,Renzo Olivo,R,178,ARG,29.536,203,325,CN78,,,Lucas Catarina,R,185,MON,25.087,352,132,6-4 6-4,3,R32,103,0,1,66,41,28,13,10,5,7,0,1,58,37,26,6,10,4,8
2021-6579,Lima,Clay,32,C,,20210927,7,MI43,,,Gerald Melzer,L,188,AUT,31.209,664,37,FA43,7,,Juan Pablo Ficovich,R,188,ARG,24.674,227,289,6-3 7-6(2),3,R32,99,3,0,60,41,32,13,10,4,5,2,0,80,47,30,17,11,8,11
2021-6579,Lima,Clay,32,C,,20210927,8,U182,8,,Camilo Ugo Carabelli,R,185,ARG,22.281,245,260,M0AW,,,Nicolas Mejia,R,183,COL,21.626,289,198,6-3 6-0,3,R32,82,2,0,44,24,19,13,7,2,2,1,1,54,33,15,8,8,6,11
2021-6579,Lima,Clay,32,C,,20210927,9,E830,,,Eduard Esteve Lobato,R,188,ESP,27.025,371,121,PG56,,,Jorge Panta,R,,PER,26.185,594,51,6-2 6-1,3,R32,85,3,1,52,35,28,9,8,3,3,0,1,50,23,16,8,7,7,11
2021-6579,Lima,Clay,32,C,,20210927,10,KC29,,,Nicolas Kicker,R,178,ARG,29.114,286,202,G985,,,Carlos Gomez-Herrera,R,191,ESP,31.411,420,97,6-4 2-6 6-4,3,R32,167,0,1,88,58,42,17,14,5,7,1,3,97,74,47,15,14,9,11
2021-6579,Lima,Clay,32,C,,20210927,11,LB07,,,Gonzalo Lama,R,180,CHI,28.419,336,141,T0A1,,,Thiago Agustin Tirante,R,185,ARG,20.465,204,323,6-3 3-6 6-1,3,R32,119,4,0,88,62,39,14,13,9,12,4,2,72,49,28,11,12,5,10
2021-6579,Lima,Clay,32,C,,20210927,12,LB51,,,Julian Lenz,R,188,GER,28.608,293,191,HG90,,,Conner Huertas del Pino,R,188,PER,25.771,697,34,6-3 6-3,3,R32,88,0,3,63,41,27,12,9,6,8,0,3,68,49,28,6,9,3,8
2021-6579,Lima,Clay,32,C,,20210927,13,MJ98,,,Facundo Mena,R,183,ARG,29.013,248,259,AC58,,,Nicolas Alvarez,R,185,PER,25.303,378,116,6-3 6-7(5) 6-3,3,R32,150,4,0,99,56,41,25,16,1,2,6,3,106,69,46,20,14,15,18
2021-6579,Lima,Clay,32,C,,20210927,14,N830,,,Johan Nikles,R,173,SUI,24.515,380,116,MB53,,,Adrian Menendez-Maceiras,R,183,ESP,35.915,301,176,6-4 6-2,3,R32,113,1,0,80,50,32,15,9,10,12,0,2,74,46,24,11,9,3,8
2021-6579,Lima,Clay,32,C,,20210927,15,Q941,,,Roberto Quiroz,L,193,ECU,29.593,304,174,O660,,,Genaro Alberto Olivieri,R,175,ARG,23.149,329,149,4-6 6-3 RET,3,R32,109,0,2,63,37,22,11,10,5,9,1,1,71,42,22,15,9,4,8
2021-6579,Lima,Clay,32,C,,20210927,16,RB60,,,Oriol Roca Batalla,R,175,ESP,28.411,386,112,BC76,,,Nicolas Barrientos,R,175,COL,34.428,764,27,7-5 7-6(2),3,R32,119,8,1,74,48,35,10,12,0,3,0,5,77,52,34,10,12,3,7
2021-6579,Lima,Clay,32,C,,20210927,17,C0C8,2,,Juan Manuel Cerundolo,L,183,ARG,19.866,105,737,LB07,,,Gonzalo Lama,R,180,CHI,28.419,336,141,6-1 7-6(3),3,R16,104,3,1,69,43,29,14,10,3,5,0,1,69,45,28,7,9,7,11
2021-6579,Lima,Clay,32,C,,20210927,18,KC29,,,Nicolas Kicker,R,178,ARG,29.114,286,202,AE14,3,,Daniel Altmaier,R,188,GER,23.042,113,707,2-6 6-2 6-4,3,R16,132,2,4,82,55,33,11,13,5,10,4,3,82,51,32,10,13,6,12
2021-6579,Lima,Clay,32,C,,20210927,19,E830,,,Eduard Esteve Lobato,R,188,ESP,27.025,371,121,V836,4,,Juan Pablo Varillas,R,185,PER,25.977,117,691,6-3 7-6(3),3,R16,105,2,0,75,50,37,11,11,2,4,6,1,64,40,25,12,10,4,7
2021-6579,Lima,Clay,32,C,,20210927,20,DA31,5,,Hugo Dellien,R,180,BOL,28.282,141,543,MJ98,,,Facundo Mena,R,183,ARG,29.013,248,259,6-4 6-4,3,R16,87,1,1,62,48,36,7,10,1,2,2,2,62,43,31,6,10,3,6
2021-6579,Lima,Clay,32,C,,20210927,21,O376,6,,Renzo Olivo,R,178,ARG,29.536,203,325,Q941,,,Roberto Quiroz,L,193,ECU,29.593,304,174,7-5 6-4,3,R16,107,0,0,61,46,29,8,11,1,5,0,2,65,43,23,8,11,3,9
2021-6579,Lima,Clay,32,C,,20210927,22,U182,8,,Camilo Ugo Carabelli,R,185,ARG,22.281,245,260,LB51,,,Julian Lenz,R,188,GER,28.608,293,191,7-5 6-3,3,R16,104,1,3,64,39,30,13,11,2,4,0,5,65,44,25,9,10,5,9
2021-6579,Lima,Clay,32,C,,20210927,23,MI43,,,Gerald Melzer,L,188,AUT,31.209,664,37,RB60,,,Oriol Roca Batalla,R,175,ESP,28.411,386,112,6-4 7-6(5),3,R16,129,5,0,74,51,34,15,11,8,9,4,5,85,52,35,14,11,8,10
2021-6579,Lima,Clay,32,C,,20210927,24,N830,,,Johan Nikles,R,173,SUI,24.515,380,116,P0DF,,,Matheus Pucinelli De Almeida,R,183,BRA,20.49,320,156,7-6(2) 6-4,3,R16,113,1,0,84,63,36,11,11,6,10,1,1,68,50,26,8,11,0,5
2021-6579,Lima,Clay,32,C,,20210927,25,U182,8,,Camilo Ugo Carabelli,R,185,ARG,22.281,245,260,C0C8,2,,Juan Manuel Cerundolo,L,183,ARG,19.866,105,737,3-6 6-4 2-0 RET,3,QF,118,0,3,81,47,26,16,11,8,12,0,2,60,36,21,12,10,7,11
2021-6579,Lima,Clay,32,C,,20210927,26,DA31,5,,Hugo Dellien,R,180,BOL,28.282,141,543,KC29,,,Nicolas Kicker,R,178,ARG,29.114,286,202,7-5 6-2,3,QF,99,0,0,56,47,35,2,10,6,9,0,0,63,43,24,6,10,3,9
2021-6579,Lima,Clay,32,C,,20210927,27,N830,,,Johan Nikles,R,173,SUI,24.515,380,116,O376,6,,Renzo Olivo,R,178,ARG,29.536,203,325,6-3 6-1,3,QF,73,0,2,50,36,26,5,8,1,3,0,0,45,34,13,3,8,1,7
2021-6579,Lima,Clay,32,C,,20210927,28,MI43,,,Gerald Melzer,L,188,AUT,31.209,664,37,E830,,,Eduard Esteve Lobato,R,188,ESP,27.025,371,121,6-2 3-0 RET,3,QF,59,4,0,27,19,15,6,6,0,1,1,0,39,25,10,5,5,1,5
2021-6579,Lima,Clay,32,C,,20210927,29,DA31,5,,Hugo Dellien,R,180,BOL,28.282,141,543,N830,,,Johan Nikles,R,173,SUI,24.515,380,116,6-7(5) 6-4 6-2,3,SF,176,0,0,108,90,59,9,15,8,10,1,1,136,103,58,15,15,9,14
2021-6579,Lima,Clay,32,C,,20210927,30,U182,8,,Camilo Ugo Carabelli,R,185,ARG,22.281,245,260,MI43,,,Gerald Melzer,L,188,AUT,31.209,664,37,6-1 7-5,3,SF,95,6,1,58,38,30,12,9,5,5,3,4,60,39,24,10,10,5,9
2021-6579,Lima,Clay,32,C,,20210927,31,DA31,5,,Hugo Dellien,R,180,BOL,28.282,141,543,U182,8,,Camilo Ugo Carabelli,R,185,ARG,22.281,245,260,6-3 7-5,3,F,104,0,0,69,64,44,2,11,4,6,3,1,63,43,23,11,10,3,7
2021-6590,Sibiu,Clay,32,C,,20210927,1,TA12,1,,Stefano Travaglia,R,185,ITA,29.749,97,779,R685,,,Lukas Rosol,R,193,CZE,36.178,259,243,6-3 6-3,3,R32,64,6,4,58,27,19,16,9,3,5,1,1,52,31,17,10,9,3,8
2021-6590,Sibiu,Clay,32,C,,20210927,2,SS25,,,Vitaliy Sachko,R,188,UKR,24.205,253,254,A829,2,,Radu Albot,R,175,MDA,31.877,102,746,6-3 6-3,3,R32,95,4,3,66,28,19,18,9,4,6,0,6,62,34,18,11,9,6,11
2021-6590,Sibiu,Clay,32,C,,20210927,3,MV14,3,,Alex Molcan,L,178,SVK,23.822,119,662,BI47,,,Riccardo Bonadio,R,180,ITA,28.208,298,181,6-4 6-2,3,R32,71,4,3,49,29,22,12,9,0,1,1,1,54,27,14,14,9,2,6
2021-6590,Sibiu,Clay,32,C,,20210927,4,D923,4,,Damir Dzumhur,R,175,BIH,29.355,136,556,TG77,,,Petros Tsitsipas,R,185,GRE,21.169,735,30,6-2 6-0,3,R32,63,1,1,39,28,22,7,7,0,0,0,4,54,21,15,8,7,5,10
2021-6590,Sibiu,Clay,32,C,,20210927,5,KH56,5,,Zdenek Kolar,R,183,CZE,24.966,149,501,CA99,,,Marius Copil,R,191,ROU,30.946,246,259,7-5 6-4,3,R32,84,3,1,63,35,24,21,11,3,4,0,0,57,41,27,7,11,1,4
2021-6590,Sibiu,Clay,32,C,,20210927,6,HH06,6,,Marc-Andrea Huesler,L,196,SUI,25.259,172,418,SO20,,,Jelle Sels,R,188,NED,26.133,381,116,6-3 6-3,3,R32,73,7,2,56,37,26,14,9,3,3,2,2,63,36,21,13,9,4,7
2021-6590,Sibiu,Clay,32,C,,20210927,7,KD46,7,,Thanasi Kokkinakis,R,193,AUS,25.465,194,349,MN13,,,Maximilian Marterer,L,188,GER,26.286,191,356,6-4 6-3,3,R32,83,3,3,51,27,22,15,9,2,2,0,1,60,36,25,11,10,2,5
2021-6590,Sibiu,Clay,32,C,,20210927,8,N897,8,,Sumit Nagal,R,178,IND,24.115,213,309,MO55,,,Lucas Miedler,R,183,AUT,25.268,325,152,6-3 6-1,3,R32,73,2,2,44,27,20,10,8,0,1,1,1,69,36,21,11,8,8,13
2021-6590,Sibiu,Clay,32,C,,20210927,9,AA27,,,Franco Agamenone,R,191,ITA,28.452,234,278,CF25,,,Victor Cornea,L,196,ROU,28.008,1279,5,6-1 7-6(3),3,R32,97,1,3,66,41,32,11,9,4,5,2,5,61,24,14,19,10,1,5
2021-6590,Sibiu,Clay,32,C,,20210927,10,BU54,,,Geoffrey Blancaneaux,R,180,FRA,23.138,297,184,E811,,,Elmar Ejupovic,R,193,GER,28.652,411,102,6-1 6-3,3,R32,83,1,3,54,35,25,11,8,4,5,1,4,54,31,16,8,8,5,10
2021-6590,Sibiu,Clay,32,C,,20210927,11,BV19,,,Yan Bondarevskiy,L,191,RUS,21.53,566,56,DH53,,,Vlad Andrei Dancu,R,0,ROU,22.557,928,15,6-2 6-3,3,R32,70,1,0,53,40,30,8,8,3,3,3,3,69,37,24,11,9,8,12
2021-6590,Sibiu,Clay,32,C,,20210927,12,KI48,,,Ergi Kirkin,R,180,TUR,22.667,312,164,V717,,,Alexey Vatutin,R,178,RUS,28.917,338,140,7-5 4-6 6-1,3,R32,152,6,5,96,47,29,23,15,6,12,0,2,104,82,42,8,14,5,13
2021-6590,Sibiu,Clay,32,C,,20210927,13,KI82,,,Vit Kopriva,R,178,CZE,24.285,197,345,PE02,,,Danilo Petrovic,R,203,SRB,29.676,207,313,7-5 7-5,3,R32,109,4,2,78,43,32,19,12,7,9,4,7,85,47,33,13,12,6,10
2021-6590,Sibiu,Clay,32,C,,20210927,14,L0BV,,,Jiri Lehecka,R,185,CZE,19.885,177,410,J09X,,,Filip Cristian Jianu,R,180,ROU,20.025,327,151,7-6(5) 6-2,3,R32,81,2,3,59,35,25,14,10,3,5,1,3,65,38,21,16,10,2,6
2021-6590,Sibiu,Clay,32,C,,20210927,15,O674,,,Yshai Oliel,L,188,ISR,21.728,401,107,CI14,,,Jay Clarke,R,183,GBR,23.17,192,354,7-6(5) 6-4,3,R32,111,1,5,68,41,29,15,11,1,3,2,1,77,47,33,13,11,4,7
2021-6590,Sibiu,Clay,32,C,,20210927,16,P0CY,,,Stefan Palosi,R,180,ROU,21.665,772,26,I0A7,,,Nicholas David Ionel,R,,ROU,18.96,455,83,7-5 6-1,3,R32,88,6,1,66,40,29,15,10,1,2,0,5,60,37,24,7,9,6,10
2021-6590,Sibiu,Clay,32,C,,20210927,17,TA12,1,,Stefano Travaglia,R,185,ITA,29.749,97,779,BV19,,,Yan Bondarevskiy,L,191,RUS,21.53,566,56,6-3 6-2,3,R16,67,5,3,54,26,24,13,8,5,5,1,2,51,36,20,7,9,3,7
2021-6590,Sibiu,Clay,32,C,,20210927,18,MV14,3,,Alex Molcan,L,178,SVK,23.822,119,662,KI82,,,Vit Kopriva,R,178,CZE,24.285,197,345,1-6 6-0 6-4,3,R16,102,0,1,59,38,22,13,12,2,7,1,6,79,37,20,17,11,4,10
2021-6590,Sibiu,Clay,32,C,,20210927,19,BU54,,,Geoffrey Blancaneaux,R,180,FRA,23.138,297,184,D923,4,,Damir Dzumhur,R,175,BIH,29.355,136,556,6-2 4-6 6-2,3,R16,114,0,3,76,49,31,17,13,6,9,0,2,72,45,24,14,13,2,8
2021-6590,Sibiu,Clay,32,C,,20210927,20,KH56,5,,Zdenek Kolar,R,183,CZE,24.966,149,501,P0CY,,,Stefan Palosi,R,180,ROU,21.665,772,26,7-5 7-5,3,R16,127,5,3,88,49,33,18,12,11,14,2,2,91,63,38,10,12,6,11
2021-6590,Sibiu,Clay,32,C,,20210927,21,HH06,6,,Marc-Andrea Huesler,L,196,SUI,25.259,172,418,O674,,,Yshai Oliel,L,188,ISR,21.728,401,107,6-4 6-1,3,R16,90,5,0,48,29,21,11,8,2,3,0,5,66,52,27,4,9,3,8
2021-6590,Sibiu,Clay,32,C,,20210927,22,KD46,7,,Thanasi Kokkinakis,R,193,AUS,25.465,194,349,KI48,,,Ergi Kirkin,R,180,TUR,22.667,312,164,6-1 6-1,3,R16,79,1,1,47,23,16,15,7,0,1,0,3,40,20,11,3,7,3,9
2021-6590,Sibiu,Clay,32,C,,20210927,23,N897,8,,Sumit Nagal,R,178,IND,24.115,213,309,L0BV,,,Jiri Lehecka,R,185,CZE,19.885,177,410,7-5 6-3,3,R16,86,2,0,62,48,31,13,10,5,6,1,0,73,45,29,14,11,11,15
2021-6590,Sibiu,Clay,32,C,,20210927,24,AA27,,,Franco Agamenone,R,191,ITA,28.452,234,278,SS25,,,Vitaliy Sachko,R,188,UKR,24.205,253,254,7-6(4) 7-5,3,R16,133,1,6,94,56,34,22,12,5,9,3,5,84,52,31,17,12,4,9
2021-6590,Sibiu,Clay,32,C,,20210927,25,TA12,1,,Stefano Travaglia,R,185,ITA,29.749,97,779,KH56,5,,Zdenek Kolar,R,183,CZE,24.966,149,501,6-0 5-7 7-6(6),3,QF,154,2,3,100,53,37,27,15,8,12,5,4,111,57,36,25,15,9,15
2021-6590,Sibiu,Clay,32,C,,20210927,26,KD46,7,,Thanasi Kokkinakis,R,193,AUS,25.465,194,349,MV14,3,,Alex Molcan,L,178,SVK,23.822,119,662,6-2 7-6(4),3,QF,115,5,1,66,37,24,19,10,0,1,1,2,86,49,29,18,10,12,15
2021-6590,Sibiu,Clay,32,C,,20210927,27,HH06,6,,Marc-Andrea Huesler,L,196,SUI,25.259,172,418,AA27,,,Franco Agamenone,R,191,ITA,28.452,234,278,7-6(5) 6-4,3,QF,108,6,3,79,45,34,18,11,2,3,1,5,76,45,31,15,11,5,7
2021-6590,Sibiu,Clay,32,C,,20210927,28,N897,8,,Sumit Nagal,R,178,IND,24.115,213,309,BU54,,,Geoffrey Blancaneaux,R,180,FRA,23.138,297,184,7-6(3) 6-3,3,QF,108,0,3,73,57,35,8,10,6,8,1,2,71,49,27,12,11,1,5
2021-6590,Sibiu,Clay,32,C,,20210927,29,TA12,1,,Stefano Travaglia,R,185,ITA,29.749,97,779,N897,8,,Sumit Nagal,R,178,IND,24.115,213,309,6-4 0-6 6-0,3,SF,101,5,4,80,47,29,15,11,8,12,0,5,65,39,22,13,11,5,10
2021-6590,Sibiu,Clay,32,C,,20210927,30,KD46,7,,Thanasi Kokkinakis,R,193,AUS,25.465,194,349,HH06,6,,Marc-Andrea Huesler,L,196,SUI,25.259,172,418,6-2 6-1,3,SF,57,5,2,32,16,16,12,7,0,0,0,2,48,24,13,10,8,1,6
2021-6590,Sibiu,Clay,32,C,,20210927,31,TA12,1,,Stefano Travaglia,R,185,ITA,29.749,97,779,KD46,7,,Thanasi Kokkinakis,R,193,AUS,25.465,194,349,7-6(4) 6-2,3,F,99,4,1,70,39,30,19,10,6,6,1,2,59,39,29,9,10,1,3
2021-7742,Lisbon,Clay,32,C,,20210927,1,MJ08,1,,Thiago Monteiro,L,183,BRA,27.326,90,834,MP20,,,Alexandre Muller,R,183,FRA,24.652,201,329,6-4 6-4,3,R32,99,1,1,72,48,33,14,10,4,5,2,3,58,37,28,6,10,1,4
2021-7742,Lisbon,Clay,32,C,,20210927,2,M0E1,,,Daniel Michalski,R,180,POL,21.711,484,75,DA81,2,,Taro Daniel,R,191,JPN,28.665,112,724,7-6(4) 5-7 6-2,3,R32,192,0,5,124,74,48,27,16,7,12,3,3,112,78,47,18,16,4,10
2021-7742,Lisbon,Clay,32,C,,20210927,3,G09O,3,,Hugo Gaston,L,173,FRA,21.002,116,693,F0A4,,,Francesco Forti,R,188,ITA,22.174,331,148,6-3 6-1,3,R32,82,1,1,43,21,14,16,8,3,4,2,1,73,50,27,7,8,6,11
2021-7742,Lisbon,Clay,32,C,,20210927,4,MF35,4,,Andrej Martin,R,183,SVK,32.019,122,648,CF88,,,Roberto Cid Subervi,R,193,DOM,28.077,285,203,4-6 6-4 6-0,3,R32,113,5,0,66,43,29,13,13,2,6,1,8,81,44,24,15,13,5,12
2021-7742,Lisbon,Clay,32,C,,20210927,5,MM66,5,,Nikola Milojevic,R,188,SRB,26.275,142,542,F664,,,Sebastian Fanselow,R,,GER,29.744,423,96,6-4 6-4,3,R32,90,3,2,57,36,28,10,10,1,3,0,3,59,39,25,8,10,3,7
2021-7742,Lisbon,Clay,32,C,,20210927,6,SK94,6,,Cedrik-Marcel Stebe,L,180,GER,30.968,160,439,BU10,,,Jacopo Berrettini,R,191,ITA,22.834,442,87,6-0 6-1,3,R32,66,0,2,39,13,9,17,6,2,2,0,7,51,26,11,8,7,2,8
2021-7742,Lisbon,Clay,32,C,,20210927,7,PG20,8,,Dmitry Popko,R,191,KAZ,24.925,187,365,GA79,,,Lorenzo Giustino,R,180,ITA,30.048,214,308,1-6 6-3 4-1 RET,3,R32,117,4,2,66,34,23,18,10,6,8,2,3,69,49,35,8,11,5,8
2021-7742,Lisbon,Clay,32,C,,20210927,8,BT72,,,Nuno Borges,R,185,POR,24.602,276,218,GG65,,,Michael Geerts,R,178,BEL,26.694,295,189,4-6 6-3 6-4,3,R32,164,4,2,109,65,42,27,15,10,12,13,7,110,54,37,29,14,9,12
2021-7742,Lisbon,Clay,32,C,,20210927,9,D985,,,Joao Domingues,R,,POR,27.978,238,271,CN88,,,Tiago Cacao,R,185,PRT,23.578,487,75,6-4 6-4,3,R32,88,0,2,75,60,40,6,10,4,5,0,2,64,53,34,4,10,6,9
2021-7742,Lisbon,Clay,32,C,,20210927,10,SN54,,,Frederico Ferreira Silva,L,178,POR,26.53,196,348,LC11,,,Tristan Lamasine,R,183,FRA,28.564,281,213,6-3 6-4,3,R32,101,1,0,60,39,25,14,10,6,8,3,1,71,49,28,9,9,5,9
2021-7742,Lisbon,Clay,32,C,,20210927,11,H756,,,Robin Haase,R,191,NED,34.478,228,286,BM03,,,Filippo Baldi,R,180,ITA,25.714,330,148,6-4 4-6 6-4,3,R32,121,7,6,94,56,41,20,15,2,4,1,2,92,59,40,18,15,3,6
2021-7742,Lisbon,Clay,32,C,,20210927,12,HG94,,,Benjamin Hassan,R,183,LBN,26.645,410,102,A622,,,Andrea Arnaboldi,L,180,ITA,33.752,282,210,6-2 3-6 7-6(8),3,R32,146,8,12,121,60,44,28,14,7,10,0,4,95,55,35,23,15,1,5
2021-7742,Lisbon,Clay,32,C,,20210927,13,LB66,,,Constant Lestienne,R,180,FRA,29.347,256,248,BT68,,,Elliot Benchetrit,R,193,MAR,22.987,347,132,6-2 6-2,3,R32,67,3,1,45,21,16,16,8,1,2,1,2,50,24,12,11,8,5,10
2021-7742,Lisbon,Clay,32,C,,20210927,14,O482,,,Gonzalo Oliveira,L,185,VEN,26.609,311,165,A0ES,,,Pedro Araujo,R,183,PRT,19.507,792,25,7-6(4) 6-4,3,R32,125,1,2,77,51,32,14,11,3,6,2,0,76,55,27,14,11,4,8
2021-7742,Lisbon,Clay,32,C,,20210927,15,PH64,,,Andrea Pellegrino,R,185,ITA,24.515,258,244,SF36,,,Igor Sijsling,R,191,NED,34.111,349,132,6-0 6-4,3,R32,59,4,1,42,33,25,6,8,0,1,0,0,54,32,18,5,8,1,6
2021-7742,Lisbon,Clay,32,C,,20210927,16,Z0A1,,,Giulio Zeppieri,L,183,ITA,19.806,247,259,RH59,,,Santiago Rodriguez Taverna,R,191,ARG,22.201,376,117,4-6 6-3 6-4,3,R32,124,3,3,109,68,47,19,15,9,11,0,4,83,56,40,13,14,2,5
2021-7742,Lisbon,Clay,32,C,,20210927,17,PH64,,,Andrea Pellegrino,R,185,ITA,24.515,258,244,MJ08,1,,Thiago Monteiro,L,183,BRA,27.326,90,834,6-3 7-6(8),3,R16,108,6,2,73,53,40,11,11,2,3,2,0,74,52,36,9,10,4,6
2021-7742,Lisbon,Clay,32,C,,20210927,18,G09O,3,,Hugo Gaston,L,173,FRA,21.002,116,693,H756,,,Robin Haase,R,191,NED,34.478,228,286,4-6 7-6(5) 6-3,3,R16,136,0,3,104,62,40,22,15,5,9,7,6,119,80,52,16,16,12,17
2021-7742,Lisbon,Clay,32,C,,20210927,19,MF35,4,,Andrej Martin,R,183,SVK,32.019,122,648,O482,,,Gonzalo Oliveira,L,185,VEN,26.609,311,165,2-6 6-4 6-3,3,R16,146,2,2,85,55,36,15,13,7,10,0,3,94,52,34,22,14,7,11
2021-7742,Lisbon,Clay,32,C,,20210927,20,MM66,5,,Nikola Milojevic,R,188,SRB,26.275,142,542,LB66,,,Constant Lestienne,R,180,FRA,29.347,256,248,7-5 6-4,3,R16,106,1,1,82,55,32,14,11,7,10,0,6,63,34,19,14,11,4,9
2021-7742,Lisbon,Clay,32,C,,20210927,21,SK94,6,,Cedrik-Marcel Stebe,L,180,GER,30.968,160,439,BT72,,,Nuno Borges,R,185,POR,24.602,276,218,4-6 7-6(4) 6-4,3,R16,147,3,4,98,61,39,20,16,4,8,2,2,100,65,43,18,16,5,9
2021-7742,Lisbon,Clay,32,C,,20210927,22,PG20,8,,Dmitry Popko,R,191,KAZ,24.925,187,365,HG94,,,Benjamin Hassan,R,183,LBN,26.645,410,102,6-2 6-4,3,R16,81,1,2,53,30,22,15,9,1,2,3,3,68,40,26,10,9,8,12
2021-7742,Lisbon,Clay,32,C,,20210927,23,D985,,,Joao Domingues,R,,POR,27.978,238,271,M0E1,,,Daniel Michalski,R,180,POL,21.711,484,75,6-2 6-2,3,R16,70,3,2,50,32,21,12,8,4,5,0,0,44,22,10,10,8,2,7
2021-7742,Lisbon,Clay,32,C,,20210927,24,SN54,,,Frederico Ferreira Silva,L,178,POR,26.53,196,348,Z0A1,,,Giulio Zeppieri,L,183,ITA,19.806,247,259,6-7(3) 6-4 6-0,3,R16,117,2,0,84,65,49,11,14,1,2,4,2,81,46,30,19,14,2,7
2021-7742,Lisbon,Clay,32,C,,20210927,25,G09O,3,,Hugo Gaston,L,173,FRA,21.002,116,693,SK94,6,,Cedrik-Marcel Stebe,L,180,GER,30.968,160,439,7-6(3) 4-3 RET,3,QF,107,0,0,82,53,33,16,9,5,7,2,7,80,47,31,14,10,8,11
2021-7742,Lisbon,Clay,32,C,,20210927,26,MF35,4,,Andrej Martin,R,183,SVK,32.019,122,648,MM66,5,,Nikola Milojevic,R,188,SRB,26.275,142,542,6-4 6-4,3,QF,100,0,3,67,41,26,9,10,6,10,0,8,70,37,24,8,10,6,12
2021-7742,Lisbon,Clay,32,C,,20210927,27,PG20,8,,Dmitry Popko,R,191,KAZ,24.925,187,365,D985,,,Joao Domingues,R,,POR,27.978,238,271,6-7(4) 7-5 6-0,3,QF,164,7,2,106,58,40,22,15,7,11,1,1,97,58,32,15,15,5,13
2021-7742,Lisbon,Clay,32,C,,20210927,28,PH64,,,Andrea Pellegrino,R,185,ITA,24.515,258,244,SN54,,,Frederico Ferreira Silva,L,178,POR,26.53,196,348,6-3 6-1,3,QF,71,2,0,47,39,28,3,8,1,2,1,0,45,28,14,8,8,1,6
2021-7742,Lisbon,Clay,32,C,,20210927,29,PG20,8,,Dmitry Popko,R,191,KAZ,24.925,187,365,G09O,3,,Hugo Gaston,L,173,FRA,21.002,116,693,6-3 6-4,3,SF,80,2,5,59,29,24,14,10,2,4,1,0,51,29,14,12,9,4,8
2021-7742,Lisbon,Clay,32,C,,20210927,30,PH64,,,Andrea Pellegrino,R,185,ITA,24.515,258,244,MF35,4,,Andrej Martin,R,183,SVK,32.019,122,648,7-6(5) 1-0 RET,3,SF,74,1,0,46,35,22,7,7,0,2,0,2,54,35,22,6,6,1,3
2021-7742,Lisbon,Clay,32,C,,20210927,31,PG20,8,,Dmitry Popko,R,191,KAZ,24.925,187,365,PH64,,,Andrea Pellegrino,R,185,ITA,24.515,258,244,6-2 6-4,3,F,110,1,1,70,35,29,15,9,3,4,0,1,54,38,20,7,9,1,5
2021-9171,Murcia,Clay,32,C,,20210927,1,CF59,1,,Roberto Carballes Baena,R,183,ESP,28.515,89,849,L0CX,,,Pablo Llamas Ruiz,R,188,ESP,18.957,571,55,6-3 6-2,3,R32,80,7,0,48,33,26,11,9,0,0,1,0,60,48,27,6,8,5,8
2021-9171,Murcia,Clay,32,C,,20210927,2,GJ37,2,,Tallon Griekspoor,R,188,NED,25.238,132,593,S0GZ,,,Nikolas Sanchez Izquierdo,R,185,ESP,22.538,313,163,6-3 6-1,3,R32,65,5,1,48,32,21,10,8,1,3,0,3,55,41,14,8,8,3,9
2021-9171,Murcia,Clay,32,C,,20210927,3,N0AM,,,Emilio Nava,R,185,USA,19.819,373,118,PG94,3,,Marc Polmans,R,188,AUS,24.405,158,443,3-6 6-4 6-4,3,R32,131,12,1,107,72,45,19,15,6,10,3,4,78,54,38,10,14,3,7
2021-9171,Murcia,Clay,32,C,,20210927,4,C0E9,,,Flavio Cobolli,R,183,ITA,19.395,257,246,V824,4,,Mario Vilella Martinez,R,178,ESP,26.237,171,419,7-5 6-3,3,R32,102,3,4,65,27,22,19,10,5,7,6,16,85,44,31,13,11,4,9
2021-9171,Murcia,Clay,32,C,,20210927,5,TA29,5,,Marco Trungelliti,R,178,ARG,31.655,198,336,S0H2,,,Alexander Shevchenko,R,188,KAZ,20.827,355,129,7-6(3) 7-6(1),3,R32,127,7,0,79,49,34,19,12,2,4,5,3,97,51,31,23,12,4,6
2021-9171,Murcia,Clay,32,C,,20210927,6,Z246,,,Miljan Zekic,R,185,SRB,33.21,321,156,RB56,6,,Ramkumar Ramanathan,R,188,IND,26.886,190,361,3-6 6-4 6-3,3,R32,107,1,3,73,40,32,15,14,0,3,3,5,72,41,31,17,14,2,6
2021-9171,Murcia,Clay,32,C,,20210927,7,HA28,7,,Filip Horansky,R,191,SVK,28.72,189,361,P0CT,,,Francesco Passaro,R,180,ITA,20.72,632,43,3-6 6-3 6-2,3,R32,118,2,0,96,68,38,16,13,13,17,0,1,83,64,39,6,13,8,14
2021-9171,Murcia,Clay,32,C,,20210927,8,BK19,8,,Mathias Bourgue,R,188,FRA,27.691,216,308,D0C1,,,Jesper de Jong,R,180,NED,21.325,244,263,7-6(0) 7-5,3,R32,128,5,2,81,55,41,12,12,2,4,2,2,85,51,30,19,12,11,14
2021-9171,Murcia,Clay,32,C,,20210927,9,BV24,,,Raul Brancaccio,R,183,ITA,24.4,343,138,S0GD,,,Dalibor Svrcina,R,178,CZE,18.987,323,154,6-2 7-5,3,R32,97,2,6,63,38,19,9,10,5,11,0,5,74,40,16,12,10,3,12
2021-9171,Murcia,Clay,32,C,,20210927,10,CC66,,,Andrea Collarini,L,183,ARG,29.656,254,253,DA86,,,Joris De Loore,R,191,BEL,28.435,968,13,4-6 6-2 6-3,3,R32,173,3,2,103,70,46,14,14,9,13,4,4,92,48,32,17,13,11,17
2021-9171,Murcia,Clay,32,C,,20210927,11,FC26,,,Evan Furness,R,173,FRA,23.124,291,195,BV25,,,Javier Barranco Cosano,L,180,ESP,22.861,302,175,7-5 4-6 6-4,3,R32,154,3,3,97,65,44,16,16,1,5,2,7,100,67,49,11,16,7,12
2021-9171,Murcia,Clay,32,C,,20210927,12,KI74,,,Nicola Kuhn,R,185,GER,21.522,267,233,S0GR,,,Timofey Skatov,R,173,KAZ,20.682,269,229,6-2 6-4,3,R32,91,4,3,57,33,21,13,9,3,6,1,1,55,41,22,4,9,1,7
2021-9171,Murcia,Clay,32,C,,20210927,13,O340,,,Roberto Ortega-Olmedo,R,168,ESP,30.412,332,148,V762,,,Jeroen Vanneste,R,183,BEL,27.693,466,80,6-4 3-6 6-3,3,R32,113,0,1,80,58,39,12,14,3,6,6,3,84,49,32,20,14,0,4
2021-9171,Murcia,Clay,32,C,,20210927,14,RC04,,,Alexander Ritschard,R,193,SUI,27.513,306,172,LF29,,,Alvaro Lopez San Martin,R,178,ESP,24.32,360,125,6-1 7-6(6),3,R32,94,3,3,62,36,29,19,10,1,1,5,1,69,44,31,11,9,9,11
2021-9171,Murcia,Clay,32,C,,20210927,15,RH62,,,Mats Rosenkranz,L,193,GER,23.097,528,65,MW76,,,Matteo Martineau,R,183,FRA,22.697,346,133,6-0 6-4,3,R32,69,4,3,45,29,23,10,8,0,0,1,6,58,33,21,7,8,6,10
2021-9171,Murcia,Clay,32,C,,20210927,16,RG42,,,Alex Rybakov,L,185,USA,24.665,350,132,R0FP,,,Daniel Rincon,L,185,ESP,18.721,1209,6,6-3 6-2,3,R32,74,0,3,55,40,29,8,9,3,4,1,2,48,38,22,3,8,3,7
2021-9171,Murcia,Clay,32,C,,20210927,17,CF59,1,,Roberto Carballes Baena,R,183,ESP,28.515,89,849,RG42,,,Alex Rybakov,L,185,USA,24.665,350,132,6-2 6-2,3,R16,73,4,2,44,33,27,7,8,2,2,1,1,47,32,20,6,8,4,8
2021-9171,Murcia,Clay,32,C,,20210927,18,GJ37,2,,Tallon Griekspoor,R,188,NED,25.238,132,593,RC04,,,Alexander Ritschard,R,193,SUI,27.513,306,172,7-6(3) 6-3,3,R16,101,5,2,77,45,33,17,11,2,4,4,2,77,41,32,11,10,8,11
2021-9171,Murcia,Clay,32,C,,20210927,19,FC26,,,Evan Furness,R,173,FRA,23.124,291,195,TA29,5,,Marco Trungelliti,R,178,ARG,31.655,198,336,W/O,3,R16,,,,,,,,,,,,,,,,,,,
2021-9171,Murcia,Clay,32,C,,20210927,20,KI74,,,Nicola Kuhn,R,185,GER,21.522,267,233,HA28,7,,Filip Horansky,R,191,SVK,28.72,189,361,6-4 3-6 6-4,3,R16,126,6,2,96,57,40,17,14,7,10,2,0,88,67,44,8,15,4,8
2021-9171,Murcia,Clay,32,C,,20210927,21,BK19,8,,Mathias Bourgue,R,188,FRA,27.691,216,308,O340,,,Roberto Ortega-Olmedo,R,168,ESP,30.412,332,148,7-6(4) 6-4,3,R16,151,0,1,76,51,35,14,11,2,4,1,3,118,70,41,24,11,14,17
2021-9171,Murcia,Clay,32,C,,20210927,22,C0E9,,,Flavio Cobolli,R,183,ITA,19.395,257,246,BV24,,,Raul Brancaccio,R,183,ITA,24.4,343,138,7-6(7) 2-6 7-6(5),3,R16,137,6,7,111,65,42,17,16,9,16,2,3,114,75,50,14,16,5,10
2021-9171,Murcia,Clay,32,C,,20210927,23,CC66,,,Andrea Collarini,L,183,ARG,29.656,254,253,N0AM,,,Emilio Nava,R,185,USA,19.819,373,118,7-5 6-3,3,R16,110,2,2,62,42,29,12,10,3,4,1,4,82,54,32,13,11,7,11
2021-9171,Murcia,Clay,32,C,,20210927,24,Z246,,,Miljan Zekic,R,185,SRB,33.21,321,156,RH62,,,Mats Rosenkranz,L,193,GER,23.097,528,65,6-4 6-4,3,R16,92,8,0,63,45,34,10,10,7,7,5,5,64,32,25,16,10,4,6
2021-9171,Murcia,Clay,32,C,,20210927,25,CF59,1,,Roberto Carballes Baena,R,183,ESP,28.515,89,849,FC26,,,Evan Furness,R,173,FRA,23.124,291,195,6-1 6-0,3,QF,67,1,2,38,23,17,7,6,2,3,0,5,44,22,7,5,7,4,11
2021-9171,Murcia,Clay,32,C,,20210927,26,GJ37,2,,Tallon Griekspoor,R,188,NED,25.238,132,593,Z246,,,Miljan Zekic,R,185,SRB,33.21,321,156,6-0 0-6 6-3,3,QF,94,2,2,61,31,25,13,11,6,9,5,0,62,36,23,13,10,0,4
2021-9171,Murcia,Clay,32,C,,20210927,27,BK19,8,,Mathias Bourgue,R,188,FRA,27.691,216,308,CC66,,,Andrea Collarini,L,183,ARG,29.656,254,253,2-6 6-4 6-4,3,QF,161,6,0,83,62,41,14,14,5,8,2,3,103,69,44,16,14,11,14
2021-9171,Murcia,Clay,32,C,,20210927,28,C0E9,,,Flavio Cobolli,R,183,ITA,19.395,257,246,KI74,,,Nicola Kuhn,R,185,GER,21.522,267,233,7-5 6-1,3,QF,82,2,0,56,37,27,12,10,3,5,1,1,68,44,23,10,9,5,10
2021-9171,Murcia,Clay,32,C,,20210927,29,CF59,1,,Roberto Carballes Baena,R,183,ESP,28.515,89,849,BK19,8,,Mathias Bourgue,R,188,FRA,27.691,216,308,6-3 3-0 RET,3,SF,62,2,1,30,19,18,8,6,0,0,2,0,40,29,16,4,6,4,7
2021-9171,Murcia,Clay,32,C,,20210927,30,GJ37,2,,Tallon Griekspoor,R,188,NED,25.238,132,593,C0E9,,,Flavio Cobolli,R,183,ITA,19.395,257,246,7-6(4) 6-1,3,SF,82,3,2,59,37,31,12,9,3,3,2,3,69,40,24,12,10,3,6
2021-9171,Murcia,Clay,32,C,,20210927,31,GJ37,2,,Tallon Griekspoor,R,188,NED,25.238,132,593,CF59,1,,Roberto Carballes Baena,R,183,ESP,28.515,89,849,3-6 7-5 6-3,3,F,147,7,3,98,64,42,15,15,5,9,4,2,86,54,38,15,15,2,7
2021-9602,Lima,Clay,32,C,,20210927,1,C0C8,2,,Juan Manuel Cerundolo,L,183,ARG,19.866,105,737,LF26,,,Orlando Luz,R,180,BRA,23.633,292,194,4-6 6-1 6-4,3,R32,119,0,2,80,50,32,16,14,4,9,2,8,94,50,29,19,13,5,12
2021-9602,Lima,Clay,32,C,,20210927,2,R913,,,Cristian Rodriguez,R,180,COL,31.261,416,99,GE33,3,,Daniel Elahi Galan,R,191,COL,25.276,106,735,6-3 7-5,3,R32,79,10,1,65,42,33,13,11,0,0,5,0,59,36,24,13,10,3,5
2021-9602,Lima,Clay,32,C,,20210927,3,SX91,6,,Thiago Seyboth Wild,R,185,BRA,21.55,129,610,M0AW,,,Nicolas Mejia,R,183,COL,21.626,289,198,6-2 6-4,3,R32,,4,1,47,33,27,9,9,0,0,0,2,79,53,33,10,9,9,12
2021-9602,Lima,Clay,32,C,,20210927,4,DA31,7,,Hugo Dellien,R,180,BOL,28.282,141,543,O482,,,Gonzalo Oliveira,L,185,VEN,26.609,311,165,0-6 6-2 6-2,3,R32,117,0,1,65,50,30,9,11,3,6,4,1,67,36,23,16,11,5,9
2021-9602,Lima,Clay,32,C,,20210927,5,V836,8,,Juan Pablo Varillas,R,185,PER,25.977,117,691,KD70,,,Pedja Krstin,R,183,SRB,27.066,309,166,6-3 6-1,3,R32,77,11,3,44,26,21,8,8,1,3,1,7,69,38,19,10,8,13,19
2021-9602,Lima,Clay,32,C,,20210927,6,EA24,9,,Tomas Martin Etcheverry,R,196,ARG,22.196,146,523,FA43,,,Juan Pablo Ficovich,R,188,ARG,24.674,227,289,7-5 2-6 6-4,3,R32,,5,4,82,57,41,10,15,3,7,7,1,105,63,39,24,15,7,11
2021-9602,Lima,Clay,32,C,,20210927,7,BS86,10,,Tomas Barrios Vera,R,191,CHI,23.797,155,457,CG07,,,Hernan Casanova,R,178,ARG,27.639,342,138,6-4 6-2,3,R32,81,2,1,51,34,29,7,9,3,4,0,0,63,45,28,4,9,3,7
2021-9602,Lima,Clay,32,C,,20210927,8,CC66,,,Andrea Collarini,L,183,ARG,29.656,254,253,P605,,,Jaroslav Pospisil,R,175,CZE,40.63,742,29,6-1 6-4,3,R32,115,0,2,76,52,33,14,9,6,7,2,4,55,34,20,8,8,3,7
2021-9602,Lima,Clay,32,C,,20210927,9,D0C1,,,Jesper de Jong,R,180,NED,21.325,244,263,Q941,,,Roberto Quiroz,L,193,ECU,29.593,304,174,2-6 7-6(4) 7-6(5),3,R32,178,5,1,108,69,45,18,16,4,9,4,2,117,83,50,21,16,11,14
2021-9602,Lima,Clay,32,C,,20210927,10,GK06,,,Alexis Galarneau,R,180,CAN,22.574,363,123,HG90,,,Conner Huertas del Pino,R,188,PER,25.771,697,34,6-3 6-4,3,R32,94,0,0,53,34,26,14,10,0,0,2,0,64,41,25,13,9,3,5
2021-9602,Lima,Clay,32,C,,20210927,11,J551,,,Nicolas Jarry,R,201,CHI,25.963,218,307,H0C9,,,Arklon Huertas Del Pino Cordova,R,183,PER,27.201,857,20,7-5 6-0,3,R32,70,4,1,47,34,30,5,9,4,5,1,1,51,29,15,8,9,1,6
2021-9602,Lima,Clay,32,C,,20210927,12,KC29,,,Nicolas Kicker,R,178,ARG,29.114,286,202,AC58,,,Nicolas Alvarez,R,185,PER,25.303,378,116,4-6 7-6(4) 6-2,3,R32,,2,1,107,65,41,20,15,7,12,3,5,111,66,38,19,15,9,15
2021-9602,Lima,Clay,32,C,,20210927,13,KI82,,,Vit Kopriva,R,178,CZE,24.285,197,345,O376,,,Renzo Olivo,R,178,ARG,29.536,203,325,6-1 4-6 6-3,3,R32,,4,3,85,60,41,15,13,3,5,2,2,86,53,36,12,13,6,11
2021-9602,Lima,Clay,32,C,,20210927,14,MI43,,,Gerald Melzer,L,188,AUT,31.209,664,37,TG90,,,Jean Thirouin,R,188,FRA,24.025,717,32,6-3 6-1,3,R32,70,1,0,54,46,32,6,8,3,3,3,0,43,29,15,8,8,2,6
2021-9602,Lima,Clay,32,C,,20210927,15,TE30,,,Alejandro Tabilo,L,188,CHI,24.32,184,388,LI39,,,Alexandar Lazarov,R,191,BUL,23.89,462,82,6-1 6-4,3,R32,63,4,5,56,31,23,16,9,1,1,1,1,54,37,20,9,8,3,6
2021-9602,Lima,Clay,32,C,,20210927,16,V821,,,Gonzalo Villanueva,R,175,ARG,26.705,474,77,KC33,,,Dimitar Kuzmanov,R,183,BUL,28.167,226,290,7-5 6-1,3,R32,122,1,0,50,30,20,11,9,0,2,0,4,91,55,30,14,10,8,14
2021-9602,Lima,Clay,32,C,,20210927,17,C0C8,2,,Juan Manuel Cerundolo,L,183,ARG,19.866,105,737,GK06,,,Alexis Galarneau,R,180,CAN,22.574,363,123,7-5 6-4,3,R16,107,0,2,65,50,28,10,11,4,7,0,4,86,52,27,18,11,10,15
2021-9602,Lima,Clay,32,C,,20210927,18,KI82,,,Vit Kopriva,R,178,CZE,24.285,197,345,SX91,6,,Thiago Seyboth Wild,R,185,BRA,21.55,129,610,6-4 6-3,3,R16,92,3,5,62,35,22,14,9,9,11,4,3,56,35,20,9,10,2,7
2021-9602,Lima,Clay,32,C,,20210927,19,DA31,7,,Hugo Dellien,R,180,BOL,28.282,141,543,KC29,,,Nicolas Kicker,R,178,ARG,29.114,286,202,6-2 6-0,3,R16,62,0,0,35,25,22,6,7,0,0,1,1,41,24,11,6,7,2,7
2021-9602,Lima,Clay,32,C,,20210927,20,V836,8,,Juan Pablo Varillas,R,185,PER,25.977,117,691,CC66,,,Andrea Collarini,L,183,ARG,29.656,254,253,6-2 6-1,3,R16,71,4,0,36,19,17,11,7,0,0,0,2,46,31,17,4,8,3,8
2021-9602,Lima,Clay,32,C,,20210927,21,EA24,9,,Tomas Martin Etcheverry,R,196,ARG,22.196,146,523,D0C1,,,Jesper de Jong,R,180,NED,21.325,244,263,7-5 6-4,3,R16,109,5,2,76,56,37,6,11,10,14,1,4,59,38,23,5,11,0,6
2021-9602,Lima,Clay,32,C,,20210927,22,BS86,10,,Tomas Barrios Vera,R,191,CHI,23.797,155,457,V821,,,Gonzalo Villanueva,R,175,ARG,26.705,474,77,7-5 6-1,3,R16,84,4,3,57,34,22,13,10,3,6,1,3,58,30,15,11,9,4,10
2021-9602,Lima,Clay,32,C,,20210927,23,J551,,,Nicolas Jarry,R,201,CHI,25.963,218,307,R913,,,Cristian Rodriguez,R,180,COL,31.261,416,99,6-3 7-6(3),3,R16,107,5,3,69,46,37,12,11,1,2,4,5,92,55,39,14,10,10,12
2021-9602,Lima,Clay,32,C,,20210927,24,TE30,,,Alejandro Tabilo,L,188,CHI,24.32,184,388,MI43,,,Gerald Melzer,L,188,AUT,31.209,664,37,6-3 6-3,3,R16,104,4,1,56,34,27,10,9,2,4,2,1,93,80,44,2,9,19,24
2021-9602,Lima,Clay,32,C,,20210927,25,C0C8,2,,Juan Manuel Cerundolo,L,183,ARG,19.866,105,737,DA31,7,,Hugo Dellien,R,180,BOL,28.282,141,543,7-6(4) 6-7(5) 6-4,3,QF,170,4,4,140,104,65,19,17,14,18,2,0,104,79,59,11,17,2,7
2021-9602,Lima,Clay,32,C,,20210927,26,V836,8,,Juan Pablo Varillas,R,185,PER,25.977,117,691,EA24,9,,Tomas Martin Etcheverry,R,196,ARG,22.196,146,523,6-4 6-4,3,QF,111,2,0,61,37,24,18,10,3,4,3,0,66,47,27,11,10,4,7
2021-9602,Lima,Clay,32,C,,20210927,27,KI82,,,Vit Kopriva,R,178,CZE,24.285,197,345,BS86,10,,Tomas Barrios Vera,R,191,CHI,23.797,155,457,6-4 1-6 6-0,3,QF,108,3,1,63,44,27,8,11,3,8,5,1,74,42,24,10,12,3,10
2021-9602,Lima,Clay,32,C,,20210927,28,J551,,,Nicolas Jarry,R,201,CHI,25.963,218,307,TE30,,,Alejandro Tabilo,L,188,CHI,24.32,184,388,7-6(6) 6-2,3,QF,103,11,1,65,43,36,13,10,4,4,3,5,81,45,27,22,10,5,7
2021-9602,Lima,Clay,32,C,,20210927,29,C0C8,2,,Juan Manuel Cerundolo,L,183,ARG,19.866,105,737,V836,8,,Juan Pablo Varillas,R,185,PER,25.977,117,691,7-5 1-6 6-3,3,SF,141,1,1,89,74,43,10,14,6,10,7,1,93,56,35,19,14,4,8
2021-9602,Lima,Clay,32,C,,20210927,30,J551,,,Nicolas Jarry,R,201,CHI,25.963,218,307,KI82,,,Vit Kopriva,R,178,CZE,24.285,197,345,6-3 6-3,3,SF,86,4,0,51,37,27,10,9,1,1,1,3,57,32,23,8,9,3,6
2021-9602,Lima,Clay,32,C,,20210927,31,J551,,,Nicolas Jarry,R,201,CHI,25.963,218,307,C0C8,2,,Juan Manuel Cerundolo,L,183,ARG,19.866,105,737,6-2 7-5,3,F,80,8,2,49,34,28,9,10,1,2,1,1,66,53,29,7,10,3,7
2021-6857,Mouilleron le Captif,Hard,32,C,,20211010,1,RH62,,,Mats Rosenkranz,L,193,GER,23.132,487,75,BM95,1,,Benjamin Bonzi,R,183,FRA,25.336,64,1022,7-6(4) 6-4,3,R32,79,18,0,64,45,39,9,11,2,3,8,2,81,48,38,14,11,9,11
2021-6857,Mouilleron le Captif,Hard,32,C,,20211010,2,V708,2,,Jiri Vesely,L,198,CZE,28.252,84,885,SN54,,,Frederico Ferreira Silva,L,178,POR,26.565,193,356,3-6 6-3 6-2,3,R32,119,15,5,74,48,41,13,13,1,2,8,3,93,62,40,15,13,10,13
2021-6857,Mouilleron le Captif,Hard,32,C,,20211010,3,DB59,,,Dennis Novak,R,183,AUT,28.118,111,717,G967,3,,Peter Gojowczyk,R,188,GER,32.238,90,852,6-3 4-6 6-3,3,R32,90,7,0,82,53,41,18,14,5,6,7,4,84,51,38,15,14,3,6
2021-6857,Mouilleron le Captif,Hard,32,C,,20211010,4,SA93,4,,Andreas Seppi,R,191,ITA,37.634,93,824,V306,,,Fernando Verdasco,L,188,ESP,37.903,137,544,7-5 6-1,3,R32,78,5,1,53,34,28,11,10,1,2,5,1,70,45,27,11,9,7,11
2021-6857,Mouilleron le Captif,Hard,32,C,,20211010,5,MJ71,,,Mats Moraing,L,198,GER,29.306,171,420,SD32,5,,Gilles Simon,R,183,FRA,36.786,109,729,W/O,3,R32,0,,,,,,,,,,,,,,,,,,
2021-6857,Mouilleron le Captif,Hard,32,C,,20211010,6,H996,6,,Pierre-Hugues Herbert,R,188,FRA,30.565,100,763,J0AZ,,,Kyrian Jacquet,R,175,FRA,20.416,305,171,6-1 6-3,3,R32,58,5,1,49,26,20,14,8,2,2,2,1,53,38,23,5,8,2,6
2021-6857,Mouilleron le Captif,Hard,32,C,,20211010,7,BE90,7,,Ricardas Berankis,R,175,LTU,31.305,106,733,D0DW,,,Titouan Droguet,R,191,FRA,20.32,496,70,7-6(0) 6-2,3,R32,90,1,1,68,44,32,14,10,0,1,3,1,70,43,22,17,10,4,7
2021-6857,Mouilleron le Captif,Hard,32,C,,20211010,8,GB93,8,,Norbert Gombos,R,193,SVK,31.159,115,705,SX50,,,Roman Safiullin,R,185,RUS,24.175,151,470,6-4 7-5,3,R32,77,8,1,61,41,35,8,11,1,2,4,1,71,56,35,8,11,2,5
2021-6857,Mouilleron le Captif,Hard,32,C,,20211010,9,BU13,,,Zizou Bergs,R,185,BEL,22.355,188,367,F0F1,,,Arthur Fils,R,185,FRA,17.328,673,36,7-6(2) 6-3,3,R32,76,6,2,57,33,29,19,11,0,0,5,3,63,40,31,12,10,1,2
2021-6857,Mouilleron le Captif,Hard,32,C,,20211010,10,D750,,,Kenny De Schepper,L,203,FRA,34.368,616,47,K839,,,Tobias Kamke,R,178,GER,35.389,251,257,6-2 7-6(3),3,R32,85,16,3,77,62,43,7,10,6,7,1,7,63,33,23,14,10,2,5
2021-6857,Mouilleron le Captif,Hard,32,C,,20211010,11,HB64,,,Quentin Halys,R,191,FRA,24.956,158,444,BK24,,,Gregoire Barrere,R,183,FRA,27.647,170,426,7-5 7-6(5),3,R32,100,14,1,85,59,45,15,12,8,9,2,5,90,60,42,16,12,6,8
2021-6857,Mouilleron le Captif,Hard,32,C,,20211010,12,LB66,,,Constant Lestienne,R,180,FRA,29.383,258,248,BE54,,,Ruben Bemelmans,L,183,BEL,33.739,223,293,6-3 3-6 7-5,3,R32,113,17,5,86,55,47,15,15,4,5,8,0,96,63,42,21,15,6,8
2021-6857,Mouilleron le Captif,Hard,32,C,,20211010,13,M0FH,,,Tomas Machac,R,183,CZE,20.991,141,529,GH92,,,Borna Gojo,R,196,CRO,23.617,216,308,6-2 6-4,3,R32,71,2,0,55,41,30,7,9,3,4,6,1,54,38,24,5,9,3,7
2021-6857,Mouilleron le Captif,Hard,32,C,,20211010,14,MQ75,,,Kamil Majchrzak,R,183,POL,25.741,119,662,KD87,,,Evgeny Karlovskiy,R,191,RUS,27.176,285,203,7-6(5) 3-6 6-3,3,R32,128,12,3,111,70,50,20,15,6,9,13,1,103,78,57,10,15,7,10
2021-6857,Mouilleron le Captif,Hard,32,C,,20211010,15,M0G4,,,Harold Mayot,R,180,FRA,19.68,443,86,HA71,,,Antoine Hoang,R,183,FRA,25.933,156,449,7-6(4) 6-3,3,R32,95,5,2,74,46,33,17,11,2,3,0,3,69,48,32,10,10,2,4
2021-6857,Mouilleron le Captif,Hard,32,C,,20211010,16,Y218,,,Elias Ymer,R,185,SWE,25.5,163,436,PF39,,,Lucas Pouille,R,185,FRA,27.628,150,473,6-2 7-6(2),3,R32,76,3,0,55,43,34,8,10,2,3,2,3,68,38,27,15,10,1,4
2021-6857,Mouilleron le Captif,Hard,32,C,,20211010,17,V708,2,,Jiri Vesely,L,198,CZE,28.252,84,885,M0G4,,,Harold Mayot,R,180,FRA,19.68,443,86,6-2 6-4,3,R16,61,7,2,43,28,24,9,9,0,1,2,0,49,28,19,7,9,0,4
2021-6857,Mouilleron le Captif,Hard,32,C,,20211010,18,SA93,4,,Andreas Seppi,R,191,ITA,37.634,93,824,M0FH,,,Tomas Machac,R,183,CZE,20.991,141,529,7-6(3) 4-6 6-4,3,R16,152,7,4,112,62,42,23,16,6,11,10,0,104,75,49,16,16,9,14
2021-6857,Mouilleron le Captif,Hard,32,C,,20211010,19,H996,6,,Pierre-Hugues Herbert,R,188,FRA,30.565,100,763,LB66,,,Constant Lestienne,R,180,FRA,29.383,258,248,3-6 7-6(5) 6-4,3,R16,128,13,6,98,62,49,19,15,4,5,9,1,104,65,54,19,16,8,9
2021-6857,Mouilleron le Captif,Hard,32,C,,20211010,20,HB64,,,Quentin Halys,R,191,FRA,24.956,158,444,BE90,7,,Ricardas Berankis,R,175,LTU,31.305,106,733,7-6(4) 7-5,3,R16,103,12,1,74,47,34,19,12,0,0,3,2,90,56,36,21,12,5,6
2021-6857,Mouilleron le Captif,Hard,32,C,,20211010,21,GB93,8,,Norbert Gombos,R,193,SVK,31.159,115,705,D750,,,Kenny De Schepper,L,203,FRA,34.368,616,47,7-6(1) 7-6(4),3,R16,99,3,1,71,46,37,17,12,3,5,3,3,81,58,39,13,12,4,6
2021-6857,Mouilleron le Captif,Hard,32,C,,20211010,22,MJ71,,,Mats Moraing,L,198,GER,29.306,171,420,BU13,,,Zizou Bergs,R,185,BEL,22.355,188,367,6-4 6-7(2) 6-4,3,R16,120,20,4,92,53,47,23,16,3,3,7,4,90,51,40,26,16,1,3
2021-6857,Mouilleron le Captif,Hard,32,C,,20211010,23,DB59,,,Dennis Novak,R,183,AUT,28.118,111,717,Y218,,,Elias Ymer,R,185,SWE,25.5,163,436,7-6(1) 6-4,3,R16,84,1,2,65,44,31,14,11,1,3,4,0,69,53,36,8,11,4,7
2021-6857,Mouilleron le Captif,Hard,32,C,,20211010,24,RH62,,,Mats Rosenkranz,L,193,GER,23.132,487,75,MQ75,,,Kamil Majchrzak,R,183,POL,25.741,119,662,6-4 3-1 RET,3,R16,56,4,0,34,27,23,5,7,0,0,3,1,58,34,22,10,7,3,5
2021-6857,Mouilleron le Captif,Hard,32,C,,20211010,25,V708,2,,Jiri Vesely,L,198,CZE,28.252,84,885,MJ71,,,Mats Moraing,L,198,GER,29.306,171,420,4-1 RET,3,QF,24,4,0,17,13,10,2,3,0,0,3,2,23,8,5,6,2,2,3
2021-6857,Mouilleron le Captif,Hard,32,C,,20211010,26,SA93,4,,Andreas Seppi,R,191,ITA,37.634,93,824,HB64,,,Quentin Halys,R,191,FRA,24.956,158,444,2-6 7-6(6) 6-3,3,QF,112,1,4,94,60,46,14,14,2,5,21,1,95,64,50,11,15,5,8
2021-6857,Mouilleron le Captif,Hard,32,C,,20211010,27,RH62,,,Mats Rosenkranz,L,193,GER,23.132,487,75,H996,6,,Pierre-Hugues Herbert,R,188,FRA,30.565,100,763,6-7(2) 6-3 7-6(4),3,QF,122,21,1,102,69,54,22,17,0,0,18,3,104,69,54,19,16,1,2
2021-6857,Mouilleron le Captif,Hard,32,C,,20211010,28,GB93,8,,Norbert Gombos,R,193,SVK,31.159,115,705,DB59,,,Dennis Novak,R,183,AUT,28.118,111,717,4-6 6-3 6-2,3,QF,92,17,2,81,52,39,15,14,3,5,6,2,86,62,39,10,13,6,10
2021-6857,Mouilleron le Captif,Hard,32,C,,20211010,29,V708,2,,Jiri Vesely,L,198,CZE,28.252,84,885,SA93,4,,Andreas Seppi,R,191,ITA,37.634,93,824,6-4 7-6(1),3,SF,98,13,4,70,48,36,12,11,2,3,10,3,81,45,29,20,11,5,7
2021-6857,Mouilleron le Captif,Hard,32,C,,20211010,30,GB93,8,,Norbert Gombos,R,193,SVK,31.159,115,705,RH62,,,Mats Rosenkranz,L,193,GER,23.132,487,75,6-4 7-6(4),3,SF,83,11,0,67,51,40,11,11,4,4,23,3,87,59,43,12,11,7,8
2021-6857,Mouilleron le Captif,Hard,32,C,,20211010,31,V708,2,,Jiri Vesely,L,198,CZE,28.252,84,885,GB93,8,,Norbert Gombos,R,193,SVK,31.159,115,705,6-4 6-4,3,F,73,9,1,49,36,31,9,10,0,0,11,2,61,40,29,10,10,4,6
2021-9132,Barcelona,Clay,32,C,,20211010,1,G09O,1,,Hugo Gaston,L,173,FRA,21.038,112,714,CC66,,,Andrea Collarini,L,183,ARG,29.692,248,261,7-5 6-2,3,R32,97,1,5,73,39,27,16,10,3,5,0,5,66,43,24,8,10,4,9
2021-9132,Barcelona,Clay,32,C,,20211010,2,MV14,2,,Alex Molcan,L,178,SVK,23.858,117,672,M0HT,,,Alejandro Moro Canas,R,183,ESP,20.841,621,45,6-1 6-3,3,R32,73,0,2,45,27,20,10,8,2,4,3,2,67,44,21,8,8,8,14
2021-9132,Barcelona,Clay,32,C,,20211010,3,BV25,,,Javier Barranco Cosano,L,180,ESP,22.897,303,175,Z419,3,,Bernabe Zapata Miralles,R,183,ESP,24.742,122,661,6-2 1-0 RET,3,R32,44,1,1,20,9,7,6,4,0,1,0,0,39,22,7,9,5,3,7
2021-9132,Barcelona,Clay,32,C,,20211010,4,D923,4,,Damir Dzumhur,R,175,BIH,29.391,134,556,K0BJ,,,Georgii Kravchenko,R,180,UKR,21.202,452,83,3-6 6-3 6-1,3,R32,121,0,2,77,47,31,18,13,5,8,0,6,83,48,26,19,12,5,10
2021-9132,Barcelona,Clay,32,C,,20211010,5,MM66,5,,Nikola Milojevic,R,188,SRB,26.311,136,545,O674,,,Yshai Oliel,L,188,ISR,21.763,381,116,7-5 0-6 6-4,3,R32,143,0,7,100,53,26,20,14,7,15,3,6,78,45,23,17,14,1,8
2021-9132,Barcelona,Clay,32,C,,20211010,6,MW76,,,Matteo Martineau,R,183,FRA,22.732,352,130,PG94,6,,Marc Polmans,R,188,AUS,24.441,159,443,6-4 6-3,3,R32,103,2,4,77,54,34,7,9,12,16,1,4,75,48,21,14,10,4,11
2021-9132,Barcelona,Clay,32,C,,20211010,7,A09U,,,Nicolas Alvarez Varona,R,188,ESP,20.397,441,87,L0BV,8,,Jiri Lehecka,R,185,CZE,19.921,175,414,6-2 7-6(1),3,R32,92,1,4,63,35,23,20,10,5,7,2,3,66,31,17,17,10,3,7
2021-9132,Barcelona,Clay,32,C,,20211010,8,BT72,,,Nuno Borges,R,185,POR,24.638,273,222,LF29,,,Alvaro Lopez San Martin,R,178,ESP,24.356,361,125,6-1 6-0,3,R32,63,2,2,45,28,22,8,7,2,2,1,6,53,30,15,7,6,9,14
2021-9132,Barcelona,Clay,32,C,,20211010,9,G681,,,Teymuraz Gabashvili,R,185,GEO,36.383,270,225,S0GZ,,,Nikolas Sanchez Izquierdo,R,185,ESP,22.574,313,163,7-5 6-2,3,R32,96,0,6,63,28,18,19,10,4,7,0,4,78,55,29,8,10,8,14
2021-9132,Barcelona,Clay,32,C,,20211010,10,HA28,,,Filip Horansky,R,191,SVK,28.756,190,361,MN13,,,Maximilian Marterer,L,188,GER,26.322,192,356,6-4 2-6 7-5,3,R32,146,0,7,113,67,43,18,15,4,9,1,7,113,66,41,24,15,7,12
2021-9132,Barcelona,Clay,32,C,,20211010,11,K0DP,,,Oleksii Krutykh,R,185,UKR,21.585,397,109,L0CX,,,Pablo Llamas Ruiz,R,188,ESP,18.992,570,55,6-2 6-2,3,R32,53,0,3,40,25,22,10,8,0,0,0,3,49,35,20,3,8,2,6
2021-9132,Barcelona,Clay,32,C,,20211010,12,KI74,,,Nicola Kuhn,R,185,GER,21.558,257,248,KD70,,,Pedja Krstin,R,183,SRB,27.102,311,166,6-4 6-4,3,R32,77,7,2,48,25,22,18,10,0,0,1,4,64,30,21,18,10,3,5
2021-9132,Barcelona,Clay,32,C,,20211010,13,KC33,,,Dimitar Kuzmanov,R,183,BUL,28.203,218,306,R419,,,Tommy Robredo,R,180,ESP,39.444,319,152,6-0 6-1,3,R32,62,0,3,44,31,23,6,7,1,2,0,5,39,23,8,4,6,6,12
2021-9132,Barcelona,Clay,32,C,,20211010,14,MP20,,,Alexandre Muller,R,183,FRA,24.687,204,329,A0AB,,,Adrian Andreev,R,175,BUL,20.413,328,147,6-4 4-1 RET,3,R32,79,2,2,49,27,20,12,7,3,4,0,4,42,28,17,5,8,1,5
2021-9132,Barcelona,Clay,32,C,,20211010,15,PG20,,,Dmitry Popko,R,191,KAZ,24.961,165,435,LC11,,,Tristan Lamasine,R,183,FRA,28.6,280,213,6-3 6-2,3,R32,85,1,3,41,23,20,10,8,2,3,3,4,76,42,21,17,9,9,14
2021-9132,Barcelona,Clay,32,C,,20211010,16,S0GR,,,Timofey Skatov,R,173,KAZ,20.717,271,225,GH33,,,Manuel Guinard,R,198,FRA,25.903,275,218,3-6 7-6(4) 6-1,3,R32,146,0,7,100,62,26,17,15,7,17,2,11,82,39,16,17,13,7,17
2021-9132,Barcelona,Clay,32,C,,20211010,17,G09O,1,,Hugo Gaston,L,173,FRA,21.038,112,714,K0DP,,,Oleksii Krutykh,R,185,UKR,21.585,397,109,6-0 6-2,3,R16,49,2,1,33,12,10,15,7,0,1,0,6,47,28,10,6,7,3,9
2021-9132,Barcelona,Clay,32,C,,20211010,18,MV14,2,,Alex Molcan,L,178,SVK,23.858,117,672,S0GR,,,Timofey Skatov,R,173,KAZ,20.717,271,225,6-1 7-6(6),3,R16,101,3,5,83,44,36,16,10,6,7,0,2,60,43,24,10,9,6,9
2021-9132,Barcelona,Clay,32,C,,20211010,19,KC33,,,Dimitar Kuzmanov,R,183,BUL,28.203,218,306,D923,4,,Damir Dzumhur,R,175,BIH,29.391,134,556,6-4 6-4,3,R16,96,0,0,66,42,28,13,10,6,8,0,2,52,31,17,9,10,0,4
2021-9132,Barcelona,Clay,32,C,,20211010,20,KI74,,,Nicola Kuhn,R,185,GER,21.558,257,248,MM66,5,,Nikola Milojevic,R,188,SRB,26.311,136,545,7-5 6-2,3,R16,90,1,1,58,35,25,15,10,3,4,2,6,66,38,25,11,10,4,8
2021-9132,Barcelona,Clay,32,C,,20211010,21,A09U,,,Nicolas Alvarez Varona,R,188,ESP,20.397,441,87,HA28,,,Filip Horansky,R,191,SVK,28.756,190,361,6-4 6-3,3,R16,84,3,1,51,24,20,17,9,2,3,1,4,76,40,23,17,10,11,15
2021-9132,Barcelona,Clay,32,C,,20211010,22,G681,,,Teymuraz Gabashvili,R,185,GEO,36.383,270,225,BT72,,,Nuno Borges,R,185,POR,24.638,273,222,7-6(6) 7-5,3,R16,101,2,5,70,37,27,15,12,2,6,3,6,91,46,27,21,12,6,11
2021-9132,Barcelona,Clay,32,C,,20211010,23,MW76,,,Matteo Martineau,R,183,FRA,22.732,352,130,PG20,,,Dmitry Popko,R,191,KAZ,24.961,165,435,7-6(2) 6-2,3,R16,109,0,2,74,45,36,13,10,4,5,3,4,68,32,24,15,10,1,4
2021-9132,Barcelona,Clay,32,C,,20211010,24,MP20,,,Alexandre Muller,R,183,FRA,24.687,204,329,BV25,,,Javier Barranco Cosano,L,180,ESP,22.897,303,175,6-3 6-2,3,R16,103,0,2,59,41,28,9,9,2,4,0,3,72,42,20,15,8,8,13
2021-9132,Barcelona,Clay,32,C,,20211010,25,G09O,1,,Hugo Gaston,L,173,FRA,21.038,112,714,A09U,,,Nicolas Alvarez Varona,R,188,ESP,20.397,441,87,6-2 6-1,3,QF,64,4,1,47,25,16,15,7,6,7,0,4,52,29,15,7,8,1,7
2021-9132,Barcelona,Clay,32,C,,20211010,26,MV14,2,,Alex Molcan,L,178,SVK,23.858,117,672,KI74,,,Nicola Kuhn,R,185,GER,21.558,257,248,6-3 6-2,3,QF,88,3,1,67,37,23,17,9,5,7,0,3,50,26,14,10,8,1,6
2021-9132,Barcelona,Clay,32,C,,20211010,27,KC33,,,Dimitar Kuzmanov,R,183,BUL,28.203,218,306,G681,,,Teymuraz Gabashvili,R,185,GEO,36.383,270,225,6-2 6-0,3,QF,65,1,0,34,24,21,5,7,0,1,0,3,49,21,9,9,7,3,9
2021-9132,Barcelona,Clay,32,C,,20211010,28,MP20,,,Alexandre Muller,R,183,FRA,24.687,204,329,MW76,,,Matteo Martineau,R,183,FRA,22.732,352,130,6-3 6-2,3,QF,91,1,4,68,42,26,15,9,8,9,1,4,52,25,14,13,8,0,4
2021-9132,Barcelona,Clay,32,C,,20211010,29,G09O,1,,Hugo Gaston,L,173,FRA,21.038,112,714,MP20,,,Alexandre Muller,R,183,FRA,24.687,204,329,6-2 0-6 6-0,3,SF,96,3,2,66,29,21,14,10,3,8,0,3,65,46,21,7,10,2,9
2021-9132,Barcelona,Clay,32,C,,20211010,30,KC33,,,Dimitar Kuzmanov,R,183,BUL,28.203,218,306,MV14,2,,Alex Molcan,L,178,SVK,23.858,117,672,7-5 7-6(5),3,SF,126,0,2,76,47,30,16,12,2,4,2,2,93,53,35,18,12,10,13
2021-9132,Barcelona,Clay,32,C,,20211010,31,KC33,,,Dimitar Kuzmanov,R,183,BUL,28.203,218,306,G09O,1,,Hugo Gaston,L,173,FRA,21.038,112,714,6-3 6-0,3,F,72,1,1,53,39,24,8,8,4,6,0,2,46,19,6,12,7,1,7
2021-9587,Napoli,Clay,32,C,,20211010,1,TA12,1,,Stefano Travaglia,R,185,ITA,29.785,91,841,KI48,,,Ergi Kirkin,R,180,TUR,22.702,306,169,7-6(3) 6-3,3,R32,109,6,1,66,34,29,17,11,0,1,0,3,77,34,23,21,10,4,6
2021-9587,Napoli,Clay,32,C,,20211010,2,MF35,2,,Andrej Martin,R,183,SVK,32.055,120,662,M0CD,,,Marco Miceli,,,,,843,21,4-6 6-3 6-4,3,R32,118,5,3,108,86,53,6,15,8,13,1,0,84,67,41,6,14,8,14
2021-9587,Napoli,Clay,32,C,,20211010,3,H997,3,,Yannick Hanfmann,R,193,GER,29.908,125,629,N0BG,,,Luca Nardi,R,185,ITA,18.179,440,87,6-0 2-6 6-1,3,R32,,3,2,63,40,31,7,10,4,6,0,1,84,52,31,12,11,9,15
2021-9587,Napoli,Clay,32,C,,20211010,4,GJ37,4,,Tallon Griekspoor,R,188,NED,25.273,118,666,O507,,,Julian Ocleppo,R,191,ITA,24.192,372,119,6-4 RET,3,R32,37,6,0,25,17,15,5,5,0,0,2,1,38,21,17,7,5,2,3
2021-9587,Napoli,Clay,32,C,,20211010,5,KH56,5,,Zdenek Kolar,R,183,CZE,25.002,148,509,SP80,,,Nino Serdarusic,R,191,CRO,24.824,235,278,6-4 6-4,3,R32,,1,4,66,38,25,15,10,6,8,3,3,58,31,22,11,10,2,6
2021-9587,Napoli,Clay,32,C,,20211010,6,A0FC,,,Matteo Arnaldi,R,185,ITA,20.63,439,88,G983,6,,Alessandro Giannessi,L,185,ITA,31.365,185,383,2-6 3-1 RET,3,R32,58,4,2,32,17,12,9,6,3,5,0,6,52,32,23,8,6,4,5
2021-9587,Napoli,Clay,32,C,,20211010,7,MP83,7,,Gian Marco Moroni,R,185,ITA,23.655,207,320,Z246,,,Miljan Zekic,R,185,SRB,33.246,307,169,6-1 6-7(2) 6-2,3,R32,,2,6,78,45,38,17,14,0,1,2,1,108,62,34,24,13,9,14
2021-9587,Napoli,Clay,32,C,,20211010,8,BI47,,,Riccardo Bonadio,R,180,ITA,28.244,297,181,GA79,8,,Lorenzo Giustino,R,180,ITA,30.084,213,308,3-6 6-1 6-1,3,R32,135,2,0,72,36,23,19,11,3,6,5,4,85,50,28,13,12,4,11
2021-9587,Napoli,Clay,32,C,,20211010,9,A0CJ,,,Duje Ajdukovic,R,188,CRO,20.676,261,242,FC26,,,Evan Furness,R,173,FRA,23.159,284,204,6-4 6-4,3,R32,,4,4,62,34,25,9,10,5,9,2,6,59,34,20,9,10,2,8
2021-9587,Napoli,Clay,32,C,,20211010,10,BM03,,,Filippo Baldi,R,180,ITA,25.749,344,133,TG77,,,Petros Tsitsipas,R,185,GRE,21.205,744,29,6-4 3-6 6-4,3,R32,138,1,0,92,58,34,19,14,9,14,4,1,85,50,26,19,15,3,9
2021-9587,Napoli,Clay,32,C,,20211010,11,BE67,,,Mirza Basic,R,188,BIH,30.248,268,226,BU54,,,Geoffrey Blancaneaux,R,180,FRA,23.173,291,195,6-1 2-6 7-6(4),3,R32,,,,,,,,,,,,,,,,,,,
2021-9587,Napoli,Clay,32,C,,20211010,12,BV24,,,Raul Brancaccio,R,183,ITA,24.435,335,141,AB90,,,Bogdan Ionut Apostol,R,183,ROU,25.73,742,29,7-6(1) 4-0 RET,3,R32,61,3,1,41,26,18,11,8,1,3,1,0,53,32,19,6,8,2,6
2021-9587,Napoli,Clay,32,C,,20211010,13,C0E9,,,Flavio Cobolli,R,183,ITA,19.431,243,263,D0C1,,,Jesper de Jong,R,180,NED,21.361,246,263,6-3 6-4,3,R32,93,1,3,77,32,20,23,9,4,6,9,2,67,42,24,11,10,5,10
2021-9587,Napoli,Clay,32,C,,20211010,14,PH64,,,Andrea Pellegrino,R,185,ITA,24.55,228,288,BU10,,,Jacopo Berrettini,R,191,ITA,22.869,453,83,6-2 6-4,3,R32,91,0,2,52,33,22,13,9,1,2,4,2,65,35,20,12,9,4,8
2021-9587,Napoli,Clay,32,C,,20211010,15,RC04,,,Alexander Ritschard,R,193,SUI,27.548,302,176,F0BT,,,Jonas Forejtek,R,183,CZE,20.586,316,160,6-4 6-4,3,R32,,6,5,65,29,21,17,10,4,7,5,1,71,42,24,14,10,5,10
2021-9587,Napoli,Clay,32,C,,20211010,16,VA08,,,Andrea Vavassori,R,193,ITA,26.434,314,161,AA27,,,Franco Agamenone,R,191,ITA,28.487,226,291,2-6 6-1 6-2,3,R32,,3,2,84,49,30,19,12,7,10,1,6,69,42,24,12,11,4,9
2021-9587,Napoli,Clay,32,C,,20211010,17,TA12,1,,Stefano Travaglia,R,185,ITA,29.785,91,841,C0E9,,,Flavio Cobolli,R,183,ITA,19.431,243,263,6-2 6-2,3,R16,67,4,2,55,32,25,12,8,2,2,1,2,48,31,15,7,8,2,6
2021-9587,Napoli,Clay,32,C,,20211010,18,A0CJ,,,Duje Ajdukovic,R,188,CRO,20.676,261,242,MF35,2,,Andrej Martin,R,183,SVK,32.055,120,662,4-6 6-3 6-3,3,R16,123,7,4,89,54,38,19,14,2,4,4,1,93,78,48,7,14,3,7
2021-9587,Napoli,Clay,32,C,,20211010,19,PH64,,,Andrea Pellegrino,R,185,ITA,24.55,228,288,H997,3,,Yannick Hanfmann,R,193,GER,29.908,125,629,6-3 6-3,3,R16,72,0,1,53,39,32,7,9,2,2,1,5,48,24,18,11,9,2,5
2021-9587,Napoli,Clay,32,C,,20211010,20,GJ37,4,,Tallon Griekspoor,R,188,NED,25.273,118,666,RC04,,,Alexander Ritschard,R,193,SUI,27.548,302,176,3-6 7-5 6-1,3,R16,148,7,2,95,57,42,18,14,8,10,5,7,111,53,36,28,14,14,18
2021-9587,Napoli,Clay,32,C,,20211010,21,BV24,,,Raul Brancaccio,R,183,ITA,24.435,335,141,KH56,5,,Zdenek Kolar,R,183,CZE,25.002,148,509,6-4 6-7(6) 6-2,3,R16,146,4,2,101,66,42,20,15,4,8,5,4,93,43,27,24,15,6,13
2021-9587,Napoli,Clay,32,C,,20211010,22,MP83,7,,Gian Marco Moroni,R,185,ITA,23.655,207,320,BM03,,,Filippo Baldi,R,180,ITA,25.749,344,133,7-5 6-3,3,R16,98,2,8,64,35,28,10,11,2,5,0,3,59,45,25,4,10,4,9
2021-9587,Napoli,Clay,32,C,,20211010,23,BE67,,,Mirza Basic,R,188,BIH,30.248,268,226,BI47,,,Riccardo Bonadio,R,180,ITA,28.244,297,181,4-6 6-1 7-6(4),3,R16,145,1,0,90,51,36,25,15,7,10,9,6,110,57,35,28,14,8,12
2021-9587,Napoli,Clay,32,C,,20211010,24,VA08,,,Andrea Vavassori,R,193,ITA,26.434,314,161,A0FC,,,Matteo Arnaldi,R,185,ITA,20.63,439,88,2-6 6-2 7-6(3),3,R16,139,4,6,91,53,36,20,14,8,13,6,3,107,63,37,22,14,9,14
2021-9587,Napoli,Clay,32,C,,20211010,25,TA12,1,,Stefano Travaglia,R,185,ITA,29.785,91,841,VA08,,,Andrea Vavassori,R,193,ITA,26.434,314,161,7-6(8) 7-5,3,QF,122,8,0,78,43,33,23,12,5,6,5,5,99,58,43,17,12,2,4
2021-9587,Napoli,Clay,32,C,,20211010,26,GJ37,4,,Tallon Griekspoor,R,188,NED,25.273,118,666,MP83,7,,Gian Marco Moroni,R,185,ITA,23.655,207,320,6-3 7-6(1),3,QF,101,1,2,63,46,32,10,10,1,3,2,5,77,49,29,13,11,3,7
2021-9587,Napoli,Clay,32,C,,20211010,27,A0CJ,,,Duje Ajdukovic,R,188,CRO,20.676,261,242,BE67,,,Mirza Basic,R,188,BIH,30.248,268,226,6-4 6-4,3,QF,92,1,1,58,35,26,10,10,4,6,2,0,76,49,26,15,10,7,11
2021-9587,Napoli,Clay,32,C,,20211010,28,PH64,,,Andrea Pellegrino,R,185,ITA,24.55,228,288,BV24,,,Raul Brancaccio,R,183,ITA,24.435,335,141,7-5 7-6(6),3,QF,116,4,3,84,56,34,14,12,3,7,2,2,84,49,29,16,12,5,10
2021-9587,Napoli,Clay,32,C,,20211010,29,GJ37,4,,Tallon Griekspoor,R,188,NED,25.273,118,666,TA12,1,,Stefano Travaglia,R,185,ITA,29.785,91,841,2-6 6-4 6-2,3,SF,107,3,4,76,51,39,12,13,3,5,2,5,80,43,30,19,13,4,7
2021-9587,Napoli,Clay,32,C,,20211010,30,PH64,,,Andrea Pellegrino,R,185,ITA,24.55,228,288,A0CJ,,,Duje Ajdukovic,R,188,CRO,20.676,261,242,6-2 4-1 RET,3,SF,51,0,2,36,31,21,1,7,1,3,0,2,33,21,6,4,6,1,6
2021-9587,Napoli,Clay,32,C,,20211010,31,GJ37,4,,Tallon Griekspoor,R,188,NED,25.273,118,666,PH64,,,Andrea Pellegrino,R,185,ITA,24.55,228,288,6-3 6-2,3,F,67,3,0,59,46,33,8,9,3,4,0,1,47,37,19,4,8,1,5
2021-9591,Napoli,Clay,32,C,,20211010,1,CE77,1,,Federico Coria,R,180,ARG,29.588,67,1010,A622,,,Andrea Arnaboldi,L,180,ITA,33.788,281,210,6-4 6-2,3,R32,,2,2,51,26,22,15,9,7,8,0,1,52,31,17,10,9,7,11
2021-9591,Napoli,Clay,32,C,,20211010,2,CF01,2,,Marco Cecchinato,R,185,ITA,29.027,82,896,HH06,,,Marc-Andrea Huesler,L,196,SUI,25.295,160,440,4-6 6-3 6-2,3,R32,,10,6,98,68,51,12,14,8,10,8,3,104,59,40,21,13,11,15
2021-9591,Napoli,Clay,32,C,,20211010,3,AA27,,,Franco Agamenone,R,191,ITA,28.487,226,291,G09O,3,,Hugo Gaston,L,173,FRA,21.038,112,714,6-4 2-6 6-3,3,R32,,0,2,83,59,36,12,14,2,7,0,1,84,42,29,19,13,7,12
2021-9591,Napoli,Clay,32,C,,20211010,4,GJ37,5,,Tallon Griekspoor,R,188,NED,25.273,118,666,RA51,,,Blaz Rola,L,193,SLO,31.014,177,411,6-2 7-6(6),3,R32,,8,5,60,39,35,9,10,0,1,6,1,70,41,30,12,10,5,8
2021-9591,Napoli,Clay,32,C,,20211010,5,MF35,6,,Andrej Martin,R,183,SVK,32.055,120,662,BE67,,,Mirza Basic,R,188,BIH,30.248,268,226,6-3 4-6 7-5,3,R32,,2,2,93,57,41,19,15,4,7,0,3,86,61,41,13,16,4,9
2021-9591,Napoli,Clay,32,C,,20211010,6,Z419,7,,Bernabe Zapata Miralles,R,183,ESP,24.742,122,661,PH64,,,Andrea Pellegrino,R,185,ITA,24.55,228,288,6-3 6-1,3,R32,,2,1,60,49,35,3,8,1,2,0,1,48,37,15,8,8,4,9
2021-9591,Napoli,Clay,32,C,,20211010,7,H997,8,,Yannick Hanfmann,R,193,GER,29.908,125,629,BV24,,,Raul Brancaccio,R,183,ITA,24.435,335,141,6-4 5-7 6-2,3,R32,,6,1,89,58,41,17,15,2,4,1,4,99,64,42,17,15,8,12
2021-9591,Napoli,Clay,32,C,,20211010,8,A0FC,,,Matteo Arnaldi,R,185,ITA,20.63,439,88,FC26,,,Evan Furness,R,173,FRA,23.159,284,204,6-1 6-1,3,R32,,3,3,46,27,20,12,7,3,3,1,2,39,20,10,6,7,3,8
2021-9591,Napoli,Clay,32,C,,20211010,9,BK19,,,Mathias Bourgue,R,188,FRA,27.726,201,333,D0FJ,,,Luciano Darderi,R,183,ITA,19.652,499,69,6-2 6-4,3,R32,,4,1,53,34,27,12,9,3,3,1,1,54,27,20,11,9,2,5
2021-9591,Napoli,Clay,32,C,,20211010,10,C0E9,,,Flavio Cobolli,R,183,ITA,19.431,243,263,A0CJ,,,Duje Ajdukovic,R,188,CRO,20.676,261,242,7-5 6-3,3,R32,,6,1,76,43,28,19,11,6,8,1,2,65,36,21,14,10,7,11
2021-9591,Napoli,Clay,32,C,,20211010,11,GA79,,,Lorenzo Giustino,R,180,ITA,30.084,213,308,SP80,,,Nino Serdarusic,R,191,CRO,24.824,235,278,6-4 6-1,3,R32,,3,1,41,27,26,7,8,0,0,2,1,55,32,20,9,9,2,6
2021-9591,Napoli,Clay,32,C,,20211010,12,GH33,,,Manuel Guinard,R,198,FRA,25.903,275,218,BU10,,,Jacopo Berrettini,R,191,ITA,22.869,453,83,7-5 6-7(5) 6-4,3,R32,,5,7,105,64,44,25,17,4,7,2,2,116,76,46,24,17,7,12
2021-9591,Napoli,Clay,32,C,,20211010,13,LF29,,,Alvaro Lopez San Martin,R,178,ESP,24.356,361,125,S0GR,,,Timofey Skatov,R,173,KAZ,20.717,271,225,6-3 6-2,3,R32,,6,1,56,39,31,9,9,3,3,0,0,43,28,18,8,8,0,3
2021-9591,Napoli,Clay,32,C,,20211010,14,MP83,,,Gian Marco Moroni,R,185,ITA,23.655,207,320,F0BT,,,Jonas Forejtek,R,183,CZE,20.586,316,160,6-3 6-4,3,R32,,6,2,54,34,26,14,10,2,3,0,0,62,33,19,16,9,4,7
2021-9591,Napoli,Clay,32,C,,20211010,15,MP20,,,Alexandre Muller,R,183,FRA,24.687,204,329,BM03,,,Filippo Baldi,R,180,ITA,25.749,344,133,6-1 3-6 6-2,3,R32,,0,1,83,66,45,5,12,6,9,1,2,80,53,31,11,12,8,14
2021-9591,Napoli,Clay,32,C,,20211010,16,RC04,,,Alexander Ritschard,R,193,SUI,27.548,302,176,CI14,,,Jay Clarke,R,183,GBR,23.206,195,354,6-0 6-1,3,R32,,2,1,39,22,16,14,7,3,3,0,1,35,19,5,6,6,2,7
2021-9591,Napoli,Clay,32,C,,20211010,17,GH33,,,Manuel Guinard,R,198,FRA,25.903,275,218,CE77,1,,Federico Coria,R,180,ARG,29.588,67,1010,6-2 6-2,3,R16,,4,2,60,32,22,17,8,4,4,1,1,41,29,18,4,8,1,5
2021-9591,Napoli,Clay,32,C,,20211010,18,MP83,,,Gian Marco Moroni,R,185,ITA,23.655,207,320,CF01,2,,Marco Cecchinato,R,185,ITA,29.027,82,896,3-6 6-1 6-4,3,R16,106,3,3,69,49,36,13,13,4,6,0,0,76,62,38,8,13,3,7
2021-9591,Napoli,Clay,32,C,,20211010,19,GJ37,5,,Tallon Griekspoor,R,188,NED,25.273,118,666,LF29,,,Alvaro Lopez San Martin,R,178,ESP,24.356,361,125,6-3 6-3,3,R16,,7,3,62,37,29,15,9,9,9,3,4,48,31,21,5,9,2,5
2021-9591,Napoli,Clay,32,C,,20211010,20,GA79,,,Lorenzo Giustino,R,180,ITA,30.084,213,308,MF35,6,,Andrej Martin,R,183,SVK,32.055,120,662,6-4 5-7 7-5,3,R16,,3,6,129,88,53,18,17,11,17,5,4,124,89,48,19,17,9,16
2021-9591,Napoli,Clay,32,C,,20211010,21,Z419,7,,Bernabe Zapata Miralles,R,183,ESP,24.742,122,661,MP20,,,Alexandre Muller,R,183,FRA,24.687,204,329,7-6(0) 6-0,3,R16,105,2,1,65,44,29,10,9,8,11,2,2,77,60,27,7,9,10,16
2021-9591,Napoli,Clay,32,C,,20211010,22,RC04,,,Alexander Ritschard,R,193,SUI,27.548,302,176,H997,8,,Yannick Hanfmann,R,193,GER,29.908,125,629,6-3 4-6 6-4,3,R16,115,6,3,79,47,37,13,15,1,5,3,4,91,55,39,16,14,8,13
2021-9591,Napoli,Clay,32,C,,20211010,23,AA27,,,Franco Agamenone,R,191,ITA,28.487,226,291,BK19,,,Mathias Bourgue,R,188,FRA,27.726,201,333,5-7 7-6(3) 6-1,3,R16,146,0,4,100,78,47,11,16,9,15,2,1,98,73,46,6,15,5,12
2021-9591,Napoli,Clay,32,C,,20211010,24,C0E9,,,Flavio Cobolli,R,183,ITA,19.431,243,263,A0FC,,,Matteo Arnaldi,R,185,ITA,20.63,439,88,6-1 3-6 6-2,3,R16,,1,2,67,43,32,15,12,0,1,2,5,70,47,33,10,12,3,7
2021-9591,Napoli,Clay,32,C,,20211010,25,GJ37,5,,Tallon Griekspoor,R,188,NED,25.273,118,666,GH33,,,Manuel Guinard,R,198,FRA,25.903,275,218,7-6(7) 3-6 6-3,3,QF,124,10,6,106,67,47,18,15,6,9,2,4,92,62,45,16,15,7,10
2021-9591,Napoli,Clay,32,C,,20211010,26,AA27,,,Franco Agamenone,R,191,ITA,28.487,226,291,Z419,7,,Bernabe Zapata Miralles,R,183,ESP,24.742,122,661,6-3 6-0,3,QF,59,3,1,41,27,21,9,8,1,2,1,2,47,33,13,6,7,1,6
2021-9591,Napoli,Clay,32,C,,20211010,27,C0E9,,,Flavio Cobolli,R,183,ITA,19.431,243,263,GA79,,,Lorenzo Giustino,R,180,ITA,30.084,213,308,6-4 3-6 7-5,3,QF,146,9,5,103,58,41,25,15,5,6,4,2,114,75,52,21,16,10,12
2021-9591,Napoli,Clay,32,C,,20211010,28,RC04,,,Alexander Ritschard,R,193,SUI,27.548,302,176,MP83,,,Gian Marco Moroni,R,185,ITA,23.655,207,320,0-6 7-6(1) 6-3,3,QF,130,1,2,80,47,32,15,14,2,8,4,8,83,53,36,11,13,7,11
2021-9591,Napoli,Clay,32,C,,20211010,29,GJ37,5,,Tallon Griekspoor,R,188,NED,25.273,118,666,C0E9,,,Flavio Cobolli,R,183,ITA,19.431,243,263,6-4 6-4,3,SF,66,1,1,53,31,24,14,10,1,2,4,2,53,26,18,13,10,0,3
2021-9591,Napoli,Clay,32,C,,20211010,30,RC04,,,Alexander Ritschard,R,193,SUI,27.548,302,176,AA27,,,Franco Agamenone,R,191,ITA,28.487,226,291,6-3 6-3,3,SF,85,4,2,59,38,24,7,9,3,7,0,6,64,42,19,8,9,4,11
2021-9591,Napoli,Clay,32,C,,20211010,31,GJ37,5,,Tallon Griekspoor,R,188,NED,25.273,118,666,RC04,,,Alexander Ritschard,R,193,SUI,27.548,302,176,6-3 6-2,3,F,74,5,0,46,28,23,11,8,1,1,1,0,71,44,23,13,9,7,11
2021-7389,Bogota,Clay,32,C,,20211024,1,GE33,1,,Daniel Elahi Galan,R,191,COL,25.35,107,735,PL53,,,Matthieu Perchicot,R,185,FRA,29.155,432,90,4-6 6-3 6-4,3,R32,110,9,3,81,48,37,20,15,1,4,4,6,92,45,29,26,14,7,11
2021-7389,Bogota,Clay,32,C,,20211024,2,AE14,2,,Daniel Altmaier,R,188,GER,23.116,110,722,S0GD,,,Dalibor Svrcina,R,178,CZE,19.061,315,160,6-4 6-1,3,R32,81,3,4,69,42,30,14,9,10,11,0,5,57,38,21,8,8,6,10
2021-7389,Bogota,Clay,32,C,,20211024,3,G892,,,Alejandro Gonzalez,R,191,COL,32.709,461,79,KI82,3,,Vit Kopriva,R,178,CZE,24.359,200,340,6-2 7-6(5),3,R32,113,1,3,76,49,33,17,10,6,7,6,5,83,48,34,14,10,9,12
2021-7389,Bogota,Clay,32,C,,20211024,4,CG94,,,Enzo Couacaud,R,183,FRA,26.65,190,366,J551,4,,Nicolas Jarry,R,201,CHI,26.037,202,336,3-6 7-5 7-6(5),3,R32,154,6,9,123,64,51,25,16,10,12,16,6,102,64,52,19,17,2,4
2021-7389,Bogota,Clay,32,C,,20211024,5,MJ98,5,,Facundo Mena,R,183,ARG,29.087,234,274,CH80,,,Luca Castelnuovo,L,188,SUI,24.734,738,30,6-4 6-2,3,R32,68,5,4,46,27,23,13,9,0,0,0,3,74,42,26,13,9,9,12
2021-7389,Bogota,Clay,32,C,,20211024,6,D0C1,6,,Jesper de Jong,R,180,NED,21.399,239,263,M0EA,,,Pol Martin Tiffon,R,183,ESP,22.237,395,107,7-6(3) 7-6(3),3,R32,94,7,4,79,47,41,19,12,4,4,9,6,86,54,41,18,12,2,2
2021-7389,Bogota,Clay,32,C,,20211024,7,RB60,,,Oriol Roca Batalla,R,175,ESP,28.485,379,112,BV27,7,,Ulises Blanch,R,188,USA,23.584,248,249,6-3 6-2,3,R32,60,4,3,47,29,25,10,9,0,1,4,9,53,30,24,4,8,7,11
2021-7389,Bogota,Clay,32,C,,20211024,8,CN78,,,Lucas Catarina,R,185,MON,25.161,357,125,J267,8,,Malek Jaziri,R,185,TUN,37.76,297,176,6-2 6-3,3,R32,68,1,3,54,32,25,13,9,1,1,2,3,57,30,19,11,8,2,5
2021-7389,Bogota,Clay,32,C,,20211024,9,BC76,,,Nicolas Barrientos,R,175,COL,34.502,769,26,GB41,,,Juan Sebastian Gomez,,,COL,29.637,643,40,2-6 6-2 6-4,3,R32,117,3,10,101,66,44,14,13,12,15,1,5,85,59,37,11,13,4,8
2021-7389,Bogota,Clay,32,C,,20211024,10,GK06,,,Alexis Galarneau,R,180,CAN,22.648,354,125,P0IZ,,,Enrique Pena,R,185,COL,17.58,1828,1,6-1 6-1,3,R32,50,4,0,35,22,18,11,7,1,1,1,0,45,32,15,5,7,3,8
2021-7389,Bogota,Clay,32,C,,20211024,11,GB42,,,Alejandro Gomez,R,183,COL,30.196,510,67,P605,,,Jaroslav Pospisil,R,175,CZE,40.704,741,29,6-3 3-6 7-5,3,R32,132,11,14,101,53,45,17,15,10,13,2,4,97,53,33,25,15,5,9
2021-7389,Bogota,Clay,32,C,,20211024,12,M0AW,,,Nicolas Mejia,R,183,COL,21.7,286,192,R913,,,Cristian Rodriguez,R,180,COL,31.335,419,97,6-1 7-5,3,R32,88,2,5,49,30,26,10,9,0,0,3,10,75,34,24,16,10,3,7
2021-7389,Bogota,Clay,32,C,,20211024,13,MI43,,,Gerald Melzer,L,188,AUT,31.283,421,96,LF26,,,Orlando Luz,R,180,BRA,23.707,288,188,7-5 6-2,3,R32,81,7,3,54,35,26,11,10,0,2,5,7,67,35,17,16,10,7,12
2021-7389,Bogota,Clay,32,C,,20211024,14,O482,,,Gonzalo Oliveira,L,185,VEN,26.683,306,169,KD70,,,Pedja Krstin,R,183,SRB,27.14,309,165,3-6 6-3 6-2,3,R32,90,12,3,72,43,35,15,13,4,6,3,19,88,41,31,20,13,9,13
2021-7389,Bogota,Clay,32,C,,20211024,15,P0DF,,,Matheus Pucinelli De Almeida,R,183,BRA,20.564,287,188,GJ05,,,Alexis Gautier,R,198,FRA,24.548,337,137,6-2 6-1,3,R32,71,1,0,47,33,25,10,8,1,1,4,7,61,25,15,16,7,7,11
2021-7389,Bogota,Clay,32,C,,20211024,16,Q941,,,Roberto Quiroz,L,193,ECU,29.667,293,180,Z366,,,Matias Zukas,R,183,ARG,25.473,450,84,6-4 7-6(4),3,R32,105,5,5,81,48,38,14,11,5,7,1,4,70,34,23,22,11,4,7
2021-7389,Bogota,Clay,32,C,,20211024,17,MI43,,,Gerald Melzer,L,188,AUT,31.283,421,96,GE33,1,,Daniel Elahi Galan,R,191,COL,25.35,107,735,7-6(5) 6-2,3,R16,103,5,5,78,40,33,18,10,5,5,9,3,73,38,31,14,10,3,5
2021-7389,Bogota,Clay,32,C,,20211024,18,GK06,,,Alexis Galarneau,R,180,CAN,22.648,354,125,AE14,2,,Daniel Altmaier,R,188,GER,23.116,110,722,6-3 3-6 6-3,3,R16,118,3,4,89,56,40,21,14,4,5,14,2,77,45,36,16,13,7,9
2021-7389,Bogota,Clay,32,C,,20211024,19,MJ98,5,,Facundo Mena,R,183,ARG,29.087,234,274,GB42,,,Alejandro Gomez,R,183,COL,30.196,510,67,6-3 6-1,3,R16,59,8,2,44,22,21,12,8,2,2,3,9,58,23,16,14,8,6,10
2021-7389,Bogota,Clay,32,C,,20211024,20,D0C1,6,,Jesper de Jong,R,180,NED,21.399,239,263,Q941,,,Roberto Quiroz,L,193,ECU,29.667,293,180,7-6(5) 7-6(6),3,R16,100,6,5,78,53,45,14,12,1,1,5,4,84,53,41,19,12,1,1
2021-7389,Bogota,Clay,32,C,,20211024,21,BC76,,,Nicolas Barrientos,R,175,COL,34.502,769,26,CG94,,,Enzo Couacaud,R,183,FRA,26.65,190,366,6-3 6-4,3,R16,82,0,3,67,38,25,17,9,7,8,14,1,69,32,23,15,10,4,8
2021-7389,Bogota,Clay,32,C,,20211024,22,M0AW,,,Nicolas Mejia,R,183,COL,21.7,286,192,CN78,,,Lucas Catarina,R,185,MON,25.161,357,125,6-4 7-5,3,R16,109,6,5,69,37,25,18,11,3,5,1,6,76,50,31,11,11,4,8
2021-7389,Bogota,Clay,32,C,,20211024,23,P0DF,,,Matheus Pucinelli De Almeida,R,183,BRA,20.564,287,188,G892,,,Alejandro Gonzalez,R,191,COL,32.709,461,79,6-7(3) 6-1 6-2,3,R16,140,4,0,89,57,40,22,14,5,6,2,1,101,71,46,12,13,5,10
2021-7389,Bogota,Clay,32,C,,20211024,24,RB60,,,Oriol Roca Batalla,R,175,ESP,28.485,379,112,O482,,,Gonzalo Oliveira,L,185,VEN,26.683,306,169,6-3 4-6 7-5,3,R16,141,2,5,101,62,41,20,16,6,10,3,7,100,55,35,22,15,6,11
2021-7389,Bogota,Clay,32,C,,20211024,25,MJ98,5,,Facundo Mena,R,183,ARG,29.087,234,274,GK06,,,Alexis Galarneau,R,180,CAN,22.648,354,125,6-1 6-4,3,QF,67,2,4,52,20,16,20,9,1,2,1,6,50,30,17,9,8,3,7
2021-7389,Bogota,Clay,32,C,,20211024,26,D0C1,6,,Jesper de Jong,R,180,NED,21.399,239,263,P0DF,,,Matheus Pucinelli De Almeida,R,183,BRA,20.564,287,188,6-2 7-5,3,QF,95,4,5,67,31,24,19,10,6,7,1,3,61,39,25,10,10,3,7
2021-7389,Bogota,Clay,32,C,,20211024,27,BC76,,,Nicolas Barrientos,R,175,COL,34.502,769,26,RB60,,,Oriol Roca Batalla,R,175,ESP,28.485,379,112,6-3 7-5,3,QF,88,2,4,60,43,35,10,10,6,6,3,4,65,36,26,13,11,3,6
2021-7389,Bogota,Clay,32,C,,20211024,28,MI43,,,Gerald Melzer,L,188,AUT,31.283,421,96,M0AW,,,Nicolas Mejia,R,183,COL,21.7,286,192,6-0 6-4,3,QF,82,6,0,46,25,21,13,8,4,4,4,3,56,28,14,14,8,4,8
2021-7389,Bogota,Clay,32,C,,20211024,29,MJ98,5,,Facundo Mena,R,183,ARG,29.087,234,274,D0C1,6,,Jesper de Jong,R,180,NED,21.399,239,263,7-6(3) 7-5,3,SF,105,9,4,84,38,34,24,12,5,6,3,3,80,43,35,14,12,2,4
2021-7389,Bogota,Clay,32,C,,20211024,30,MI43,,,Gerald Melzer,L,188,AUT,31.283,421,96,BC76,,,Nicolas Barrientos,R,175,COL,34.502,769,26,6-2 6-7(5) 6-1,3,SF,131,5,0,80,45,33,24,14,1,3,5,7,117,73,42,21,13,10,16
2021-7389,Bogota,Clay,32,C,,20211024,31,MI43,,,Gerald Melzer,L,188,AUT,31.283,421,96,MJ98,5,,Facundo Mena,R,183,ARG,29.087,234,274,6-2 3-6 7-6(5),3,F,140,5,4,101,53,42,23,14,5,7,7,6,95,53,38,22,15,4,7
2021-7395,Buenos Aires,Clay,32,C,,20211024,1,MJ08,1,,Thiago Monteiro,L,183,BRA,27.4,92,805,CG07,,,Hernan Casanova,R,178,ARG,27.713,331,142,7-6(7) 3-6 6-2,3,R32,157,5,2,88,54,36,21,15,6,11,1,0,100,74,43,14,14,6,11
2021-7395,Buenos Aires,Clay,32,C,,20211024,2,C0C8,2,,Juan Manuel Cerundolo,L,183,ARG,19.94,102,753,A887,,,Guido Andreozzi,R,183,ARG,30.22,270,213,6-4 6-2,3,R32,83,0,0,53,47,27,4,9,3,6,1,2,54,29,13,11,9,3,9
2021-7395,Buenos Aires,Clay,32,C,,20211024,3,C0AU,3,,Francisco Cerundolo,R,185,ARG,23.198,116,676,U182,,,Camilo Ugo Carabelli,R,185,ARG,22.355,214,307,4-6 6-1 6-4,3,R32,133,3,6,98,76,49,10,14,5,8,1,1,89,59,34,14,13,8,13
2021-7395,Buenos Aires,Clay,32,C,,20211024,4,V836,4,,Juan Pablo Varillas,R,185,PER,26.051,129,581,H0A4,,,Nick Hardt,R,185,DOM,21.092,349,128,6-3 3-6 6-2,3,R32,142,5,1,89,57,38,17,13,12,15,1,4,79,49,30,12,13,6,11
2021-7395,Buenos Aires,Clay,32,C,,20211024,5,DA31,5,,Hugo Dellien,R,180,BOL,28.356,128,584,D0CG,,,Facundo Diaz Acosta,L,183,ARG,20.857,338,135,4-6 6-0 6-1,3,R32,148,1,3,96,74,47,10,12,7,9,1,5,88,47,29,14,11,3,9
2021-7395,Buenos Aires,Clay,32,C,,20211024,6,N0BS,,,Mariano Navone,R,178,ARG,20.654,582,51,SX91,6,,Thiago Seyboth Wild,R,185,BRA,21.624,126,609,3-6 6-1 6-2,3,R32,108,2,2,62,40,28,15,12,1,3,2,2,82,48,29,14,12,2,7
2021-7395,Buenos Aires,Clay,32,C,,20211024,7,B0BI,7,,Sebastian Baez,R,170,ARG,20.821,124,631,CG04,,,Pedro Cachin,R,185,ARG,26.535,266,223,3-6 6-2 6-3,3,R32,105,4,2,98,69,47,15,13,5,6,1,1,69,45,33,11,13,1,4
2021-7395,Buenos Aires,Clay,32,C,,20211024,8,EA24,8,,Tomas Martin Etcheverry,R,196,ARG,22.27,138,511,MV75,,,Ignacio Monzon,R,173,ARG,23.8,1007,12,6-0 6-3,3,R32,83,0,0,55,39,24,7,8,4,6,0,3,40,26,8,4,7,2,8
2021-7395,Buenos Aires,Clay,32,C,,20211024,9,CC66,,,Andrea Collarini,L,183,ARG,29.73,265,223,O660,,,Genaro Alberto Olivieri,R,175,ARG,23.222,324,149,6-2 4-6 7-5,3,R32,157,5,4,94,64,44,14,15,5,9,7,3,104,58,35,20,15,5,11
2021-7395,Buenos Aires,Clay,32,C,,20211024,10,CC98,,,Martin Cuevas,R,191,URU,29.777,548,58,C0DF,,,Francisco Comesana,R,178,ARG,21.049,538,60,2-6 6-3 6-2,3,R32,111,2,2,87,61,39,13,13,4,7,2,2,69,43,27,13,12,0,4
2021-7395,Buenos Aires,Clay,32,C,,20211024,11,FA43,,,Juan Pablo Ficovich,R,188,ARG,24.747,276,209,S0GZ,,,Nikolas Sanchez Izquierdo,R,185,ESP,22.612,312,162,7-6(1) 7-6(6),3,R32,133,7,6,90,43,36,25,12,4,6,2,6,86,56,42,9,12,3,5
2021-7395,Buenos Aires,Clay,32,C,,20211024,12,KC29,,,Nicolas Kicker,R,178,ARG,29.188,259,231,AC58,,,Nicolas Alvarez,R,185,PER,25.377,403,104,6-3 2-6 6-3,3,R32,136,2,1,81,58,38,14,13,3,5,3,4,93,52,37,18,13,4,7
2021-7395,Buenos Aires,Clay,32,C,,20211024,13,LB84,,,Juan Ignacio Londero,R,180,ARG,28.192,170,420,G985,,,Carlos Gomez-Herrera,R,191,ESP,31.485,416,99,6-3 6-4,3,R32,81,5,2,59,36,25,12,10,5,7,1,2,54,32,18,10,9,2,6
2021-7395,Buenos Aires,Clay,32,C,,20211024,14,MW75,,,Felipe Meligeni Alves,R,185,BRA,23.677,187,371,T0DM,,,Juan Bautista Torres,R,178,ARG,19.562,577,52,6-2 6-4,3,R32,92,0,0,52,43,20,7,9,1,5,1,2,68,45,20,9,9,10,17
2021-7395,Buenos Aires,Clay,32,C,,20211024,15,O376,,,Renzo Olivo,R,178,ARG,29.61,193,357,T0A1,,,Thiago Agustin Tirante,R,185,ARG,20.539,206,331,6-4 6-0,3,R32,68,1,0,44,28,24,10,8,1,1,2,3,55,43,23,3,8,2,6
2021-7395,Buenos Aires,Clay,32,C,,20211024,16,RH59,,,Santiago Rodriguez Taverna,R,191,ARG,22.275,361,121,B0FV,,,Roman Andres Burruchaga,R,183,ARG,19.751,566,55,6-4 1-4 RET,3,R32,67,1,0,42,18,12,18,7,4,5,0,2,52,32,23,10,8,3,4
2021-7395,Buenos Aires,Clay,32,C,,20211024,17,MJ08,1,,Thiago Monteiro,L,183,BRA,27.4,92,805,KC29,,,Nicolas Kicker,R,178,ARG,29.188,259,231,6-2 6-3,3,R16,82,2,3,60,44,34,7,9,7,7,2,1,44,31,18,6,8,2,5
2021-7395,Buenos Aires,Clay,32,C,,20211024,18,C0C8,2,,Juan Manuel Cerundolo,L,183,ARG,19.94,102,753,CC66,,,Andrea Collarini,L,183,ARG,29.73,265,223,6-4 3-6 6-4,3,R16,148,0,3,85,62,38,10,14,6,11,2,1,110,66,38,21,15,8,14
2021-7395,Buenos Aires,Clay,32,C,,20211024,19,C0AU,3,,Francisco Cerundolo,R,185,ARG,23.198,116,676,FA43,,,Juan Pablo Ficovich,R,188,ARG,24.747,276,209,7-5 6-2,3,R16,87,2,1,67,43,29,12,10,9,11,2,4,64,31,21,12,10,5,10
2021-7395,Buenos Aires,Clay,32,C,,20211024,20,V836,4,,Juan Pablo Varillas,R,185,PER,26.051,129,581,RH59,,,Santiago Rodriguez Taverna,R,191,ARG,22.275,361,121,6-4 6-2,3,R16,86,5,0,56,33,28,12,9,2,2,2,2,59,29,19,15,9,4,7
2021-7395,Buenos Aires,Clay,32,C,,20211024,21,DA31,5,,Hugo Dellien,R,180,BOL,28.356,128,584,MW75,,,Felipe Meligeni Alves,R,185,BRA,23.677,187,371,3-6 7-5 7-6(6),3,R16,167,0,1,123,99,56,13,17,8,14,5,2,110,79,49,14,16,5,10
2021-7395,Buenos Aires,Clay,32,C,,20211024,22,B0BI,7,,Sebastian Baez,R,170,ARG,20.821,124,631,LB84,,,Juan Ignacio Londero,R,180,ARG,28.192,170,420,6-3 6-4,3,R16,78,3,2,50,39,25,2,10,0,4,0,4,67,34,18,10,9,7,13
2021-7395,Buenos Aires,Clay,32,C,,20211024,23,EA24,8,,Tomas Martin Etcheverry,R,196,ARG,22.27,138,511,O376,,,Renzo Olivo,R,178,ARG,29.61,193,357,3-6 7-6(1) 6-4,3,R16,171,0,2,97,63,42,20,15,5,8,3,2,104,65,46,20,16,8,11
2021-7395,Buenos Aires,Clay,32,C,,20211024,24,CC98,,,Martin Cuevas,R,191,URU,29.777,548,58,N0BS,,,Mariano Navone,R,178,ARG,20.654,582,51,7-6(0) 7-5,3,R16,133,2,1,77,37,25,22,12,3,6,0,4,113,73,47,13,12,12,16
2021-7395,Buenos Aires,Clay,32,C,,20211024,25,MJ08,1,,Thiago Monteiro,L,183,BRA,27.4,92,805,EA24,8,,Tomas Martin Etcheverry,R,196,ARG,22.27,138,511,6-4 3-6 7-5,3,QF,169,1,3,87,56,41,17,15,3,6,6,2,95,65,44,15,16,6,10
2021-7395,Buenos Aires,Clay,32,C,,20211024,26,C0C8,2,,Juan Manuel Cerundolo,L,183,ARG,19.94,102,753,DA31,5,,Hugo Dellien,R,180,BOL,28.356,128,584,2-6 7-5 7-6(5),3,QF,150,1,2,110,79,44,18,16,8,14,0,1,105,89,51,11,16,6,11
2021-7395,Buenos Aires,Clay,32,C,,20211024,27,C0AU,3,,Francisco Cerundolo,R,185,ARG,23.198,116,676,CC98,,,Martin Cuevas,R,191,URU,29.777,548,58,6-1 6-1,3,QF,62,3,2,51,43,30,2,7,1,2,0,3,49,19,9,10,7,6,12
2021-7395,Buenos Aires,Clay,32,C,,20211024,28,B0BI,7,,Sebastian Baez,R,170,ARG,20.821,124,631,V836,4,,Juan Pablo Varillas,R,185,PER,26.051,129,581,7-5 6-2,3,QF,73,3,0,58,45,33,7,10,3,4,4,2,53,30,19,11,10,1,5
2021-7395,Buenos Aires,Clay,32,C,,20211024,29,MJ08,1,,Thiago Monteiro,L,183,BRA,27.4,92,805,C0AU,3,,Francisco Cerundolo,R,185,ARG,23.198,116,676,6-1 2-6 6-3,3,SF,151,4,2,114,77,44,18,12,14,18,2,2,84,63,34,8,12,8,14
2021-7395,Buenos Aires,Clay,32,C,,20211024,30,B0BI,7,,Sebastian Baez,R,170,ARG,20.821,124,631,C0C8,2,,Juan Manuel Cerundolo,L,183,ARG,19.94,102,753,6-1 6-2,3,SF,46,0,0,44,35,26,6,8,0,1,0,1,40,32,13,3,7,3,8
2021-7395,Buenos Aires,Clay,32,C,,20211024,31,B0BI,7,,Sebastian Baez,R,170,ARG,20.821,124,631,MJ08,1,,Thiago Monteiro,L,183,BRA,27.4,92,805,6-4 6-0,3,F,75,5,2,50,35,29,7,8,2,2,1,2,59,40,22,7,8,6,10
2021-9599,Losinj,Clay,32,C,,20211024,1,CF01,1,,Marco Cecchinato,R,185,ITA,29.065,104,746,LF29,,,Alvaro Lopez San Martin,R,178,ESP,24.394,341,134,7-6(5) 7-6(2),3,R32,114,2,3,92,60,37,19,12,8,10,2,1,76,55,35,12,12,2,4
2021-9599,Losinj,Clay,32,C,,20211024,2,TE16,2,,Carlos Taberner,R,183,ESP,24.211,111,713,BV25,,,Javier Barranco Cosano,L,180,ESP,22.935,296,179,6-4 6-3,3,R32,113,2,3,60,30,25,14,9,4,5,1,3,67,42,25,12,10,7,11
2021-9599,Losinj,Clay,32,C,,20211024,3,MF35,3,,Andrej Martin,R,183,SVK,32.093,118,662,P0GQ,,,Mili Poljicak,R,185,CRO,17.281,1437,3,7-6(2) 6-3,3,R32,102,0,1,86,62,39,14,11,5,7,3,3,85,42,30,17,10,6,9
2021-9599,Losinj,Clay,32,C,,20211024,4,G0AV,,,Carlos Gimeno Valero,R,191,ESP,20.331,301,173,MM66,4,,Nikola Milojevic,R,188,SRB,26.349,142,506,6-3 6-1,3,R32,84,0,9,67,41,26,12,8,6,8,0,5,60,29,14,11,8,3,9
2021-9599,Losinj,Clay,32,C,,20211024,5,K0BJ,,,Georgii Kravchenko,R,180,UKR,21.24,434,89,RA51,5,,Blaz Rola,L,193,SLO,31.053,183,390,6-4 6-2,3,R32,89,3,2,52,35,27,8,9,1,2,3,1,70,53,31,6,9,11,15
2021-9599,Losinj,Clay,32,C,,20211024,6,G983,6,,Alessandro Giannessi,L,185,ITA,31.403,204,335,H756,,,Robin Haase,R,191,NED,34.552,229,279,7-6(4) 7-5,3,R32,118,4,4,94,53,38,17,12,9,13,3,3,89,60,36,11,12,11,16
2021-9599,Losinj,Clay,32,C,,20211024,7,A622,,,Andrea Arnaboldi,L,180,ITA,33.826,273,212,CI14,7,,Jay Clarke,R,183,GBR,23.244,194,354,6-3 3-6 6-3,3,R32,136,2,2,100,64,38,24,14,11,13,1,4,84,57,39,12,13,7,10
2021-9599,Losinj,Clay,32,C,,20211024,8,BK19,8,,Mathias Bourgue,R,188,FRA,27.765,228,280,PE02,,,Danilo Petrovic,R,203,SRB,29.749,278,207,5-2 RET,3,R32,37,1,1,18,10,9,5,3,0,0,2,0,33,18,11,5,4,0,2
2021-9599,Losinj,Clay,32,C,,20211024,9,AA27,,,Franco Agamenone,R,191,ITA,28.526,210,318,A0CJ,,,Duje Ajdukovic,R,188,CRO,20.715,253,242,7-6(2) 6-0,3,R32,79,0,2,58,51,33,3,9,0,3,0,0,61,36,15,10,9,3,9
2021-9599,Losinj,Clay,32,C,,20211024,10,BU54,,,Geoffrey Blancaneaux,R,180,FRA,23.211,284,194,J09X,,,Filip Cristian Jianu,R,180,ROU,20.099,327,147,6-2 6-3,3,R32,81,1,0,58,46,31,8,9,3,4,0,0,54,29,14,14,8,7,11
2021-9599,Losinj,Clay,32,C,,20211024,11,BV24,,,Raul Brancaccio,R,183,ITA,24.474,319,156,KI48,,,Ergi Kirkin,R,180,TUR,22.741,303,169,6-3 3-6 6-2,3,R32,143,0,3,93,64,37,12,13,10,16,1,9,95,47,21,23,13,8,16
2021-9599,Losinj,Clay,32,C,,20211024,12,F840,,,Nerman Fatic,R,191,BIH,27.001,369,118,A09U,,,Nicolas Alvarez Varona,R,188,ESP,20.435,404,102,7-5 6-2,3,R32,112,4,0,60,35,22,14,10,2,5,1,1,64,39,20,9,10,4,10
2021-9599,Losinj,Clay,32,C,,20211024,13,F0BT,,,Jonas Forejtek,R,183,CZE,20.624,316,159,CF25,,,Victor Cornea,L,196,ROU,28.082,1166,7,6-4 6-4,3,R32,89,2,0,59,33,26,12,10,4,6,1,5,69,30,22,16,10,9,13
2021-9599,Losinj,Clay,32,C,,20211024,14,M0JZ,,,Filip Misolic,R,180,AUT,20.211,396,106,KD43,,,Arjun Kadhe,R,185,IND,27.795,847,20,6-1 6-2,3,R32,60,0,2,49,25,17,15,7,6,7,3,4,54,38,14,8,8,4,10
2021-9599,Losinj,Clay,32,C,,20211024,15,SP80,,,Nino Serdarusic,R,191,CRO,24.862,244,254,GH33,,,Manuel Guinard,R,198,FRA,25.941,260,229,2-6 6-3 6-4,3,R32,116,2,2,83,60,41,12,14,6,9,6,2,77,49,33,16,13,2,5
2021-9599,Losinj,Clay,32,C,,20211024,16,SF41,,,Aldin Setkic,R,191,BIH,33.843,417,99,G0GK,,,Anthony Genov,L,185,BUL,19.647,1828,1,6-3 6-4,3,R32,83,0,2,56,35,22,12,10,1,4,1,3,49,35,17,6,9,0,5
2021-9599,Losinj,Clay,32,C,,20211024,17,CF01,1,,Marco Cecchinato,R,185,ITA,29.065,104,746,SP80,,,Nino Serdarusic,R,191,CRO,24.862,244,254,6-7(4) 7-6(4) 6-1,3,R16,143,3,2,105,71,56,22,16,5,5,10,1,93,60,48,17,15,2,4
2021-9599,Losinj,Clay,32,C,,20211024,18,TE16,2,,Carlos Taberner,R,183,ESP,24.211,111,713,BU54,,,Geoffrey Blancaneaux,R,180,FRA,23.211,284,194,7-6(1) 3-6 6-1,3,R16,172,0,2,98,62,39,16,14,2,8,0,3,91,62,31,12,14,7,14
2021-9599,Losinj,Clay,32,C,,20211024,19,M0JZ,,,Filip Misolic,R,180,AUT,20.211,396,106,MF35,3,,Andrej Martin,R,183,SVK,32.093,118,662,6-1 7-6(11),3,R16,105,0,5,87,48,29,22,10,5,7,0,2,61,41,22,11,9,2,6
2021-9599,Losinj,Clay,32,C,,20211024,20,G983,6,,Alessandro Giannessi,L,185,ITA,31.403,204,335,AA27,,,Franco Agamenone,R,191,ITA,28.526,210,318,7-6(7) 3-6 6-1,3,R16,151,0,2,112,79,44,19,14,11,16,1,1,94,67,38,11,14,2,8
2021-9599,Losinj,Clay,32,C,,20211024,21,BK19,8,,Mathias Bourgue,R,188,FRA,27.765,228,280,SF41,,,Aldin Setkic,R,191,BIH,33.843,417,99,6-0 6-2,3,R16,70,4,2,38,20,16,12,7,0,0,1,7,46,24,11,8,7,1,6
2021-9599,Losinj,Clay,32,C,,20211024,22,A622,,,Andrea Arnaboldi,L,180,ITA,33.826,273,212,F0BT,,,Jonas Forejtek,R,183,CZE,20.624,316,159,6-3 3-6 6-4,3,R16,141,1,5,99,60,41,18,14,2,5,4,1,96,65,44,12,14,2,6
2021-9599,Losinj,Clay,32,C,,20211024,23,BV24,,,Raul Brancaccio,R,183,ITA,24.474,319,156,G0AV,,,Carlos Gimeno Valero,R,191,ESP,20.331,301,173,6-4 6-1,3,R16,62,3,2,46,31,19,7,8,2,5,0,16,57,24,14,9,9,3,10
2021-9599,Losinj,Clay,32,C,,20211024,24,F840,,,Nerman Fatic,R,191,BIH,27.001,369,118,K0BJ,,,Georgii Kravchenko,R,180,UKR,21.24,434,89,6-3 2-6 6-3,3,R16,124,1,3,86,63,38,14,13,6,10,0,3,79,61,38,9,13,4,9
2021-9599,Losinj,Clay,32,C,,20211024,25,CF01,1,,Marco Cecchinato,R,185,ITA,29.065,104,746,BK19,8,,Mathias Bourgue,R,188,FRA,27.765,228,280,6-0 2-6 7-5,3,QF,121,3,4,92,56,36,18,13,9,13,1,4,81,49,30,13,13,6,12
2021-9599,Losinj,Clay,32,C,,20211024,26,TE16,2,,Carlos Taberner,R,183,ESP,24.211,111,713,A622,,,Andrea Arnaboldi,L,180,ITA,33.826,273,212,6-2 6-0,3,QF,52,4,1,34,22,20,8,7,0,0,1,1,38,28,11,6,7,2,7
2021-9599,Losinj,Clay,32,C,,20211024,27,G983,6,,Alessandro Giannessi,L,185,ITA,31.403,204,335,BV24,,,Raul Brancaccio,R,183,ITA,24.474,319,156,6-3 6-7(6) 6-1,3,QF,119,2,1,81,62,41,9,13,2,6,0,8,97,54,29,15,15,5,14
2021-9599,Losinj,Clay,32,C,,20211024,28,F840,,,Nerman Fatic,R,191,BIH,27.001,369,118,M0JZ,,,Filip Misolic,R,180,AUT,20.211,396,106,7-6(6) 6-2,3,QF,102,2,2,73,53,36,10,10,4,6,1,7,65,32,22,13,10,4,8
2021-9599,Losinj,Clay,32,C,,20211024,29,CF01,1,,Marco Cecchinato,R,185,ITA,29.065,104,746,F840,,,Nerman Fatic,R,191,BIH,27.001,369,118,6-3 7-6(4),3,SF,113,0,0,73,52,26,14,11,3,7,2,2,78,50,29,11,10,7,12
2021-9599,Losinj,Clay,32,C,,20211024,30,TE16,2,,Carlos Taberner,R,183,ESP,24.211,111,713,G983,6,,Alessandro Giannessi,L,185,ITA,31.403,204,335,6-4 6-3,3,SF,78,4,2,57,27,16,16,9,6,10,2,2,56,37,12,9,10,2,9
2021-9599,Losinj,Clay,32,C,,20211024,31,TE16,2,,Carlos Taberner,R,183,ESP,24.211,111,713,CF01,1,,Marco Cecchinato,R,185,ITA,29.065,104,746,W/O,3,F,0,,,,,,,,,,,,,,,,,,
2021-7341,Brest,Hard,32,C,,20211031,1,GH33,,,Manuel Guinard,R,198,FRA,25.96,256,229,RC91,,,Arthur Rinderknech,R,196,FRA,26.275,65,1000,6-4 6-2,3,R32,61,3,1,44,31,25,9,9,2,3,8,2,49,34,22,5,9,1,5
2021-7341,Brest,Hard,32,C,,20211031,2,G628,3,,Richard Gasquet,R,183,FRA,35.37,76,899,L0BV,,,Jiri Lehecka,R,185,CZE,19.978,167,414,6-2 6-4,3,R32,65,2,0,50,34,29,8,9,0,0,6,2,52,37,27,4,9,1,4
2021-7341,Brest,Hard,32,C,,20211031,3,N0AE,4,,Brandon Nakashima,R,188,USA,20.244,70,931,P09O,,,Zsombor Piros,R,180,HUN,22.051,347,130,6-3 7-6(4),3,R32,92,7,1,64,41,36,14,11,0,1,8,3,80,48,34,14,10,5,7
2021-7341,Brest,Hard,32,C,,20211031,4,TA12,5,,Stefano Travaglia,R,185,ITA,29.843,83,850,SK47,,,Mohamed Safwat,R,180,EGY,31.116,180,382,6-4 6-4,3,R32,82,4,2,74,42,34,14,10,4,5,2,0,58,39,25,11,10,5,8
2021-7341,Brest,Hard,32,C,,20211031,5,GB53,,,Federico Gaio,R,178,ITA,29.656,151,439,H996,6,,Pierre-Hugues Herbert,R,188,FRA,30.623,104,748,6-4 3-6 6-3,3,R32,100,4,1,79,44,31,25,14,2,3,15,3,74,37,34,20,14,4,6
2021-7341,Brest,Hard,32,C,,20211031,6,L949,7,,Henri Laaksonen,R,185,SUI,29.585,103,749,BI23,,,Liam Broady,L,183,GBR,27.822,124,616,6-1 7-5,3,R32,83,8,0,48,30,26,12,9,1,1,4,2,82,59,35,8,10,7,11
2021-7341,Brest,Hard,32,C,,20211031,7,G09O,8,,Hugo Gaston,L,173,FRA,21.095,107,730,CE25,,,Salvatore Caruso,R,185,ITA,28.876,142,492,6-3 6-4,3,R32,86,1,3,63,36,27,16,10,1,2,0,2,54,32,21,10,9,2,5
2021-7341,Brest,Hard,32,C,,20211031,8,D750,,,Kenny De Schepper,L,203,FRA,34.426,564,56,TE16,,,Carlos Taberner,R,183,ESP,24.23,93,781,7-6(5) 7-6(5),3,R32,128,8,3,77,57,46,7,12,2,4,5,3,94,57,42,18,12,7,9
2021-7341,Brest,Hard,32,C,,20211031,9,F586,,,Thomas Fabbiano,R,173,ITA,32.433,228,282,V717,,,Alexey Vatutin,R,178,RUS,29.01,346,131,7-6(4) 7-5,3,R32,128,2,0,85,57,37,13,12,8,11,5,4,89,45,27,19,12,8,12
2021-7341,Brest,Hard,32,C,,20211031,10,SN54,,,Frederico Ferreira Silva,L,178,POR,26.623,205,333,HA71,,,Antoine Hoang,R,183,FRA,25.99,170,408,4-6 6-4 6-4,3,R32,142,3,2,88,52,38,19,15,4,7,9,2,96,70,43,14,15,7,11
2021-7341,Brest,Hard,32,C,,20211031,11,J620,,,Maxime Janvier,R,196,FRA,25.035,234,273,R0EB,,,Valentin Royer,R,188,FRA,20.424,533,61,3-6 7-5 6-0,3,R32,112,5,2,67,37,29,22,13,2,3,6,4,102,59,42,17,14,10,14
2021-7341,Brest,Hard,32,C,,20211031,12,MP20,,,Alexandre Muller,R,183,FRA,24.745,207,325,N503,,,Aleksandr Nedovyesov,R,188,KAZ,34.708,540,60,6-3 3-6 7-6(2),3,R32,120,5,5,91,57,46,18,15,4,6,9,1,92,61,48,14,15,3,5
2021-7341,Brest,Hard,32,C,,20211031,13,R0DG,,,Holger Rune,R,188,DEN,18.508,121,645,KH56,,,Zdenek Kolar,R,183,CZE,25.06,138,507,6-3 6-3,3,R32,68,5,0,49,33,25,13,9,3,3,4,2,52,30,21,8,9,1,4
2021-7341,Brest,Hard,32,C,,20211031,14,SH90,,,Joao Sousa,R,185,POR,32.589,173,399,GF95,,,Hugo Grenier,R,196,FRA,25.607,184,370,6-4 6-1,3,R32,71,9,0,46,33,28,10,9,1,1,10,1,59,36,28,4,8,2,5
2021-7341,Brest,Hard,32,C,,20211031,15,V0DZ,,,Luca Van Assche,R,178,FRA,17.473,680,35,HA28,,,Filip Horansky,R,191,SVK,28.813,198,346,6-3 6-3,3,R32,61,8,1,46,30,25,11,9,0,0,3,2,55,32,20,10,9,2,5
2021-7341,Brest,Hard,32,C,,20211031,16,Z419,,,Bernabe Zapata Miralles,R,183,ESP,24.799,125,607,V306,,,Fernando Verdasco,L,188,ESP,37.96,144,476,3-6 6-4 6-1,3,R32,96,0,0,76,53,38,14,13,2,4,9,2,79,54,37,10,13,0,4
2021-7341,Brest,Hard,32,C,,20211031,17,G628,3,,Richard Gasquet,R,183,FRA,35.37,76,899,F586,,,Thomas Fabbiano,R,173,ITA,32.433,228,282,6-2 4-6 6-2,3,R16,112,12,3,73,37,29,19,13,6,9,3,1,91,65,32,15,13,8,14
2021-7341,Brest,Hard,32,C,,20211031,18,N0AE,4,,Brandon Nakashima,R,188,USA,20.244,70,931,Z419,,,Bernabe Zapata Miralles,R,183,ESP,24.799,125,607,6-4 6-1,3,R16,64,8,0,42,34,28,4,9,0,1,3,4,63,39,20,11,8,9,13
2021-7341,Brest,Hard,32,C,,20211031,19,MP20,,,Alexandre Muller,R,183,FRA,24.745,207,325,TA12,5,,Stefano Travaglia,R,185,ITA,29.843,83,850,7-6(4) 1-6 6-1,3,R16,111,8,5,82,54,41,14,13,4,6,15,0,89,62,42,12,13,5,7
2021-7341,Brest,Hard,32,C,,20211031,20,L949,7,,Henri Laaksonen,R,185,SUI,29.585,103,749,R0DG,,,Holger Rune,R,188,DEN,18.508,121,645,6-4 6-4,3,R16,96,13,2,61,37,30,13,10,2,2,5,4,90,59,41,12,10,10,12
2021-7341,Brest,Hard,32,C,,20211031,21,J620,,,Maxime Janvier,R,196,FRA,25.035,234,273,G09O,8,,Hugo Gaston,L,173,FRA,21.095,107,730,7-6(5) 2-6 6-4,3,R16,133,5,0,110,74,41,20,15,7,12,3,5,100,63,43,16,15,4,8
2021-7341,Brest,Hard,32,C,,20211031,22,GB53,,,Federico Gaio,R,178,ITA,29.656,151,439,SN54,,,Frederico Ferreira Silva,L,178,POR,26.623,205,333,4-6 7-6(3) 6-2,3,R16,147,11,3,93,60,47,13,15,5,8,1,2,99,55,37,22,15,5,9
2021-7341,Brest,Hard,32,C,,20211031,23,SH90,,,Joao Sousa,R,185,POR,32.589,173,399,D750,,,Kenny De Schepper,L,203,FRA,34.426,564,56,6-4 7-6(6),3,R16,111,4,2,84,55,39,15,11,5,6,3,5,77,55,36,11,11,4,6
2021-7341,Brest,Hard,32,C,,20211031,24,V0DZ,,,Luca Van Assche,R,178,FRA,17.473,680,35,GH33,,,Manuel Guinard,R,198,FRA,25.96,256,229,7-6(4) 6-3,3,R16,87,6,2,68,45,32,11,11,0,3,11,3,71,38,26,12,10,4,8
2021-7341,Brest,Hard,32,C,,20211031,25,J620,,,Maxime Janvier,R,196,FRA,25.035,234,273,G628,3,,Richard Gasquet,R,183,FRA,35.37,76,899,W/O,3,QF,0,,,,,,,,,,,,,,,,,,
2021-7341,Brest,Hard,32,C,,20211031,26,N0AE,4,,Brandon Nakashima,R,188,USA,20.244,70,931,L949,7,,Henri Laaksonen,R,185,SUI,29.585,103,749,6-1 7-5,3,QF,71,13,0,59,40,34,10,10,1,1,7,3,63,36,27,8,9,6,9
2021-7341,Brest,Hard,32,C,,20211031,27,MP20,,,Alexandre Muller,R,183,FRA,24.745,207,325,V0DZ,,,Luca Van Assche,R,178,FRA,17.473,680,35,6-3 6-4,3,QF,82,7,2,61,39,29,14,10,3,3,4,0,50,29,21,12,9,3,5
2021-7341,Brest,Hard,32,C,,20211031,28,SH90,,,Joao Sousa,R,185,POR,32.589,173,399,GB53,,,Federico Gaio,R,178,ITA,29.656,151,439,6-3 6-7(5) 7-6(5),3,QF,169,4,1,126,74,53,24,17,9,12,9,7,112,62,43,28,16,7,11
2021-7341,Brest,Hard,32,C,,20211031,29,N0AE,4,,Brandon Nakashima,R,188,USA,20.244,70,931,MP20,,,Alexandre Muller,R,183,FRA,24.745,207,325,6-2 7-5,3,SF,88,8,1,49,39,34,6,10,0,0,8,0,79,49,28,16,10,9,12
2021-7341,Brest,Hard,32,C,,20211031,30,SH90,,,Joao Sousa,R,185,POR,32.589,173,399,J620,,,Maxime Janvier,R,196,FRA,25.035,234,273,7-5 6-1,3,SF,77,3,0,57,39,31,10,10,3,4,5,3,59,38,23,7,9,6,10
2021-7341,Brest,Hard,32,C,,20211031,31,N0AE,4,,Brandon Nakashima,R,188,USA,20.244,70,931,SH90,,,Joao Sousa,R,185,POR,32.589,173,399,6-3 6-3,3,F,79,7,0,48,33,25,11,9,0,0,3,0,75,53,35,8,9,8,11
2021-7345,Las Vegas,Hard,32,C,,20211031,1,M0CW,,,Aidan McHugh,R,180,GBR,21.311,374,117,J386,1,,Steve Johnson,R,188,USA,31.852,88,812,6-4 6-4,3,R32,88,4,3,76,57,38,12,10,4,4,7,1,63,40,31,10,10,2,4
2021-7345,Las Vegas,Hard,32,C,,20211031,2,KB09,2,,Denis Kudla,R,180,USA,29.205,90,807,SP24,,,Brayden Schnur,R,193,CAN,26.327,226,283,6-3 6-2,3,R32,82,1,2,54,30,21,18,9,0,0,6,2,61,38,22,12,8,1,4
2021-7345,Las Vegas,Hard,32,C,,20211031,3,TC12,,,Mikael Torpegaard,R,193,DEN,27.483,217,300,SL08,3,,Tennys Sandgren,R,188,USA,30.278,96,773,6-7(4) 7-5 3-0 RET,3,R32,120,5,4,77,42,33,19,14,2,5,2,5,97,47,31,22,13,7,12
2021-7345,Las Vegas,Hard,32,C,,20211031,4,AE14,4,,Daniel Altmaier,R,188,GER,23.135,111,717,U134,,,Yasutaka Uchiyama,R,183,JPN,29.238,186,369,7-6(6) 6-1,3,R32,120,6,4,78,46,37,15,9,6,7,4,3,76,47,28,14,10,3,7
2021-7345,Las Vegas,Hard,32,C,,20211031,5,DA81,5,,Taro Daniel,R,191,JPN,28.758,120,654,S0KN,,,Jordan Sauer,,,RSA,22.609,,,6-0 6-2,3,R32,55,4,3,40,26,21,8,7,0,0,0,1,45,29,15,5,7,3,8
2021-7345,Las Vegas,Hard,32,C,,20211031,6,V832,,,Aleksandar Vukic,R,188,AUS,25.569,193,357,KC12,6,,Mitchell Krueger,R,188,USA,27.8,147,458,6-4 6-1,3,R32,70,10,1,49,28,23,14,9,0,0,4,3,48,26,18,9,8,3,6
2021-7345,Las Vegas,Hard,32,C,,20211031,7,GA36,7,,Emilio Gomez,R,185,ECU,29.925,149,447,SK94,,,Cedrik-Marcel Stebe,L,180,GER,31.061,181,375,7-6(2) 6-0,3,R32,77,1,3,53,29,24,11,9,0,2,3,4,56,34,19,6,9,2,7
2021-7345,Las Vegas,Hard,32,C,,20211031,8,KD35,,,Thai-Son Kwiatkowski,R,188,USA,26.713,232,275,J380,8,,Jason Jung,R,180,TPE,32.378,166,414,7-5 6-2,3,R32,90,4,4,64,45,31,10,10,4,5,2,1,77,53,30,12,10,12,16
2021-7345,Las Vegas,Hard,32,C,,20211031,9,E873,,,Ernesto Escobedo,R,185,MEX,25.325,161,422,F811,,,Bjorn Fratangelo,R,183,USA,28.285,172,400,6-7(6) 7-6(2) 7-6(5),3,R32,173,4,3,118,80,58,23,18,2,4,9,5,124,70,55,26,18,5,7
2021-7345,Las Vegas,Hard,32,C,,20211031,10,I230,,,Tatsuma Ito,R,180,JPN,33.454,271,210,Y124,,,Donald Young,L,183,USA,32.274,445,83,6-4 6-4,3,R32,73,2,2,58,31,24,16,10,0,1,0,2,51,37,26,7,10,4,7
2021-7345,Las Vegas,Hard,32,C,,20211031,11,KA22,,,Dayne Kelly,R,,AUS,31.274,463,78,B0CI,,,Christopher Bulus,R,183,NGR,20.934,,,6-3 6-2,3,R32,96,2,3,71,46,35,10,9,10,11,0,0,59,39,22,8,8,8,12
2021-7345,Las Vegas,Hard,32,C,,20211031,12,K0AZ,,,Aleksandar Kovacevic,R,183,USA,23.173,352,127,E865,,,Christopher Eubanks,R,201,USA,25.489,179,385,6-1 3-6 7-6(5),3,R32,113,7,4,88,47,41,23,14,2,4,8,7,100,60,43,18,14,3,6
2021-7345,Las Vegas,Hard,32,C,,20211031,13,KE64,,,Stefan Kozlov,R,183,USA,23.745,247,244,MP13,,,Mukund Sasikumar,R,185,IND,24.794,392,106,6-2 6-4,3,R32,85,1,5,54,37,27,6,9,1,3,2,5,76,35,22,17,9,7,12
2021-7345,Las Vegas,Hard,32,C,,20211031,14,KB95,,,Jason Kubler,R,178,AUS,28.452,214,308,WB08,,,Yosuke Watanuki,R,180,JPN,23.554,245,245,6-7(5) 6-0 7-6(6),3,R32,157,3,8,105,69,52,16,15,7,9,8,7,95,51,33,21,15,4,9
2021-7345,Las Vegas,Hard,32,C,,20211031,15,MP01,,,Michael Mmoh,R,188,USA,23.806,224,288,CF10,,,Nick Chappell,L,178,USA,29.114,335,141,6-2 6-1,3,R32,61,1,3,40,24,17,12,7,2,3,1,3,58,27,16,8,8,5,11
2021-7345,Las Vegas,Hard,32,C,,20211031,16,W09G,,,J.J. Wolf,R,183,USA,22.861,195,349,M0HU,,,Shintaro Mochizuki,R,175,JPN,18.415,393,105,6-3 7-5,3,R32,105,6,3,85,47,35,19,11,8,9,2,8,68,36,25,14,10,5,8
2021-7345,Las Vegas,Hard,32,C,,20211031,17,W09G,,,J.J. Wolf,R,183,USA,22.861,195,349,KB09,2,,Denis Kudla,R,180,USA,29.205,90,807,4-6 6-3 6-0,3,R16,103,18,6,83,47,35,18,13,6,9,3,4,66,41,25,9,12,1,7
2021-7345,Las Vegas,Hard,32,C,,20211031,18,K0AZ,,,Aleksandar Kovacevic,R,183,USA,23.173,352,127,AE14,4,,Daniel Altmaier,R,188,GER,23.135,111,717,7-6(7) 6-3,3,R16,105,10,4,81,44,35,14,10,7,8,6,5,76,47,30,12,11,4,7
2021-7345,Las Vegas,Hard,32,C,,20211031,19,DA81,5,,Taro Daniel,R,191,JPN,28.758,120,654,I230,,,Tatsuma Ito,R,180,JPN,33.454,271,210,6-2 6-1,3,R16,68,2,1,50,31,23,12,8,3,4,0,3,37,20,10,4,7,1,6
2021-7345,Las Vegas,Hard,32,C,,20211031,20,GA36,7,,Emilio Gomez,R,185,ECU,29.925,149,447,KB95,,,Jason Kubler,R,178,AUS,28.452,214,308,2-6 6-0 7-6(8),3,R16,131,3,4,88,44,30,23,13,8,11,5,7,93,55,34,16,13,9,13
2021-7345,Las Vegas,Hard,32,C,,20211031,21,E873,,,Ernesto Escobedo,R,185,MEX,25.325,161,422,KD35,,,Thai-Son Kwiatkowski,R,188,USA,26.713,232,275,7-5 6-2,3,R16,90,4,2,66,42,30,17,10,4,4,12,8,74,41,32,12,10,5,8
2021-7345,Las Vegas,Hard,32,C,,20211031,22,KE64,,,Stefan Kozlov,R,183,USA,23.745,247,244,M0CW,,,Aidan McHugh,R,180,GBR,21.311,374,117,6-2 5-7 7-6(13),3,R16,203,9,8,106,61,45,23,16,2,6,2,3,127,80,54,19,16,4,9
2021-7345,Las Vegas,Hard,32,C,,20211031,23,MP01,,,Michael Mmoh,R,188,USA,23.806,224,288,V832,,,Aleksandar Vukic,R,188,AUS,25.569,193,357,6-4 6-4,3,R16,71,2,3,53,40,29,9,10,1,2,3,6,59,33,25,10,10,2,5
2021-7345,Las Vegas,Hard,32,C,,20211031,24,TC12,,,Mikael Torpegaard,R,193,DEN,27.483,217,300,KA22,,,Dayne Kelly,R,,AUS,31.274,463,78,6-2 6-3,3,R16,70,3,0,47,28,23,8,8,3,4,4,1,54,33,18,6,9,7,12
2021-7345,Las Vegas,Hard,32,C,,20211031,25,K0AZ,,,Aleksandar Kovacevic,R,183,USA,23.173,352,127,DA81,5,,Taro Daniel,R,191,JPN,28.758,120,654,6-3 6-2,3,QF,80,8,3,48,22,17,15,8,0,1,5,1,66,41,24,9,9,4,9
2021-7345,Las Vegas,Hard,32,C,,20211031,26,KE64,,,Stefan Kozlov,R,183,USA,23.745,247,244,GA36,7,,Emilio Gomez,R,185,ECU,29.925,149,447,7-6(3) 6-4,3,QF,121,4,3,74,48,33,15,11,4,6,5,1,80,50,32,12,11,6,9
2021-7345,Las Vegas,Hard,32,C,,20211031,27,MP01,,,Michael Mmoh,R,188,USA,23.806,224,288,TC12,,,Mikael Torpegaard,R,193,DEN,27.483,217,300,6-1 6-7(5) 6-1,3,QF,105,6,5,79,50,40,15,14,0,1,4,9,71,31,20,17,12,3,8
2021-7345,Las Vegas,Hard,32,C,,20211031,28,W09G,,,J.J. Wolf,R,183,USA,22.861,195,349,E873,,,Ernesto Escobedo,R,185,MEX,25.325,161,422,6-3 6-3,3,QF,62,17,2,50,35,32,6,9,0,0,4,3,50,33,23,7,9,3,6
2021-7345,Las Vegas,Hard,32,C,,20211031,29,KE64,,,Stefan Kozlov,R,183,USA,23.745,247,244,K0AZ,,,Aleksandar Kovacevic,R,183,USA,23.173,352,127,6-2 6-4,3,SF,70,2,3,47,24,21,16,9,2,2,3,4,58,31,24,8,9,5,8
2021-7345,Las Vegas,Hard,32,C,,20211031,30,W09G,,,J.J. Wolf,R,183,USA,22.861,195,349,MP01,,,Michael Mmoh,R,188,USA,23.806,224,288,6-3 6-2,3,SF,84,7,3,69,37,29,16,9,6,6,6,5,52,34,23,6,8,5,8
2021-7345,Las Vegas,Hard,32,C,,20211031,31,W09G,,,J.J. Wolf,R,183,USA,22.861,195,349,KE64,,,Stefan Kozlov,R,183,USA,23.745,247,244,6-4 6-4,3,F,100,2,3,60,39,31,11,10,1,2,2,4,78,47,28,16,10,6,9
2021-7793,Ismaning,Hard,32,C,,20211031,1,F0BT,,,Jonas Forejtek,R,183,CZE,20.643,310,164,TC61,1,,Jordan Thompson,R,183,AUS,27.532,71,930,5-7 6-2 6-2,3,R32,136,6,2,102,66,47,18,14,10,12,8,5,99,53,40,18,14,5,10
2021-7793,Ismaning,Hard,32,C,,20211031,2,MN13,,,Maximilian Marterer,L,188,GER,26.379,204,334,V708,2,,Jiri Vesely,L,198,CZE,28.309,78,897,7-6(8) 6-4,3,R32,91,9,1,65,39,32,15,11,0,1,15,6,84,58,43,10,11,6,8
2021-7793,Ismaning,Hard,32,C,,20211031,3,SA93,3,,Andreas Seppi,R,191,ITA,37.692,98,767,K839,,,Tobias Kamke,R,178,GER,35.447,249,240,7-5 6-3,3,R32,74,9,3,74,40,33,17,11,2,2,1,2,52,28,23,13,10,1,3
2021-7793,Ismaning,Hard,32,C,,20211031,4,V942,,,Tim van Rijthoven,R,188,NED,24.52,237,265,H997,4,,Yannick Hanfmann,R,193,GER,29.966,127,594,5-7 7-6(4) 6-4,3,R32,132,14,3,105,71,54,18,17,1,3,11,6,108,54,42,31,17,8,10
2021-7793,Ismaning,Hard,32,C,,20211031,5,O449,5,,Oscar Otte,R,193,GER,28.293,135,512,H756,,,Robin Haase,R,191,NED,34.571,230,279,6-7(4) 6-4 6-4,3,R32,112,27,4,110,73,58,17,16,4,5,12,5,103,69,55,14,16,3,6
2021-7793,Ismaning,Hard,32,C,,20211031,6,M0FH,6,,Tomas Machac,R,183,CZE,21.049,136,509,CG33,,,Kimmer Coppejans,R,178,BEL,27.729,213,312,6-4 6-2,3,R32,56,9,2,48,32,27,10,9,0,0,4,5,51,27,19,11,9,2,5
2021-7793,Ismaning,Hard,32,C,,20211031,7,C0BC,7,,Maxime Cressy,R,201,USA,24.482,141,494,MI01,,,Hiroki Moriya,R,168,JPN,31.042,320,151,6-3 7-5,3,R32,80,20,5,58,39,35,10,11,0,0,2,5,62,38,26,12,10,4,6
2021-7793,Ismaning,Hard,32,C,,20211031,8,HB64,8,,Quentin Halys,R,191,FRA,25.013,148,448,MN20,,,Daniel Masur,R,183,GER,26.984,246,244,6-4 5-7 6-3,3,R32,133,24,5,107,58,44,25,15,9,11,9,8,114,68,43,23,16,11,15
2021-7793,Ismaning,Hard,32,C,,20211031,9,BC65,,,Matthias Bachinger,R,188,GER,34.582,269,213,CH05,,,Altug Celikbilek,R,183,TUR,25.147,164,419,6-3 6-1,3,R32,57,7,4,45,24,21,12,8,2,2,3,8,58,29,18,11,8,6,10
2021-7793,Ismaning,Hard,32,C,,20211031,10,BE54,,,Ruben Bemelmans,L,183,BEL,33.796,221,292,S0AK,,,Henri Squire,R,196,GER,21.092,614,44,6-3 6-4,3,R32,55,11,2,56,38,32,12,10,4,4,7,4,46,25,20,10,9,3,5
2021-7793,Ismaning,Hard,32,C,,20211031,11,L797,,,Lukas Lacko,R,188,SVK,33.993,212,315,CA99,,,Marius Copil,R,191,ROU,31.039,294,179,7-6(8) 7-6(4),3,R32,99,7,9,89,49,38,20,12,4,6,16,4,82,55,43,12,12,1,3
2021-7793,Ismaning,Hard,32,C,,20211031,12,LB51,,,Julian Lenz,R,188,GER,28.701,314,161,I306,,,Cem Ilkel,R,185,TUR,26.196,160,426,6-7(5) 7-5 6-1,3,R32,142,14,5,112,69,52,16,16,7,10,8,5,106,61,40,19,15,11,17
2021-7793,Ismaning,Hard,32,C,,20211031,13,MH16,,,Yannick Maden,R,185,GER,32.008,291,181,MJ71,,,Mats Moraing,L,198,GER,29.363,154,433,W/O,3,R32,0,,,,,,,,,,,,,,,,,,
2021-7793,Ismaning,Hard,32,C,,20211031,14,RH62,,,Mats Rosenkranz,L,193,GER,23.19,394,105,HH06,,,Marc-Andrea Huesler,L,196,SUI,25.352,189,365,6-7(2) 6-2 7-6(0),3,R32,115,15,6,108,68,55,20,16,10,11,24,5,99,64,54,13,16,6,9
2021-7793,Ismaning,Hard,32,C,,20211031,15,V0AM,,,Otto Virtanen,R,193,FIN,20.361,377,113,R0ED,,,Max Hans Rehberg,R,183,GER,18.133,982,12,7-5 6-2,3,R32,62,11,4,62,37,25,16,10,2,3,1,5,56,36,21,11,10,3,7
2021-7793,Ismaning,Hard,32,C,,20211031,16,Z09D,,,Kacper Zuk,R,183,POL,22.776,163,421,SS25,,,Vitaliy Sachko,R,188,UKR,24.298,244,246,6-2 6-4,3,R32,66,3,0,52,37,30,9,9,4,4,5,4,56,32,20,12,9,2,5
2021-7793,Ismaning,Hard,32,C,,20211031,17,Z09D,,,Kacper Zuk,R,183,POL,22.776,163,421,SA93,3,,Andreas Seppi,R,191,ITA,37.692,98,767,4-6 6-4 7-6(4),3,R16,123,14,0,103,66,47,20,16,4,8,9,2,100,51,40,20,16,3,7
2021-7793,Ismaning,Hard,32,C,,20211031,18,O449,5,,Oscar Otte,R,193,GER,28.293,135,512,LB51,,,Julian Lenz,R,188,GER,28.701,314,161,6-3 6-4,3,R16,69,13,3,59,35,32,11,10,2,2,5,6,61,33,28,9,9,2,4
2021-7793,Ismaning,Hard,32,C,,20211031,19,L797,,,Lukas Lacko,R,188,SVK,33.993,212,315,M0FH,6,,Tomas Machac,R,183,CZE,21.049,136,509,6-7(2) 6-4 7-6(2),3,R16,137,15,7,111,70,56,18,17,2,3,15,3,108,59,47,26,17,5,7
2021-7793,Ismaning,Hard,32,C,,20211031,20,C0BC,7,,Maxime Cressy,R,201,USA,24.482,141,494,V0AM,,,Otto Virtanen,R,193,FIN,20.361,377,113,7-6(5) 3-6 7-5,3,R16,138,19,10,109,67,47,24,16,6,9,17,4,105,61,47,25,17,3,6
2021-7793,Ismaning,Hard,32,C,,20211031,21,HB64,8,,Quentin Halys,R,191,FRA,25.013,148,448,BE54,,,Ruben Bemelmans,L,183,BEL,33.796,221,292,7-6(8) 6-7(5) 6-4,3,R16,142,33,5,118,75,61,21,17,12,13,12,6,119,79,57,23,17,2,4
2021-7793,Ismaning,Hard,32,C,,20211031,22,BC65,,,Matthias Bachinger,R,188,GER,34.582,269,213,V942,,,Tim van Rijthoven,R,188,NED,24.52,237,265,6-7(4) 6-4 6-2,3,R16,119,12,3,98,55,47,25,15,9,9,15,1,97,65,51,15,15,4,7
2021-7793,Ismaning,Hard,32,C,,20211031,23,F0BT,,,Jonas Forejtek,R,183,CZE,20.643,310,164,MH16,,,Yannick Maden,R,185,GER,32.008,291,181,7-6(3) 3-6 6-1,3,R16,107,13,2,85,64,43,15,14,3,5,1,3,92,61,37,19,14,0,3
2021-7793,Ismaning,Hard,32,C,,20211031,24,MN13,,,Maximilian Marterer,L,188,GER,26.379,204,334,RH62,,,Mats Rosenkranz,L,193,GER,23.19,394,105,6-3 7-6(3),3,R16,78,13,6,69,39,33,18,11,3,3,13,7,73,46,32,12,10,7,8
2021-7793,Ismaning,Hard,32,C,,20211031,25,O449,5,,Oscar Otte,R,193,GER,28.293,135,512,MN13,,,Maximilian Marterer,L,188,GER,26.379,204,334,3-6 6-3 7-6(5),3,QF,127,22,13,117,73,58,17,15,5,6,9,4,100,60,49,18,15,4,5
2021-7793,Ismaning,Hard,32,C,,20211031,26,C0BC,7,,Maxime Cressy,R,201,USA,24.482,141,494,Z09D,,,Kacper Zuk,R,183,POL,22.776,163,421,6-7(7) 6-4 7-6(4),3,QF,140,32,6,106,68,59,24,17,1,1,8,2,104,60,45,33,17,1,2
2021-7793,Ismaning,Hard,32,C,,20211031,27,HB64,8,,Quentin Halys,R,191,FRA,25.013,148,448,F0BT,,,Jonas Forejtek,R,183,CZE,20.643,310,164,3-6 6-2 6-2,3,QF,79,19,7,61,33,30,15,12,0,1,7,3,84,56,43,9,13,8,12
2021-7793,Ismaning,Hard,32,C,,20211031,28,L797,,,Lukas Lacko,R,188,SVK,33.993,212,315,BC65,,,Matthias Bachinger,R,188,GER,34.582,269,213,7-5 3-6 6-4,3,QF,129,13,7,113,64,49,20,15,12,14,16,5,111,70,53,15,16,7,10
2021-7793,Ismaning,Hard,32,C,,20211031,29,O449,5,,Oscar Otte,R,193,GER,28.293,135,512,C0BC,7,,Maxime Cressy,R,201,USA,24.482,141,494,7-5 2-6 7-6(5),3,SF,112,18,4,92,46,41,25,16,2,4,26,11,86,57,49,15,16,0,1
2021-7793,Ismaning,Hard,32,C,,20211031,30,L797,,,Lukas Lacko,R,188,SVK,33.993,212,315,HB64,8,,Quentin Halys,R,191,FRA,25.013,148,448,6-1 7-6(5),3,SF,66,4,3,66,40,32,15,10,6,6,13,7,57,32,24,12,9,1,3
2021-7793,Ismaning,Hard,32,C,,20211031,31,O449,5,,Oscar Otte,R,193,GER,28.293,135,512,L797,,,Lukas Lacko,R,188,SVK,33.993,212,315,6-4 6-4,3,F,68,11,0,46,32,29,11,10,0,0,7,4,73,44,33,11,10,5,7
2021-6055,Charlottesville,Hard,32,C,,20211107,1,N0AM,,,Emilio Nava,R,185,USA,19.932,349,127,PD07,1,,Vasek Pospisil,R,193,CAN,31.376,113,697,6-4 4-6 7-6(3),3,R32,147,8,5,101,65,52,19,16,5,6,16,8,118,75,55,21,16,6,7
2021-6055,Charlottesville,Hard,32,C,,20211107,2,GA94,,,Prajnesh Gunneswaran,L,188,IND,31.986,184,369,DA81,2,,Taro Daniel,R,191,JPN,28.778,125,586,6-7(2) 7-6(5) 6-2,3,R32,155,7,3,99,64,49,18,16,4,6,4,4,125,79,47,27,16,9,13
2021-6055,Charlottesville,Hard,32,C,,20211107,3,KB09,,,Denis Kudla,R,180,USA,29.224,89,807,KC12,3,,Mitchell Krueger,R,188,USA,27.819,148,457,6-3 6-2,3,R32,77,4,2,52,33,26,9,9,2,3,4,0,49,24,18,7,8,4,8
2021-6055,Charlottesville,Hard,32,C,,20211107,4,SM25,4,,Jack Sock,R,191,USA,29.12,153,438,TC12,,,Mikael Torpegaard,R,193,DEN,27.502,212,315,6-4 6-4,3,R32,94,9,1,65,30,24,22,10,5,5,1,4,65,36,24,17,10,2,4
2021-6055,Charlottesville,Hard,32,C,,20211107,5,V832,,,Aleksandar Vukic,R,188,AUS,25.588,190,358,PG20,5,,Dmitry Popko,R,191,KAZ,25.038,171,401,6-3 7-5,3,R32,97,9,0,67,42,28,15,11,2,4,4,4,62,30,21,11,10,4,8
2021-6055,Charlottesville,Hard,32,C,,20211107,6,HB05,,,Christian Harrison,R,180,USA,27.444,270,208,J380,6,,Jason Jung,R,180,TPE,32.397,173,396,7-5 6-4,3,R32,99,11,3,72,50,33,12,11,7,10,2,2,70,39,26,11,11,2,7
2021-6055,Charlottesville,Hard,32,C,,20211107,7,KE64,,,Stefan Kozlov,R,183,USA,23.765,224,289,F811,7,,Bjorn Fratangelo,R,183,USA,28.304,172,400,7-5 6-2,3,R32,75,3,1,47,31,27,13,10,0,0,2,3,69,38,23,18,10,8,11
2021-6055,Charlottesville,Hard,32,C,,20211107,8,KD35,,,Thai-Son Kwiatkowski,R,188,USA,26.732,228,280,RA51,8,,Blaz Rola,L,193,SLO,31.091,180,376,7-6(3) 2-6 7-5,3,R32,134,11,5,104,65,46,17,16,5,9,12,1,94,58,39,22,16,3,6
2021-6055,Charlottesville,Hard,32,C,,20211107,9,KB95,,,Jason Kubler,R,178,AUS,28.471,213,314,V0E3,,,Jeffrey Von Der Schulenburg,R,183,SUI,19.732,958,13,7-6(5) 7-5,3,R32,107,3,2,61,30,24,22,12,0,2,4,4,87,56,35,16,12,5,8
2021-6055,Charlottesville,Hard,32,C,,20211107,10,M0NL,,,Inaki Montes-De La Torre,R,178,ESP,19.097,979,12,PB22,,,Peter Polansky,R,183,CAN,33.396,279,196,6-3 4-6 7-6(5),3,R32,160,2,2,93,59,38,20,16,4,9,3,6,112,62,37,25,15,8,13
2021-6055,Charlottesville,Hard,32,C,,20211107,11,SP24,,,Brayden Schnur,R,193,CAN,26.346,243,242,U134,,,Yasutaka Uchiyama,R,183,JPN,29.257,206,321,2-6 6-2 6-0,3,R32,94,6,3,62,37,26,16,11,4,6,2,4,64,36,21,11,11,5,10
2021-6055,Charlottesville,Hard,32,C,,20211107,12,SC47,,,Go Soeda,R,178,JPN,37.172,244,239,I230,,,Tatsuma Ito,R,180,JPN,33.473,283,188,7-6(0) 7-5,3,R32,115,4,1,73,35,27,22,12,2,4,4,5,74,47,32,10,12,4,7
2021-6055,Charlottesville,Hard,32,C,,20211107,13,SK94,,,Cedrik-Marcel Stebe,L,180,GER,31.08,188,360,MP01,,,Michael Mmoh,R,188,USA,23.825,210,317,6-4 6-7(1) 6-2,3,R32,158,0,2,95,54,38,19,15,7,11,5,6,90,51,33,17,15,7,14
2021-6055,Charlottesville,Hard,32,C,,20211107,14,WB08,,,Yosuke Watanuki,R,180,JPN,23.573,245,238,E865,,,Christopher Eubanks,R,201,USA,25.509,179,385,6-2 2-6 6-4,3,R32,115,7,8,87,48,36,17,13,8,11,8,2,82,54,34,12,13,4,8
2021-6055,Charlottesville,Hard,32,C,,20211107,15,W09G,,,J.J. Wolf,R,183,USA,22.88,159,419,D0DT,,,Martin Damm,L,203,USA,18.105,580,52,7-5 6-4,3,R32,77,3,4,59,35,27,12,11,2,4,6,1,57,25,21,13,11,1,5
2021-6055,Charlottesville,Hard,32,C,,20211107,16,W857,,,Tung-Lin Wu,R,188,TPE,23.491,266,214,CF10,,,Nick Chappell,L,178,USA,29.133,335,141,6-4 6-3,3,R32,103,5,2,68,49,32,12,10,6,8,3,3,64,28,16,18,9,2,6
2021-6055,Charlottesville,Hard,32,C,,20211107,17,SM25,4,,Jack Sock,R,191,USA,29.12,153,438,SK94,,,Cedrik-Marcel Stebe,L,180,GER,31.08,188,360,6-2 6-3,3,R16,72,5,1,52,35,27,12,9,1,1,2,3,52,32,20,9,8,3,6
2021-6055,Charlottesville,Hard,32,C,,20211107,18,GA94,,,Prajnesh Gunneswaran,L,188,IND,31.986,184,369,M0NL,,,Inaki Montes-De La Torre,R,178,ESP,19.097,979,12,6-1 7-5,3,R16,85,6,3,50,31,26,11,10,1,2,0,4,67,42,28,7,9,5,9
2021-6055,Charlottesville,Hard,32,C,,20211107,19,KE64,,,Stefan Kozlov,R,183,USA,23.765,224,289,KB95,,,Jason Kubler,R,178,AUS,28.471,213,314,6-3 6-1,3,R16,83,1,1,48,33,23,8,8,4,6,1,3,52,29,14,8,8,4,10
2021-6055,Charlottesville,Hard,32,C,,20211107,20,KD35,,,Thai-Son Kwiatkowski,R,188,USA,26.732,228,280,WB08,,,Yosuke Watanuki,R,180,JPN,23.573,245,238,7-6(4) 6-1,3,R16,77,5,0,60,40,33,15,10,2,2,7,4,57,33,24,13,9,3,5
2021-6055,Charlottesville,Hard,32,C,,20211107,21,N0AM,,,Emilio Nava,R,185,USA,19.932,349,127,SC47,,,Go Soeda,R,178,JPN,37.172,244,239,2-6 7-6(5) 6-2,3,R16,138,5,4,99,64,45,17,14,7,10,3,5,98,53,41,19,14,5,8
2021-6055,Charlottesville,Hard,32,C,,20211107,22,SP24,,,Brayden Schnur,R,193,CAN,26.346,243,242,HB05,,,Christian Harrison,R,180,USA,27.444,270,208,7-6(1) 6-7(4) 7-6(6),3,R16,197,8,3,130,87,64,19,18,7,11,4,3,135,87,55,27,18,8,12
2021-6055,Charlottesville,Hard,32,C,,20211107,23,V832,,,Aleksandar Vukic,R,188,AUS,25.588,190,358,W857,,,Tung-Lin Wu,R,188,TPE,23.491,266,214,3-6 6-3 6-2,3,R16,112,5,2,76,47,39,15,13,3,4,4,2,91,63,40,12,13,9,12
2021-6055,Charlottesville,Hard,32,C,,20211107,24,W09G,,,J.J. Wolf,R,183,USA,22.88,159,419,KB09,,,Denis Kudla,R,180,USA,29.224,89,807,6-2 7-6(5),3,R16,100,6,5,68,36,29,17,10,4,5,2,3,66,38,23,13,10,1,4
2021-6055,Charlottesville,Hard,32,C,,20211107,25,V832,,,Aleksandar Vukic,R,188,AUS,25.588,190,358,SM25,4,,Jack Sock,R,191,USA,29.12,153,438,6-4 7-5,3,QF,98,7,1,68,42,33,14,11,0,1,4,7,67,31,24,15,11,5,8
2021-6055,Charlottesville,Hard,32,C,,20211107,26,KE64,,,Stefan Kozlov,R,183,USA,23.765,224,289,N0AM,,,Emilio Nava,R,185,USA,19.932,349,127,6-4 6-2,3,QF,71,5,3,57,35,24,12,9,2,3,0,1,55,30,16,14,9,4,8
2021-6055,Charlottesville,Hard,32,C,,20211107,27,SP24,,,Brayden Schnur,R,193,CAN,26.346,243,242,GA94,,,Prajnesh Gunneswaran,L,188,IND,31.986,184,369,7-5 6-3,3,QF,93,9,4,67,41,30,13,11,10,12,2,8,71,40,24,15,10,6,10
2021-6055,Charlottesville,Hard,32,C,,20211107,28,W09G,,,J.J. Wolf,R,183,USA,22.88,159,419,KD35,,,Thai-Son Kwiatkowski,R,188,USA,26.732,228,280,7-5 6-4,3,QF,99,11,5,74,43,33,11,11,3,6,4,4,69,36,21,14,11,4,9
2021-6055,Charlottesville,Hard,32,C,,20211107,29,KE64,,,Stefan Kozlov,R,183,USA,23.765,224,289,W09G,,,J.J. Wolf,R,183,USA,22.88,159,419,6-1 6-7(1) 6-0,3,SF,122,6,1,66,47,33,12,12,2,4,4,4,104,62,31,20,13,10,18
2021-6055,Charlottesville,Hard,32,C,,20211107,30,V832,,,Aleksandar Vukic,R,188,AUS,25.588,190,358,SP24,,,Brayden Schnur,R,193,CAN,26.346,243,242,6-4 6-1,3,SF,68,4,0,57,36,23,15,9,2,3,4,2,53,36,23,5,8,3,7
2021-6055,Charlottesville,Hard,32,C,,20211107,31,KE64,,,Stefan Kozlov,R,183,USA,23.765,224,289,V832,,,Aleksandar Vukic,R,188,AUS,25.588,190,358,6-2 6-3,3,F,68,5,3,59,35,27,13,9,5,5,2,0,47,32,19,8,8,5,8
2021-7391,Guayaquil,Clay,32,C,,20211107,1,TE30,,,Alejandro Tabilo,L,188,CHI,24.433,169,407,MU94,1,,Jaume Munar,R,183,ESP,24.509,78,866,6-4 6-2,3,R32,89,5,3,54,35,28,9,9,2,3,1,0,60,47,27,4,9,5,9
2021-7391,Guayaquil,Clay,32,C,,20211107,2,BF23,,,Facundo Bagnis,L,183,ARG,31.693,79,860,CG07,,,Hernan Casanova,R,178,ARG,27.751,339,136,6-2 6-2,3,R32,86,5,1,53,36,29,6,8,6,7,1,1,60,48,23,5,8,6,11
2021-7391,Guayaquil,Clay,32,C,,20211107,3,GE33,3,,Daniel Elahi Galan,R,191,COL,25.388,102,725,M0AW,,,Nicolas Mejia,R,183,COL,21.739,276,201,6-2 7-5,3,R32,93,4,0,65,45,35,8,10,3,4,3,1,56,39,22,8,10,0,4
2021-7391,Guayaquil,Clay,32,C,,20211107,4,KC29,,,Nicolas Kicker,R,178,ARG,29.227,240,245,B0BI,4,,Sebastian Baez,R,170,ARG,20.86,111,706,7-6(3) 4-6 7-5,3,R32,174,0,1,111,83,51,19,17,8,12,1,1,116,84,49,18,17,6,10
2021-7391,Guayaquil,Clay,32,C,,20211107,5,C0AU,5,,Francisco Cerundolo,R,185,ARG,23.236,115,690,KI82,,,Vit Kopriva,R,178,CZE,24.397,193,350,5-7 6-2 6-3,3,R32,133,1,1,85,58,39,12,14,5,9,1,0,95,55,30,19,15,6,13
2021-7391,Guayaquil,Clay,32,C,,20211107,6,SX91,6,,Thiago Seyboth Wild,R,185,BRA,21.662,132,525,CC66,,,Andrea Collarini,L,183,ARG,29.769,257,226,6-3 6-7(3) 6-2,3,R32,164,9,4,95,61,46,22,15,6,6,2,7,108,65,41,24,14,7,10
2021-7391,Guayaquil,Clay,32,C,,20211107,7,DA31,7,,Hugo Dellien,R,180,BOL,28.394,129,546,KD70,,,Pedja Krstin,R,183,SRB,27.179,307,165,6-4 6-2,3,R32,70,4,0,49,40,32,5,9,0,0,4,1,61,34,21,16,9,4,7
2021-7391,Guayaquil,Clay,32,C,,20211107,8,EA24,8,,Tomas Martin Etcheverry,R,196,ARG,22.308,131,526,Q941,,,Roberto Quiroz,L,193,ECU,29.706,290,180,6-1 3-6 7-5,3,R32,149,1,3,84,61,40,10,14,3,7,2,2,93,62,34,16,14,7,13
2021-7391,Guayaquil,Clay,32,C,,20211107,9,AC58,,,Nicolas Alvarez,R,185,PER,25.415,389,104,T0A1,,,Thiago Agustin Tirante,R,185,ARG,20.578,208,320,4-6 7-5 6-3,3,R32,131,0,1,85,63,49,14,16,3,4,10,3,89,58,41,17,15,0,2
2021-7391,Guayaquil,Clay,32,C,,20211107,10,A09U,,,Nicolas Alvarez Varona,R,188,ESP,20.474,403,100,H928,,,Diego Hidalgo,L,180,ECU,28.556,559,56,2-6 6-4 6-3,3,R32,121,1,0,67,43,33,16,14,0,3,5,1,89,62,40,13,13,6,9
2021-7391,Guayaquil,Clay,32,C,,20211107,11,D0C1,,,Jesper de Jong,R,180,NED,21.437,232,276,A887,,,Guido Andreozzi,R,183,ARG,30.259,267,213,3-6 7-6(4) RET,3,R32,121,3,0,67,48,30,11,11,4,8,4,3,88,54,37,16,10,10,12
2021-7391,Guayaquil,Clay,32,C,,20211107,12,SG56,,,Daniel Dutra da Silva,L,,BRA,33.342,508,68,H0A4,,,Nick Hardt,R,185,DOM,21.131,355,126,2-6 7-6(5) 6-0,3,R32,135,5,0,70,49,36,11,13,1,4,1,6,107,71,45,16,13,8,12
2021-7391,Guayaquil,Clay,32,C,,20211107,13,G892,,,Alejandro Gonzalez,R,191,COL,32.747,444,83,GK06,,,Alexis Galarneau,R,180,CAN,22.686,320,149,6-2 6-4,3,R32,87,3,2,52,31,26,12,9,1,1,1,2,54,40,25,6,9,2,5
2021-7391,Guayaquil,Clay,32,C,,20211107,14,J737,,,Facundo Juarez,R,175,ITA,24.123,464,78,D0CG,,,Facundo Diaz Acosta,L,183,ARG,20.895,345,130,3-6 6-4 6-4,3,R32,145,0,2,93,60,32,17,14,5,11,5,1,89,56,34,12,15,3,10
2021-7391,Guayaquil,Clay,32,C,,20211107,15,KC86,,,Darian King,R,188,BAR,29.533,391,103,G0DH,,,Alvaro Guillen Meza,R,175,ECU,18.847,1450,3,0-6 6-3 6-4,3,R32,116,1,0,75,54,34,10,13,2,6,0,5,78,61,37,9,12,4,7
2021-7391,Guayaquil,Clay,32,C,,20211107,16,O482,,,Gonzalo Oliveira,L,185,VEN,26.721,298,171,CF88,,,Roberto Cid Subervi,R,193,DOM,28.189,287,182,6-3 7-6(1),3,R32,,,,,,,,,,,,,,,,,,,
2021-7391,Guayaquil,Clay,32,C,,20211107,17,BF23,,,Facundo Bagnis,L,183,ARG,31.693,79,860,AC58,,,Nicolas Alvarez,R,185,PER,25.415,389,104,6-2 4-6 6-1,3,R16,133,7,1,77,49,36,18,13,2,3,3,2,78,51,31,14,12,9,13
2021-7391,Guayaquil,Clay,32,C,,20211107,18,GE33,3,,Daniel Elahi Galan,R,191,COL,25.388,102,725,J737,,,Facundo Juarez,R,175,ITA,24.123,464,78,6-4 6-3,3,R16,75,2,0,50,40,29,7,10,1,3,0,1,65,54,31,4,9,6,10
2021-7391,Guayaquil,Clay,32,C,,20211107,19,O482,,,Gonzalo Oliveira,L,185,VEN,26.721,298,171,C0AU,5,,Francisco Cerundolo,R,185,ARG,23.236,115,690,6-4 6-3,3,R16,102,2,1,58,43,28,10,9,5,6,3,3,83,51,31,13,10,11,15
2021-7391,Guayaquil,Clay,32,C,,20211107,20,SX91,6,,Thiago Seyboth Wild,R,185,BRA,21.662,132,525,G892,,,Alejandro Gonzalez,R,191,COL,32.747,444,83,7-6(2) 6-0,3,R16,97,5,5,60,42,33,7,9,0,1,4,3,72,47,26,12,9,8,12
2021-7391,Guayaquil,Clay,32,C,,20211107,21,D0C1,,,Jesper de Jong,R,180,NED,21.437,232,276,DA31,7,,Hugo Dellien,R,180,BOL,28.394,129,546,6-1 6-0,3,R16,48,6,0,39,29,24,6,7,1,1,1,2,37,32,11,3,6,2,7
2021-7391,Guayaquil,Clay,32,C,,20211107,22,EA24,8,,Tomas Martin Etcheverry,R,196,ARG,22.308,131,526,A09U,,,Nicolas Alvarez Varona,R,188,ESP,20.474,403,100,6-4 3-6 7-6(4),3,R16,168,6,1,91,60,42,21,15,3,5,4,0,90,57,44,21,16,1,3
2021-7391,Guayaquil,Clay,32,C,,20211107,23,KC29,,,Nicolas Kicker,R,178,ARG,29.227,240,245,SG56,,,Daniel Dutra da Silva,L,,BRA,33.342,508,68,7-6(5) 6-3,3,R16,104,3,0,63,49,35,12,11,2,3,4,0,63,47,30,9,10,1,3
2021-7391,Guayaquil,Clay,32,C,,20211107,24,TE30,,,Alejandro Tabilo,L,188,CHI,24.433,169,407,KC86,,,Darian King,R,188,BAR,29.533,391,103,6-3 6-1,3,R16,59,2,1,48,32,23,8,8,3,4,0,0,43,33,13,6,8,1,6
2021-7391,Guayaquil,Clay,32,C,,20211107,25,EA24,8,,Tomas Martin Etcheverry,R,196,ARG,22.308,131,526,BF23,,,Facundo Bagnis,L,183,ARG,31.693,79,860,6-4 6-0,3,QF,89,2,0,51,34,24,8,8,3,5,2,2,51,33,14,7,8,3,9
2021-7391,Guayaquil,Clay,32,C,,20211107,26,D0C1,,,Jesper de Jong,R,180,NED,21.437,232,276,GE33,3,,Daniel Elahi Galan,R,191,COL,25.388,102,725,6-2 6-7(5) 6-3,3,QF,156,5,2,113,79,59,18,15,8,8,7,2,99,68,46,14,14,5,8
2021-7391,Guayaquil,Clay,32,C,,20211107,27,SX91,6,,Thiago Seyboth Wild,R,185,BRA,21.662,132,525,KC29,,,Nicolas Kicker,R,178,ARG,29.227,240,245,6-4 7-6(8),3,QF,147,7,3,79,50,37,15,11,2,4,3,2,104,75,47,15,11,12,15
2021-7391,Guayaquil,Clay,32,C,,20211107,28,TE30,,,Alejandro Tabilo,L,188,CHI,24.433,169,407,O482,,,Gonzalo Oliveira,L,185,VEN,26.721,298,171,6-4 6-3,3,QF,81,12,0,55,35,27,12,10,0,1,6,2,64,41,27,10,9,4,7
2021-7391,Guayaquil,Clay,32,C,,20211107,29,TE30,,,Alejandro Tabilo,L,188,CHI,24.433,169,407,SX91,6,,Thiago Seyboth Wild,R,185,BRA,21.662,132,525,6-2 7-6(2),3,SF,83,5,1,64,47,36,11,10,3,4,2,6,66,44,26,11,10,6,9
2021-7391,Guayaquil,Clay,32,C,,20211107,30,D0C1,,,Jesper de Jong,R,180,NED,21.437,232,276,EA24,8,,Tomas Martin Etcheverry,R,196,ARG,22.308,131,526,7-5 6-3,3,SF,101,0,2,67,45,34,9,11,4,6,1,1,59,43,26,6,10,0,4
2021-7391,Guayaquil,Clay,32,C,,20211107,31,TE30,,,Alejandro Tabilo,L,188,CHI,24.433,169,407,D0C1,,,Jesper de Jong,R,180,NED,21.437,232,276,6-1 7-5,3,F,80,2,2,50,32,25,10,9,6,8,0,1,60,37,21,7,10,4,10
2021-83,Eckental,Hard,32,C,,20211107,1,TC61,1,,Jordan Thompson,R,183,AUS,27.551,68,930,RH62,,,Mats Rosenkranz,L,193,GER,23.209,376,111,7-5 6-7(2) 7-6(5),3,R32,161,15,2,124,79,59,25,18,7,8,18,6,129,74,58,25,18,8,10
2021-83,Eckental,Hard,32,C,,20211107,2,V708,2,,Jiri Vesely,L,198,CZE,28.329,86,817,F0BT,,,Jonas Forejtek,R,183,CZE,20.663,294,178,6-1 5-7 7-5,3,R32,113,16,5,77,46,39,14,15,0,2,6,5,105,64,45,18,16,9,14
2021-83,Eckental,Hard,32,C,,20211107,3,S0LA,,,Dominic Stricker,L,183,SUI,19.228,258,225,R09X,3,,Jurij Rodionov,L,191,AUT,22.48,140,485,5-7 7-6(5) 6-4,3,R32,134,15,10,109,59,47,26,17,5,7,11,6,113,61,50,25,17,4,6
2021-83,Eckental,Hard,32,C,,20211107,4,MN20,,,Daniel Masur,R,183,GER,27.003,241,244,O449,4,,Oscar Otte,R,193,GER,28.312,126,582,6-2 6-7(3) 6-4,3,R32,122,8,2,102,68,49,18,15,4,5,14,11,94,49,37,20,15,5,9
2021-83,Eckental,Hard,32,C,,20211107,5,M0FH,5,,Tomas Machac,R,183,CZE,21.068,134,513,D0CO,,,Jack Draper,L,193,GBR,19.877,277,198,7-6(5) 4-6 6-4,3,R32,130,9,4,94,60,47,18,16,0,3,14,4,100,66,50,14,16,5,8
2021-83,Eckental,Hard,32,C,,20211107,6,C0BC,6,,Maxime Cressy,R,201,USA,24.501,133,517,HB31,,,Johannes Haerteis,L,196,GER,25.708,407,99,6-7(1) 6-4 6-3,3,R32,122,23,12,91,62,52,11,15,5,6,9,8,110,56,40,29,16,5,9
2021-83,Eckental,Hard,32,C,,20211107,7,MN13,,,Maximilian Marterer,L,188,GER,26.398,199,342,Z09D,8,,Kacper Zuk,R,183,POL,22.795,163,416,6-3 6-4,3,R32,59,10,4,49,27,23,18,10,0,0,4,2,52,27,19,13,9,2,4
2021-83,Eckental,Hard,32,C,,20211107,8,BE67,,,Mirza Basic,R,188,BIH,30.324,247,237,M0BN,,,Marvin Moeller,R,178,GER,22.804,421,93,6-2 7-5,3,R32,92,4,2,69,34,25,17,10,3,5,6,8,82,52,32,9,10,8,13
2021-83,Eckental,Hard,32,C,,20211107,9,BE54,,,Ruben Bemelmans,L,183,BEL,33.815,219,296,SK51,,,Tobias Simon,R,198,GER,30.475,469,77,6-7(6) 6-3 7-5,3,R32,114,15,2,89,58,49,21,16,1,1,16,11,114,59,46,28,17,6,9
2021-83,Eckental,Hard,32,C,,20211107,10,BU54,,,Geoffrey Blancaneaux,R,180,FRA,23.25,278,197,FC26,,,Evan Furness,R,173,FRA,23.236,273,204,6-1 6-1,3,R32,51,7,3,43,25,21,11,7,3,3,1,2,40,18,12,6,7,1,6
2021-83,Eckental,Hard,32,C,,20211107,11,CA99,,,Marius Copil,R,191,ROU,31.058,291,179,SS25,,,Vitaliy Sachko,R,188,UKR,24.318,246,238,2-6 6-2 6-4,3,R32,107,11,3,91,51,31,23,13,6,9,3,4,81,46,32,17,13,4,8
2021-83,Eckental,Hard,32,C,,20211107,12,HH06,,,Marc-Andrea Huesler,L,196,SUI,25.372,186,365,HB67,,,Christopher Heyman,L,188,BEL,28.082,396,102,6-1 6-1,3,R32,44,13,1,34,24,22,6,7,0,0,1,4,43,26,13,4,7,0,5
2021-83,Eckental,Hard,32,C,,20211107,13,MO55,,,Lucas Miedler,R,183,AUT,25.38,304,168,R0ED,,,Max Hans Rehberg,R,183,GER,18.152,983,12,6-3 6-4,3,R32,84,4,2,68,37,25,14,10,6,9,2,8,65,24,15,17,9,5,10
2021-83,Eckental,Hard,32,C,,20211107,14,RB56,,,Ramkumar Ramanathan,R,188,IND,26.998,187,361,SF41,,,Aldin Setkic,R,191,BIH,33.881,420,94,7-6(7) 4-6 6-3,3,R32,118,23,12,101,60,52,17,16,3,5,8,9,97,63,49,17,15,7,9
2021-83,Eckental,Hard,32,C,,20211107,15,S0AK,,,Henri Squire,R,196,GER,21.112,562,55,E928,,,Alexander Erler,R,193,AUT,24.03,325,146,7-6(3) 2-6 7-6(5),3,R32,120,22,4,108,61,43,31,16,4,6,22,2,99,61,51,20,16,0,0
2021-83,Eckental,Hard,32,C,,20211107,16,VA08,,,Andrea Vavassori,R,193,ITA,26.511,295,176,BC65,,,Matthias Bachinger,R,188,GER,34.601,255,228,6-4 3-6 6-3,3,R32,106,16,8,93,43,32,28,14,4,5,5,3,79,45,34,19,14,1,3
2021-83,Eckental,Hard,32,C,,20211107,17,TC61,1,,Jordan Thompson,R,183,AUS,27.551,68,930,BE54,,,Ruben Bemelmans,L,183,BEL,33.815,219,296,6-1 3-1 RET,3,R16,49,9,0,35,24,18,7,6,0,0,1,0,43,36,14,6,5,9,12
2021-83,Eckental,Hard,32,C,,20211107,18,V708,2,,Jiri Vesely,L,198,CZE,28.329,86,817,VA08,,,Andrea Vavassori,R,193,ITA,26.511,295,176,6-4 6-1,3,R16,72,7,2,61,37,32,10,9,4,4,4,5,54,30,18,12,8,5,8
2021-83,Eckental,Hard,32,C,,20211107,19,M0FH,5,,Tomas Machac,R,183,CZE,21.068,134,513,S0AK,,,Henri Squire,R,196,GER,21.112,562,55,6-2 7-6(4),3,R16,84,10,3,67,39,32,17,10,2,2,7,12,84,44,32,17,10,7,9
2021-83,Eckental,Hard,32,C,,20211107,20,C0BC,6,,Maxime Cressy,R,201,USA,24.501,133,517,BU54,,,Geoffrey Blancaneaux,R,180,FRA,23.25,278,197,6-3 6-4,3,R16,85,10,6,50,29,26,14,10,0,0,7,4,71,45,32,12,9,11,13
2021-83,Eckental,Hard,32,C,,20211107,21,HH06,,,Marc-Andrea Huesler,L,196,SUI,25.372,186,365,MO55,,,Lucas Miedler,R,183,AUT,25.38,304,168,3-6 6-2 6-1,3,R16,85,11,1,57,37,31,14,12,1,2,5,4,93,50,34,17,12,7,11
2021-83,Eckental,Hard,32,C,,20211107,22,MN20,,,Daniel Masur,R,183,GER,27.003,241,244,BE67,,,Mirza Basic,R,188,BIH,30.324,247,237,6-3 6-4,3,R16,64,9,1,53,35,29,13,10,1,1,5,4,59,38,28,8,9,1,3
2021-83,Eckental,Hard,32,C,,20211107,23,RB56,,,Ramkumar Ramanathan,R,188,IND,26.998,187,361,MN13,,,Maximilian Marterer,L,188,GER,26.398,199,342,7-5 7-6(4),3,R16,89,10,5,75,41,34,19,12,3,4,8,5,80,40,31,20,12,6,8
2021-83,Eckental,Hard,32,C,,20211107,24,S0LA,,,Dominic Stricker,L,183,SUI,19.228,258,225,CA99,,,Marius Copil,R,191,ROU,31.058,291,179,7-6(3) 6-2,3,R16,67,6,5,64,37,29,14,10,2,4,9,2,63,32,25,10,10,2,6
2021-83,Eckental,Hard,32,C,,20211107,25,HH06,,,Marc-Andrea Huesler,L,196,SUI,25.372,186,365,TC61,1,,Jordan Thompson,R,183,AUS,27.551,68,930,6-3 6-1,3,QF,56,7,2,48,26,19,14,8,4,5,4,1,44,31,17,3,8,2,7
2021-83,Eckental,Hard,32,C,,20211107,26,C0BC,6,,Maxime Cressy,R,201,USA,24.501,133,517,V708,2,,Jiri Vesely,L,198,CZE,28.329,86,817,7-6(0) 7-6(3),3,QF,94,24,5,69,43,37,14,12,1,3,10,6,74,50,37,11,12,1,3
2021-83,Eckental,Hard,32,C,,20211107,27,M0FH,5,,Tomas Machac,R,183,CZE,21.068,134,513,S0LA,,,Dominic Stricker,L,183,SUI,19.228,258,225,6-4 6-4,3,QF,69,8,2,57,37,28,11,10,4,5,8,6,68,42,27,12,10,2,5
2021-83,Eckental,Hard,32,C,,20211107,28,MN20,,,Daniel Masur,R,183,GER,27.003,241,244,RB56,,,Ramkumar Ramanathan,R,188,IND,26.998,187,361,6-3 6-3,3,QF,58,7,2,54,35,28,11,9,2,2,6,2,48,34,21,7,9,1,4
2021-83,Eckental,Hard,32,C,,20211107,29,C0BC,6,,Maxime Cressy,R,201,USA,24.501,133,517,M0FH,5,,Tomas Machac,R,183,CZE,21.068,134,513,6-3 3-6 7-6(5),3,SF,129,15,6,99,60,46,22,15,7,8,7,3,86,55,42,20,15,2,3
2021-83,Eckental,Hard,32,C,,20211107,30,MN20,,,Daniel Masur,R,183,GER,27.003,241,244,HH06,,,Marc-Andrea Huesler,L,196,SUI,25.372,186,365,6-2 6-3,3,SF,69,7,4,47,31,28,9,9,1,1,9,3,68,39,23,13,8,10,13
2021-83,Eckental,Hard,32,C,,20211107,31,MN20,,,Daniel Masur,R,183,GER,27.003,241,244,C0BC,6,,Maxime Cressy,R,201,USA,24.501,133,517,6-4 6-4,3,F,77,6,2,59,41,34,10,10,2,2,9,7,65,39,30,11,10,3,5
2021-854,Bergamo,Hard,32,C,,20211107,1,MV14,1,,Alex Molcan,L,178,SVK,23.934,114,694,SP80,,,Nino Serdarusic,R,191,CRO,24.901,242,244,6-7(4) 6-4 6-2,3,R32,129,10,4,85,57,46,17,15,3,3,9,5,91,52,38,21,15,4,7
2021-854,Bergamo,Hard,32,C,,20211107,2,DB59,2,,Dennis Novak,R,183,AUT,28.194,107,716,MJ01,,,Roberto Marcora,R,193,ITA,32.189,201,338,7-6(4) 7-6(2),3,R32,115,9,1,91,56,44,18,12,3,4,8,2,91,66,42,14,12,3,4
2021-854,Bergamo,Hard,32,C,,20211107,3,R0DG,3,,Holger Rune,R,188,DEN,18.527,118,645,BK19,,,Mathias Bourgue,R,188,FRA,27.803,223,290,6-3 6-4,3,R32,84,5,3,64,43,34,10,10,4,4,6,2,71,51,35,8,9,5,7
2021-854,Bergamo,Hard,32,C,,20211107,4,A829,4,,Radu Albot,R,175,MDA,31.989,127,575,J620,,,Maxime Janvier,R,196,FRA,25.054,218,299,5-7 7-5 6-4,3,R32,132,1,2,94,59,45,23,17,3,4,10,2,95,66,48,20,17,1,3
2021-854,Bergamo,Hard,32,C,,20211107,5,BI23,5,,Liam Broady,L,183,GBR,27.841,121,616,PE02,,,Danilo Petrovic,R,203,SRB,29.788,293,178,6-3 3-6 6-3,3,R32,107,10,5,81,46,35,23,14,5,6,12,10,80,44,34,19,13,3,5
2021-854,Bergamo,Hard,32,C,,20211107,6,KH56,6,,Zdenek Kolar,R,183,CZE,25.079,136,507,K926,,,Mikhail Kukushkin,R,183,KAZ,33.867,177,386,6-3 6-1,3,R32,69,8,0,60,38,26,13,8,2,2,2,0,45,32,16,6,8,2,6
2021-854,Bergamo,Hard,32,C,,20211107,7,M0CI,,,Fabian Marozsan,R,193,HUN,22.084,415,96,MM66,7,,Nikola Milojevic,R,188,SRB,26.387,138,502,4-6 6-1 6-3,3,R32,99,7,1,80,58,43,10,13,3,5,5,7,74,38,26,18,13,7,12
2021-854,Bergamo,Hard,32,C,,20211107,8,D923,8,,Damir Dzumhur,R,175,BIH,29.467,143,477,C0E9,,,Flavio Cobolli,R,183,ITA,19.507,221,295,6-4 7-5,3,R32,78,2,2,72,45,28,13,11,2,6,2,2,64,31,20,11,11,7,13
2021-854,Bergamo,Hard,32,C,,20211107,9,D864,,,Evgeny Donskoy,R,185,RUS,31.499,170,403,GB53,,,Federico Gaio,R,178,ITA,29.676,151,446,6-3 6-3,3,R32,93,3,0,73,44,30,16,9,9,10,2,8,71,35,23,14,9,6,10
2021-854,Bergamo,Hard,32,C,,20211107,10,F840,,,Nerman Fatic,R,191,BIH,27.039,328,145,SK47,,,Mohamed Safwat,R,180,EGY,31.135,194,349,6-4 6-2,3,R32,69,4,1,52,33,27,12,9,4,4,4,0,51,25,14,16,9,2,5
2021-854,Bergamo,Hard,32,C,,20211107,11,HA28,,,Filip Horansky,R,191,SVK,28.832,197,346,P0B2,,,Luca Potenza,R,175,ITA,21.279,615,45,6-4 6-3,3,R32,70,5,1,60,33,28,13,9,4,5,1,1,56,40,25,5,10,1,5
2021-854,Bergamo,Hard,32,C,,20211107,12,I306,,,Cem Ilkel,R,185,TUR,26.215,158,426,K09F,,,Pavel Kotov,R,191,RUS,22.971,272,204,4-6 6-1 7-6(5),3,R32,146,11,0,85,50,36,24,15,3,5,10,1,99,57,40,21,14,5,8
2021-854,Bergamo,Hard,32,C,,20211107,13,L0BV,,,Jiri Lehecka,R,185,CZE,19.997,164,414,GF95,,,Hugo Grenier,R,196,FRA,25.626,183,370,6-3 7-5,3,R32,93,2,2,74,53,37,10,11,6,7,6,1,58,36,24,9,10,1,4
2021-854,Bergamo,Hard,32,C,,20211107,14,ME89,,,Illya Marchenko,R,185,UKR,34.166,154,435,N0BG,,,Luca Nardi,R,185,ITA,18.256,437,86,7-6(1) 6-4,3,R32,99,7,1,60,36,29,18,11,2,3,1,4,80,43,30,19,11,7,9
2021-854,Bergamo,Hard,32,C,,20211107,15,O483,,,Christopher O'Connell,R,183,AUS,27.431,147,467,MH16,,,Yannick Maden,R,185,GER,32.027,288,181,6-3 7-6(5),3,R32,93,9,0,77,59,44,8,11,2,3,3,1,69,43,32,13,10,4,6
2021-854,Bergamo,Hard,32,C,,20211107,16,SC77,,,Sergiy Stakhovsky,R,193,UKR,35.836,227,281,A0FC,,,Matteo Arnaldi,R,185,ITA,20.706,363,121,6-3 6-7(4) 7-6(5),3,R32,156,5,7,103,54,42,28,16,5,7,6,7,122,73,54,22,17,11,15
2021-854,Bergamo,Hard,32,C,,20211107,17,MV14,1,,Alex Molcan,L,178,SVK,23.934,114,694,F840,,,Nerman Fatic,R,191,BIH,27.039,328,145,6-1 6-4,3,R16,76,2,3,57,36,25,15,9,3,3,4,1,48,27,18,8,8,3,6
2021-854,Bergamo,Hard,32,C,,20211107,18,DB59,2,,Dennis Novak,R,183,AUT,28.194,107,716,D864,,,Evgeny Donskoy,R,185,RUS,31.499,170,403,6-3 2-6 6-1,3,R16,91,4,1,88,59,39,12,12,7,10,7,4,66,39,27,9,12,2,7
2021-854,Bergamo,Hard,32,C,,20211107,19,R0DG,3,,Holger Rune,R,188,DEN,18.527,118,645,HA28,,,Filip Horansky,R,191,SVK,28.832,197,346,5-7 6-4 6-2,3,R16,117,6,4,88,57,45,14,15,5,7,6,3,96,71,45,13,15,5,9
2021-854,Bergamo,Hard,32,C,,20211107,20,I306,,,Cem Ilkel,R,185,TUR,26.215,158,426,A829,4,,Radu Albot,R,175,MDA,31.989,127,575,7-5 6-3,3,R16,93,6,1,64,38,28,17,11,3,4,2,1,62,39,27,10,10,3,6
2021-854,Bergamo,Hard,32,C,,20211107,21,BI23,5,,Liam Broady,L,183,GBR,27.841,121,616,ME89,,,Illya Marchenko,R,185,UKR,34.166,154,435,6-4 4-6 6-3,3,R16,133,4,5,94,54,39,24,15,6,8,8,1,84,41,32,21,14,8,11
2021-854,Bergamo,Hard,32,C,,20211107,22,KH56,6,,Zdenek Kolar,R,183,CZE,25.079,136,507,O483,,,Christopher O'Connell,R,183,AUS,27.431,147,467,5-7 7-6(5) 7-5,3,R16,175,13,6,118,71,51,25,18,3,6,2,2,113,70,53,20,18,0,3
2021-854,Bergamo,Hard,32,C,,20211107,23,D923,8,,Damir Dzumhur,R,175,BIH,29.467,143,477,L0BV,,,Jiri Lehecka,R,185,CZE,19.997,164,414,6-4 6-4,3,R16,96,1,4,74,45,25,17,10,7,10,6,0,71,49,27,10,10,7,12
2021-854,Bergamo,Hard,32,C,,20211107,24,M0CI,,,Fabian Marozsan,R,193,HUN,22.084,415,96,SC77,,,Sergiy Stakhovsky,R,193,UKR,35.836,227,281,7-5 6-2,3,R16,68,3,1,54,35,28,10,10,2,4,5,6,56,27,19,10,10,2,7
2021-854,Bergamo,Hard,32,C,,20211107,25,MV14,1,,Alex Molcan,L,178,SVK,23.934,114,694,KH56,6,,Zdenek Kolar,R,183,CZE,25.079,136,507,6-4 6-4,3,QF,93,1,2,69,43,29,14,10,4,6,3,3,53,22,14,13,10,0,4
2021-854,Bergamo,Hard,32,C,,20211107,26,M0CI,,,Fabian Marozsan,R,193,HUN,22.084,415,96,DB59,2,,Dennis Novak,R,183,AUT,28.194,107,716,7-5 6-1,3,QF,77,8,2,60,39,31,10,10,2,3,9,4,70,40,25,12,9,6,10
2021-854,Bergamo,Hard,32,C,,20211107,27,R0DG,3,,Holger Rune,R,188,DEN,18.527,118,645,D923,8,,Damir Dzumhur,R,175,BIH,29.467,143,477,7-6(9) 2-6 6-1,3,QF,120,5,2,82,50,32,13,14,1,7,1,3,78,42,24,21,13,1,7
2021-854,Bergamo,Hard,32,C,,20211107,28,I306,,,Cem Ilkel,R,185,TUR,26.215,158,426,BI23,5,,Liam Broady,L,183,GBR,27.841,121,616,7-5 3-6 6-1,3,QF,124,7,2,84,52,39,18,14,2,4,7,6,94,56,43,15,14,5,9
2021-854,Bergamo,Hard,32,C,,20211107,29,R0DG,3,,Holger Rune,R,188,DEN,18.527,118,645,MV14,1,,Alex Molcan,L,178,SVK,23.934,114,694,7-5 1-6 6-4,3,SF,132,5,2,80,49,32,20,14,4,7,6,0,91,60,42,17,15,8,11
2021-854,Bergamo,Hard,32,C,,20211107,30,I306,,,Cem Ilkel,R,185,TUR,26.215,158,426,M0CI,,,Fabian Marozsan,R,193,HUN,22.084,415,96,7-6(2) 5-7 6-4,3,SF,130,11,2,99,66,55,14,17,3,6,3,7,112,69,51,17,17,3,6
2021-854,Bergamo,Hard,32,C,,20211107,31,R0DG,3,,Holger Rune,R,188,DEN,18.527,118,645,I306,,,Cem Ilkel,R,185,TUR,26.215,158,426,7-5 7-6(6),3,F,131,7,3,87,47,34,24,12,3,4,6,0,82,51,38,16,12,5,7
2021-9623,Tenerife,Hard,32,C,,20211107,1,GJ37,1,,Tallon Griekspoor,R,188,NED,25.35,88,812,KI48,,,Ergi Kirkin,R,180,TUR,22.779,301,169,6-2 6-2,3,R32,68,2,3,46,26,19,14,8,1,2,1,5,52,29,16,10,8,3,8
2021-9623,Tenerife,Hard,32,C,,20211107,2,L397,,,Feliciano Lopez,L,188,ESP,40.131,104,720,S0GD,,,Dalibor Svrcina,R,178,CZE,19.099,314,160,6-4 1-6 6-4,3,R32,115,16,5,95,56,43,15,13,5,8,1,2,81,54,37,16,14,5,8
2021-9623,Tenerife,Hard,32,C,,20211107,3,V306,,,Fernando Verdasco,L,188,ESP,37.979,165,411,MP83,,,Gian Marco Moroni,R,185,ITA,23.732,202,336,6-1 5-7 6-2,3,R32,125,9,6,100,52,34,23,13,7,11,7,7,81,56,34,6,14,2,10
2021-9623,Tenerife,Hard,32,C,,20211107,4,HB64,4,,Quentin Halys,R,191,FRA,25.032,146,470,S0H2,,,Alexander Shevchenko,R,188,KAZ,20.939,358,125,6-7(4) 6-4 6-2,3,R32,142,5,7,113,75,55,14,15,10,12,4,3,88,50,37,17,15,4,9
2021-9623,Tenerife,Hard,32,C,,20211107,5,GG65,,,Michael Geerts,R,178,BEL,26.806,340,135,GA36,5,,Emilio Gomez,R,185,ECU,29.944,149,455,7-5 6-4,3,R32,105,4,4,71,42,29,12,11,4,7,3,1,59,42,25,8,11,1,6
2021-9623,Tenerife,Hard,32,C,,20211107,6,CH05,6,,Altug Celikbilek,R,183,TUR,25.166,160,419,S0GR,,,Timofey Skatov,R,173,KAZ,20.794,264,220,6-3 6-0,3,R32,67,5,1,44,23,14,13,8,3,5,3,2,51,32,14,6,7,1,7
2021-9623,Tenerife,Hard,32,C,,20211107,7,Y218,7,,Elias Ymer,R,185,SWE,25.577,167,409,MI01,,,Hiroki Moriya,R,168,JPN,31.061,322,148,7-6(4) 6-4,3,R32,114,12,5,97,53,35,22,11,10,12,0,3,68,38,25,15,11,2,5
2021-9623,Tenerife,Hard,32,C,,20211107,8,SH90,8,,Joao Sousa,R,185,POR,32.608,150,449,O659,,,Vladyslav Orlov,R,188,UKR,26.478,424,92,5-7 6-3 7-6(1),3,R32,193,0,1,113,65,44,24,17,8,13,1,8,116,73,45,18,16,12,17
2021-9623,Tenerife,Hard,32,C,,20211107,9,BV19,,,Yan Bondarevskiy,L,191,RUS,21.643,468,77,PG94,,,Marc Polmans,R,188,AUS,24.517,198,343,5-7 6-3 6-0,3,R32,130,6,1,93,62,37,19,14,7,10,5,3,88,63,34,11,13,5,11
2021-9623,Tenerife,Hard,32,C,,20211107,10,BT72,,,Nuno Borges,R,185,POR,24.715,263,222,CG33,,,Kimmer Coppejans,R,178,BEL,27.748,214,312,1-6 6-2 6-2,3,R32,113,8,1,85,52,34,16,11,9,12,3,1,90,57,31,17,12,5,10
2021-9623,Tenerife,Hard,32,C,,20211107,11,SN54,,,Frederico Ferreira Silva,L,178,POR,26.642,217,301,I0A7,,,Nicholas David Ionel,R,,ROU,19.072,445,83,6-1 6-0,3,R32,69,3,2,47,31,23,9,7,3,3,0,1,54,44,20,3,6,8,13
2021-9623,Tenerife,Hard,32,C,,20211107,12,GA79,,,Lorenzo Giustino,R,180,ITA,30.16,211,316,R0FP,,,Daniel Rincon,L,185,ESP,18.834,988,12,6-3 7-5,3,R32,94,5,5,71,41,34,16,11,5,5,8,0,62,42,31,9,10,3,5
2021-9623,Tenerife,Hard,32,C,,20211107,13,GH33,,,Manuel Guinard,R,198,FRA,25.979,251,233,F586,,,Thomas Fabbiano,R,173,ITA,32.452,222,290,6-2 3-6 6-4,3,R32,139,7,4,111,55,36,30,14,11,14,3,3,81,51,35,15,13,8,12
2021-9623,Tenerife,Hard,32,C,,20211107,14,KB54,,,Andrey Kuznetsov,R,183,RUS,30.708,281,192,J09X,,,Filip Cristian Jianu,R,180,ROU,20.137,324,147,6-4 6-2,3,R32,83,5,2,61,31,19,18,9,5,7,4,0,56,33,19,7,9,3,8
2021-9623,Tenerife,Hard,32,C,,20211107,15,PH78,,,Ryan Peniston,L,180,GBR,25.993,316,158,DA86,,,Joris De Loore,R,191,BEL,28.548,696,33,5-7 6-3 6-3,3,R32,156,0,2,89,71,49,10,15,5,8,5,7,121,84,49,18,15,12,17
2021-9623,Tenerife,Hard,32,C,,20211107,16,T0AP,,,Chun-Hsin Tseng,R,175,TPE,20.249,248,237,CI14,,,Jay Clarke,R,183,GBR,23.283,203,330,6-2 7-6(5),3,R32,84,3,1,58,37,25,10,10,1,4,0,4,64,36,21,12,10,3,8
2021-9623,Tenerife,Hard,32,C,,20211107,17,GJ37,1,,Tallon Griekspoor,R,188,NED,25.35,88,812,BV19,,,Yan Bondarevskiy,L,191,RUS,21.643,468,77,6-4 6-4,3,R16,95,4,7,68,36,25,16,10,6,8,2,4,79,47,24,16,10,10,14
2021-9623,Tenerife,Hard,32,C,,20211107,18,L397,,,Feliciano Lopez,L,188,ESP,40.131,104,720,SN54,,,Frederico Ferreira Silva,L,178,POR,26.642,217,301,7-6(3) 6-3,3,R16,100,14,3,70,33,28,23,11,2,2,3,0,65,45,34,9,10,1,2
2021-9623,Tenerife,Hard,32,C,,20211107,19,V306,,,Fernando Verdasco,L,188,ESP,37.979,165,411,GA79,,,Lorenzo Giustino,R,180,ITA,30.16,211,316,6-2 6-2,3,R16,63,6,1,44,30,25,10,8,0,0,0,4,50,26,17,9,8,5,9
2021-9623,Tenerife,Hard,32,C,,20211107,20,KB54,,,Andrey Kuznetsov,R,183,RUS,30.708,281,192,HB64,4,,Quentin Halys,R,191,FRA,25.032,146,470,6-3 7-6(6),3,R16,90,3,4,66,39,32,15,10,0,1,5,3,78,50,35,13,11,3,6
2021-9623,Tenerife,Hard,32,C,,20211107,21,CH05,6,,Altug Celikbilek,R,183,TUR,25.166,160,419,T0AP,,,Chun-Hsin Tseng,R,175,TPE,20.249,248,237,5-7 6-3 7-6(3),3,R16,174,9,11,122,66,43,28,17,9,14,5,4,108,62,38,25,16,9,14
2021-9623,Tenerife,Hard,32,C,,20211107,22,BT72,,,Nuno Borges,R,185,POR,24.715,263,222,Y218,7,,Elias Ymer,R,185,SWE,25.577,167,409,7-5 6-4,3,R16,89,3,0,57,38,30,16,11,2,2,5,4,72,39,28,16,11,5,7
2021-9623,Tenerife,Hard,32,C,,20211107,23,SH90,8,,Joao Sousa,R,185,POR,32.608,150,449,GH33,,,Manuel Guinard,R,198,FRA,25.979,251,233,7-5 6-0,3,R16,80,1,1,54,36,26,8,9,2,4,1,4,59,26,16,9,9,4,10
2021-9623,Tenerife,Hard,32,C,,20211107,24,PH78,,,Ryan Peniston,L,180,GBR,25.993,316,158,GG65,,,Michael Geerts,R,178,BEL,26.806,340,135,7-5 4-6 7-6(3),3,R16,195,3,3,115,86,51,16,17,8,13,3,3,104,56,32,27,17,7,12
2021-9623,Tenerife,Hard,32,C,,20211107,25,GJ37,1,,Tallon Griekspoor,R,188,NED,25.35,88,812,CH05,6,,Altug Celikbilek,R,183,TUR,25.166,160,419,6-3 7-5,3,QF,91,10,4,71,41,33,13,10,6,7,3,1,68,35,20,19,11,7,11
2021-9623,Tenerife,Hard,32,C,,20211107,26,L397,,,Feliciano Lopez,L,188,ESP,40.131,104,720,PH78,,,Ryan Peniston,L,180,GBR,25.993,316,158,6-2 6-7(5) 6-1,3,QF,133,9,3,83,45,35,24,14,3,4,1,1,92,65,43,10,13,6,11
2021-9623,Tenerife,Hard,32,C,,20211107,27,V306,,,Fernando Verdasco,L,188,ESP,37.979,165,411,BT72,,,Nuno Borges,R,185,POR,24.715,263,222,6-3 7-6(3),3,QF,83,5,3,65,40,30,18,11,3,4,2,1,56,38,24,12,10,0,2
2021-9623,Tenerife,Hard,32,C,,20211107,28,KB54,,,Andrey Kuznetsov,R,183,RUS,30.708,281,192,SH90,8,,Joao Sousa,R,185,POR,32.608,150,449,7-6(6) 6-3,3,QF,98,9,0,70,43,30,14,10,5,6,4,2,70,40,28,13,11,2,5
2021-9623,Tenerife,Hard,32,C,,20211107,29,GJ37,1,,Tallon Griekspoor,R,188,NED,25.35,88,812,V306,,,Fernando Verdasco,L,188,ESP,37.979,165,411,7-6(5) 6-7(7) 6-3,3,SF,155,8,5,119,86,64,13,17,4,7,7,3,104,76,50,16,16,4,8
2021-9623,Tenerife,Hard,32,C,,20211107,30,L397,,,Feliciano Lopez,L,188,ESP,40.131,104,720,KB54,,,Andrey Kuznetsov,R,183,RUS,30.708,281,192,6-1 7-6(3),3,SF,81,6,2,59,39,33,11,10,1,2,3,3,71,37,25,15,9,10,13
2021-9623,Tenerife,Hard,32,C,,20211107,31,GJ37,1,,Tallon Griekspoor,R,188,NED,25.35,88,812,L397,,,Feliciano Lopez,L,188,ESP,40.131,104,720,6-4 6-4,3,F,78,9,1,61,43,34,7,10,5,6,5,4,65,40,27,12,10,5,8
2021-363,Knoxville,Hard,32,C,,20211114,1,PB22,,,Peter Polansky,R,183,CAN,33.415,280,193,SL08,1,,Tennys Sandgren,R,188,USA,30.316,94,773,3-6 7-6(3) 7-6(4),3,R32,146,9,3,114,71,51,25,16,7,8,26,10,108,60,50,26,17,7,7
2021-363,Knoxville,Hard,32,C,,20211114,2,AE14,2,,Daniel Altmaier,R,188,GER,23.173,105,717,W09E,,,Adam Walton,R,183,AUS,22.579,1205,6,6-3 6-2,3,R32,70,11,6,64,32,26,15,9,4,5,1,4,43,25,16,7,8,2,6
2021-363,Knoxville,Hard,32,C,,20211114,3,E865,,,Christopher Eubanks,R,201,USA,25.528,178,385,PD07,3,,Vasek Pospisil,R,193,CAN,31.395,114,674,2-6 6-2 6-3,3,R32,83,12,2,72,50,38,12,13,3,5,16,4,71,41,32,13,12,2,5
2021-363,Knoxville,Hard,32,C,,20211114,4,KC12,4,,Mitchell Krueger,R,188,USA,27.838,147,457,I230,,,Tatsuma Ito,R,180,JPN,33.492,282,188,7-6(4) 6-3,3,R32,85,10,1,63,36,30,22,11,1,1,3,3,59,38,32,10,10,0,1
2021-363,Knoxville,Hard,32,C,,20211114,5,SM25,5,,Jack Sock,R,191,USA,29.139,149,453,K0AZ,,,Aleksandar Kovacevic,R,183,USA,23.211,345,129,7-6(4) 7-5,3,R32,92,9,3,73,41,35,21,12,2,2,11,4,74,43,36,17,12,2,3
2021-363,Knoxville,Hard,32,C,,20211114,6,HB05,,,Christian Harrison,R,180,USA,27.463,263,219,W09G,6,,J.J. Wolf,R,183,USA,22.899,152,441,6-2 6-3,3,R32,69,8,1,53,34,25,11,8,4,4,3,2,52,27,17,10,9,1,5
2021-363,Knoxville,Hard,32,C,,20211114,7,M0CW,,,Aidan McHugh,R,180,GBR,21.35,358,126,PG20,7,,Dmitry Popko,R,191,KAZ,25.057,170,401,6-4 7-5,3,R32,107,4,1,60,42,31,10,11,3,5,8,5,86,39,19,26,11,10,14
2021-363,Knoxville,Hard,32,C,,20211114,8,F811,8,,Bjorn Fratangelo,R,183,USA,28.323,171,400,WB08,,,Yosuke Watanuki,R,180,JPN,23.592,305,165,6-4 7-6(5),3,R32,105,7,1,74,54,40,11,11,4,4,7,3,89,45,34,22,11,5,6
2021-363,Knoxville,Hard,32,C,,20211114,9,BO10,,,Gijs Brouwer,L,191,NED,25.67,413,96,AB71,,,JC Aragone,R,178,USA,26.382,347,128,5-7 6-2 7-5,3,R32,125,6,1,95,73,51,14,16,2,4,16,12,98,60,48,13,16,6,10
2021-363,Knoxville,Hard,32,C,,20211114,10,GA94,,,Prajnesh Gunneswaran,L,188,IND,32.005,180,379,TC12,,,Mikael Torpegaard,R,193,DEN,27.521,211,315,6-2 7-6(2),3,R32,82,7,0,64,40,28,17,10,4,5,4,1,60,38,21,14,10,2,5
2021-363,Knoxville,Hard,32,C,,20211114,11,J380,,,Jason Jung,R,180,TPE,32.416,173,396,KB95,,,Jason Kubler,R,178,AUS,28.49,208,320,6-4 6-1,3,R32,72,6,1,51,33,25,11,9,0,1,3,0,56,38,21,6,8,8,12
2021-363,Knoxville,Hard,32,C,,20211114,12,KE64,,,Stefan Kozlov,R,183,USA,23.784,188,366,V832,,,Aleksandar Vukic,R,188,AUS,25.607,172,399,6-3 4-6 7-5,3,R32,138,4,5,96,57,40,23,16,3,5,8,2,92,61,43,16,15,3,6
2021-363,Knoxville,Hard,32,C,,20211114,13,MP01,,,Michael Mmoh,R,188,USA,23.844,246,237,U134,,,Yasutaka Uchiyama,R,183,JPN,29.276,205,321,7-5 6-3,3,R32,104,4,6,67,45,32,12,11,2,4,5,0,81,53,33,9,10,6,10
2021-363,Knoxville,Hard,32,C,,20211114,14,N0AM,,,Emilio Nava,R,185,USA,19.951,332,141,Y124,,,Donald Young,L,183,USA,32.312,435,88,6-3 6-2,3,R32,65,9,2,56,35,27,13,9,1,1,1,1,48,29,18,9,8,4,7
2021-363,Knoxville,Hard,32,C,,20211114,15,RA51,,,Blaz Rola,L,193,SLO,31.11,185,368,KD35,,,Thai-Son Kwiatkowski,R,188,USA,26.752,223,292,6-3 7-6(5),3,R32,92,15,1,70,50,39,8,11,0,1,6,2,73,45,28,17,10,5,7
2021-363,Knoxville,Hard,32,C,,20211114,16,SC47,,,Go Soeda,R,178,JPN,37.191,251,231,J267,,,Malek Jaziri,R,185,TUN,37.818,299,170,6-4 7-6(6),3,R32,114,3,1,78,49,34,14,11,4,6,11,2,71,38,25,16,11,5,8
2021-363,Knoxville,Hard,32,C,,20211114,17,AE14,2,,Daniel Altmaier,R,188,GER,23.173,105,717,RA51,,,Blaz Rola,L,193,SLO,31.11,185,368,7-6(3) 6-4,3,R16,116,12,1,72,43,35,15,11,5,6,6,3,82,49,33,15,11,5,7
2021-363,Knoxville,Hard,32,C,,20211114,18,MP01,,,Michael Mmoh,R,188,USA,23.844,246,237,KC12,4,,Mitchell Krueger,R,188,USA,27.838,147,457,7-6(4) 1-6 6-2,3,R16,127,8,3,89,64,47,12,13,7,9,5,1,86,58,41,17,14,2,4
2021-363,Knoxville,Hard,32,C,,20211114,19,SM25,5,,Jack Sock,R,191,USA,29.139,149,453,GA94,,,Prajnesh Gunneswaran,L,188,IND,32.005,180,379,6-3 7-6(1),3,R16,97,11,8,76,41,34,18,11,4,5,4,7,85,45,34,14,10,13,15
2021-363,Knoxville,Hard,32,C,,20211114,20,F811,8,,Bjorn Fratangelo,R,183,USA,28.323,171,400,BO10,,,Gijs Brouwer,L,191,NED,25.67,413,96,6-3 3-6 6-3,3,R16,109,6,1,98,60,43,20,14,7,9,10,3,71,42,30,16,13,1,4
2021-363,Knoxville,Hard,32,C,,20211114,21,E865,,,Christopher Eubanks,R,201,USA,25.528,178,385,SC47,,,Go Soeda,R,178,JPN,37.191,251,231,6-3 2-6 7-6(4),3,R16,111,23,3,84,63,51,12,15,3,5,3,4,87,51,38,21,14,2,3
2021-363,Knoxville,Hard,32,C,,20211114,22,HB05,,,Christian Harrison,R,180,USA,27.463,263,219,J380,,,Jason Jung,R,180,TPE,32.416,173,396,3-6 7-6(3) 4-2 RET,3,R16,128,10,1,79,45,34,19,13,1,4,5,3,103,72,45,19,14,8,11
2021-363,Knoxville,Hard,32,C,,20211114,23,M0CW,,,Aidan McHugh,R,180,GBR,21.35,358,126,KE64,,,Stefan Kozlov,R,183,USA,23.784,188,366,6-4 6-4,3,R16,103,0,2,77,60,40,7,10,6,8,4,4,70,44,28,10,10,4,8
2021-363,Knoxville,Hard,32,C,,20211114,24,N0AM,,,Emilio Nava,R,185,USA,19.951,332,141,PB22,,,Peter Polansky,R,183,CAN,33.415,280,193,2-6 7-6(2) RET,3,R16,87,16,2,63,48,36,9,10,3,5,3,1,69,37,27,21,10,4,4
2021-363,Knoxville,Hard,32,C,,20211114,25,AE14,2,,Daniel Altmaier,R,188,GER,23.173,105,717,SM25,5,,Jack Sock,R,191,USA,29.139,149,453,3-6 7-5 7-6(2),3,QF,133,8,2,77,50,46,20,16,0,1,6,6,106,62,48,25,17,0,1
2021-363,Knoxville,Hard,32,C,,20211114,26,F811,8,,Bjorn Fratangelo,R,183,USA,28.323,171,400,N0AM,,,Emilio Nava,R,185,USA,19.951,332,141,6-4 6-4,3,QF,69,5,2,50,31,26,14,10,0,0,6,3,67,49,32,10,10,5,7
2021-363,Knoxville,Hard,32,C,,20211114,27,E865,,,Christopher Eubanks,R,201,USA,25.528,178,385,HB05,,,Christian Harrison,R,180,USA,27.463,263,219,6-3 7-6(9),3,QF,81,10,3,72,50,41,10,11,1,2,11,1,68,44,31,14,10,3,5
2021-363,Knoxville,Hard,32,C,,20211114,28,MP01,,,Michael Mmoh,R,188,USA,23.844,246,237,M0CW,,,Aidan McHugh,R,180,GBR,21.35,358,126,3-6 6-3 6-1,3,QF,133,5,3,75,48,35,14,13,3,6,1,4,83,53,27,16,12,9,14
2021-363,Knoxville,Hard,32,C,,20211114,29,AE14,2,,Daniel Altmaier,R,188,GER,23.173,105,717,MP01,,,Michael Mmoh,R,188,USA,23.844,246,237,3-6 6-3 6-4,3,SF,124,13,6,80,49,41,16,14,3,4,4,2,91,64,44,14,14,6,8
2021-363,Knoxville,Hard,32,C,,20211114,30,E865,,,Christopher Eubanks,R,201,USA,25.528,178,385,F811,8,,Bjorn Fratangelo,R,183,USA,28.323,171,400,7-5 7-5,3,SF,75,12,3,64,42,34,10,12,1,3,2,2,67,41,29,10,12,4,8
2021-363,Knoxville,Hard,32,C,,20211114,31,E865,,,Christopher Eubanks,R,201,USA,25.528,178,385,AE14,2,,Daniel Altmaier,R,188,GER,23.173,105,717,6-3 6-4,3,F,72,8,3,50,39,36,4,10,0,0,8,2,67,45,31,9,9,6,8
2021-544,Montevideo,Clay,32,C,,20211114,1,CE77,1,,Federico Coria,R,180,ARG,29.684,70,887,CC66,,,Andrea Collarini,L,183,ARG,29.788,265,215,6-3 5-7 6-3,3,R32,159,4,2,96,68,44,12,15,5,9,0,7,96,50,31,22,15,8,14
2021-544,Montevideo,Clay,32,C,,20211114,2,MU94,2,,Jaume Munar,R,183,ESP,24.528,89,798,MJ98,,,Facundo Mena,R,183,ARG,29.144,213,315,6-1 6-2,3,R32,70,1,2,41,34,28,5,8,0,0,1,2,54,30,15,11,7,3,7
2021-544,Montevideo,Clay,32,C,,20211114,3,BF23,3,,Facundo Bagnis,L,183,ARG,31.713,78,860,V821,,,Gonzalo Villanueva,R,175,ARG,26.836,450,82,6-1 7-6(4),3,R32,119,2,3,77,50,33,18,10,5,6,1,5,77,48,31,10,9,7,10
2021-544,Montevideo,Clay,32,C,,20211114,4,MJ08,4,,Thiago Monteiro,L,183,BRA,27.458,95,773,O376,,,Renzo Olivo,R,178,ARG,29.667,190,358,6-7(2) 6-2 7-6(4),3,R32,170,0,1,110,75,49,20,16,7,11,4,5,113,68,43,22,16,9,15
2021-544,Montevideo,Clay,32,C,,20211114,5,LB84,,,Juan Ignacio Londero,R,180,ARG,28.249,159,427,C0AU,5,,Francisco Cerundolo,R,185,ARG,23.255,112,690,6-4 4-6 6-2,3,R32,113,4,4,92,64,41,15,14,7,11,6,4,78,56,34,7,14,5,11
2021-544,Montevideo,Clay,32,C,,20211114,6,V836,6,,Juan Pablo Varillas,R,185,PER,26.108,126,567,R0BT,,,Franco Roncadelli,L,185,URU,21.771,1402,4,6-3 6-1,3,R32,86,2,2,50,26,20,15,8,0,0,0,1,61,39,23,7,8,6,10
2021-544,Montevideo,Clay,32,C,,20211114,7,DA31,7,,Hugo Dellien,R,180,BOL,28.413,130,540,L0CI,,,Francisco Llanes,R,178,URU,19.581,1256,5,6-2 6-4,3,R32,91,0,1,62,47,29,8,9,6,8,0,2,50,34,17,7,9,3,8
2021-544,Montevideo,Clay,32,C,,20211114,8,EA24,8,,Tomas Martin Etcheverry,R,196,ARG,22.327,129,547,O660,,,Genaro Alberto Olivieri,R,175,ARG,23.28,348,128,6-1 6-4,3,R32,95,1,0,63,49,35,8,9,4,4,3,1,47,30,17,9,8,3,6
2021-544,Montevideo,Clay,32,C,,20211114,9,CG04,,,Pedro Cachin,R,185,ARG,26.593,258,223,A887,,,Guido Andreozzi,R,183,ARG,30.278,266,213,4-6 6-3 6-3,3,R32,158,8,2,103,63,40,22,14,8,12,0,0,92,54,30,19,14,8,14
2021-544,Montevideo,Clay,32,C,,20211114,10,CG07,,,Hernan Casanova,R,178,ARG,27.77,338,136,MW75,,,Felipe Meligeni Alves,R,185,BRA,23.734,182,375,6-3 7-6(3),3,R32,102,0,1,66,42,26,16,10,4,6,0,1,81,59,31,14,11,6,10
2021-544,Montevideo,Clay,32,C,,20211114,11,C0DF,,,Francisco Comesana,R,178,ARG,21.106,523,63,J737,,,Facundo Juarez,R,175,ITA,24.142,388,106,6-4 7-5,3,R32,93,2,2,63,36,26,17,11,0,1,0,2,67,58,39,4,11,7,10
2021-544,Montevideo,Clay,32,C,,20211114,12,FA43,,,Juan Pablo Ficovich,R,188,ARG,24.805,273,201,CC98,,,Martin Cuevas,R,191,URU,29.834,505,67,6-3 6-2,3,R32,80,1,0,49,29,21,10,8,1,3,1,5,63,32,16,12,9,4,10
2021-544,Montevideo,Clay,32,C,,20211114,13,P0DF,,,Matheus Pucinelli De Almeida,R,183,BRA,20.621,272,201,BS86,,,Tomas Barrios Vera,R,191,CHI,23.929,141,479,6-4 7-5,3,R32,128,0,1,70,47,26,13,11,0,4,2,3,88,55,26,18,11,9,15
2021-544,Montevideo,Clay,32,C,,20211114,14,RH59,,,Santiago Rodriguez Taverna,R,191,ARG,22.333,355,126,T0A1,,,Thiago Agustin Tirante,R,185,ARG,20.597,212,315,4-6 6-3 7-6(3),3,R32,149,3,3,101,64,43,22,16,8,12,5,1,101,67,43,17,15,4,8
2021-544,Montevideo,Clay,32,C,,20211114,15,S0GR,,,Timofey Skatov,R,173,KAZ,20.813,262,220,TE30,,,Alejandro Tabilo,L,188,CHI,24.452,140,480,6-3 6-4,3,R32,94,0,3,68,52,31,7,9,0,3,2,2,56,34,17,8,10,2,8
2021-544,Montevideo,Clay,32,C,,20211114,16,U182,,,Camilo Ugo Carabelli,R,185,ARG,22.412,216,304,D0FJ,,,Luciano Darderi,R,183,ITA,19.748,463,78,3-6 6-3 6-4,3,R32,126,3,1,83,60,43,11,14,5,8,7,4,76,39,26,19,14,3,7
2021-544,Montevideo,Clay,32,C,,20211114,17,CE77,1,,Federico Coria,R,180,ARG,29.684,70,887,P0DF,,,Matheus Pucinelli De Almeida,R,183,BRA,20.621,272,201,6-0 6-3,3,R16,81,0,3,52,33,23,11,8,6,7,0,1,57,41,20,5,7,8,13
2021-544,Montevideo,Clay,32,C,,20211114,18,MU94,2,,Jaume Munar,R,183,ESP,24.528,89,798,CG04,,,Pedro Cachin,R,185,ARG,26.593,258,223,6-4 7-6(4),3,R16,130,0,3,71,59,33,4,11,3,8,2,1,82,53,28,11,11,1,7
2021-544,Montevideo,Clay,32,C,,20211114,19,BF23,3,,Facundo Bagnis,L,183,ARG,31.713,78,860,C0DF,,,Francisco Comesana,R,178,ARG,21.106,523,63,6-4 7-5,3,R16,114,0,2,75,50,34,11,11,4,7,4,2,79,52,32,10,11,8,13
2021-544,Montevideo,Clay,32,C,,20211114,20,MJ08,4,,Thiago Monteiro,L,183,BRA,27.458,95,773,FA43,,,Juan Pablo Ficovich,R,188,ARG,24.805,273,201,6-1 6-2,3,R16,88,0,1,70,55,35,6,8,7,8,0,1,52,33,18,6,7,6,11
2021-544,Montevideo,Clay,32,C,,20211114,21,RH59,,,Santiago Rodriguez Taverna,R,191,ARG,22.333,355,126,V836,6,,Juan Pablo Varillas,R,185,PER,26.108,126,567,3-6 7-6(4) 7-6(6),3,R16,210,8,3,134,74,46,32,16,2,6,7,3,123,70,49,26,17,4,7
2021-544,Montevideo,Clay,32,C,,20211114,22,DA31,7,,Hugo Dellien,R,180,BOL,28.413,130,540,S0GR,,,Timofey Skatov,R,173,KAZ,20.813,262,220,6-4 4-6 6-3,3,R16,165,1,2,102,78,43,15,15,12,18,0,3,92,69,32,14,14,6,13
2021-544,Montevideo,Clay,32,C,,20211114,23,U182,,,Camilo Ugo Carabelli,R,185,ARG,22.412,216,304,EA24,8,,Tomas Martin Etcheverry,R,196,ARG,22.327,129,547,4-6 6-2 7-5,3,R16,184,1,3,109,88,49,13,15,6,11,0,1,100,76,41,10,15,5,12
2021-544,Montevideo,Clay,32,C,,20211114,24,LB84,,,Juan Ignacio Londero,R,180,ARG,28.249,159,427,CG07,,,Hernan Casanova,R,178,ARG,27.77,338,136,6-4 6-2,3,R16,73,0,2,54,35,22,10,9,6,9,0,0,50,36,17,4,9,3,9
2021-544,Montevideo,Clay,32,C,,20211114,25,CE77,1,,Federico Coria,R,180,ARG,29.684,70,887,RH59,,,Santiago Rodriguez Taverna,R,191,ARG,22.333,355,126,6-3 6-4,3,QF,86,0,2,61,51,34,7,10,3,4,4,2,63,35,26,10,9,6,9
2021-544,Montevideo,Clay,32,C,,20211114,26,MU94,2,,Jaume Munar,R,183,ESP,24.528,89,798,U182,,,Camilo Ugo Carabelli,R,185,ARG,22.412,216,304,6-4 6-1,3,QF,102,1,1,60,50,31,5,9,4,6,2,1,57,36,18,8,8,4,9
2021-544,Montevideo,Clay,32,C,,20211114,27,DA31,7,,Hugo Dellien,R,180,BOL,28.413,130,540,BF23,3,,Facundo Bagnis,L,183,ARG,31.713,78,860,7-6(4) 4-1 RET,3,QF,87,2,2,64,48,30,7,9,5,8,3,2,49,33,20,5,8,3,7
2021-544,Montevideo,Clay,32,C,,20211114,28,LB84,,,Juan Ignacio Londero,R,180,ARG,28.249,159,427,MJ08,4,,Thiago Monteiro,L,183,BRA,27.458,95,773,6-3 7-6(1),3,QF,106,4,0,68,46,37,9,11,3,5,1,3,69,51,32,9,10,6,9
2021-544,Montevideo,Clay,32,C,,20211114,29,DA31,7,,Hugo Dellien,R,180,BOL,28.413,130,540,CE77,1,,Federico Coria,R,180,ARG,29.684,70,887,2-6 7-6(5) 7-6(4),3,SF,195,1,1,130,96,57,13,16,12,19,2,2,112,78,44,19,16,9,14
2021-544,Montevideo,Clay,32,C,,20211114,30,LB84,,,Juan Ignacio Londero,R,180,ARG,28.249,159,427,MU94,2,,Jaume Munar,R,183,ESP,24.528,89,798,0-6 6-4 6-4,3,SF,124,0,5,78,47,27,16,13,3,8,2,5,81,65,40,6,13,7,11
2021-544,Montevideo,Clay,32,C,,20211114,31,DA31,7,,Hugo Dellien,R,180,BOL,28.413,130,540,LB84,,,Juan Ignacio Londero,R,180,ARG,28.249,159,427,6-0 6-1,3,F,61,0,0,34,17,15,13,7,0,0,0,1,43,19,9,9,6,3,8
2021-6204,Ortisei,Hard,32,C,,20211114,1,O449,1,,Oscar Otte,R,193,GER,28.331,125,581,MJ01,,,Roberto Marcora,R,193,ITA,32.208,201,330,7-6(1) 7-6(4),3,R32,74,19,1,61,42,41,17,12,0,0,7,2,66,47,42,11,12,0,0
2021-6204,Ortisei,Hard,32,C,,20211114,2,C0BC,2,,Maxime Cressy,R,201,USA,24.52,128,550,V942,,,Tim van Rijthoven,R,188,NED,24.559,242,243,7-6(6) 7-5,3,R32,86,13,4,67,48,45,12,12,0,0,23,0,69,46,39,13,12,3,4
2021-6204,Ortisei,Hard,32,C,,20211114,3,HB64,3,,Quentin Halys,R,191,FRA,25.051,150,448,N0BG,,,Luca Nardi,R,185,ITA,18.275,458,79,6-4 6-3,3,R32,67,14,2,55,39,28,10,9,4,5,2,4,62,35,26,10,10,5,9
2021-6204,Ortisei,Hard,32,C,,20211114,4,D0CO,,,Jack Draper,L,193,GBR,19.896,278,195,GA36,4,,Emilio Gomez,R,185,ECU,29.963,148,455,6-4 6-2,3,R32,70,7,3,53,34,30,9,9,4,4,4,5,49,25,19,10,9,4,7
2021-6204,Ortisei,Hard,32,C,,20211114,5,GB53,5,,Federico Gaio,R,178,ITA,29.695,151,446,KI74,,,Nicola Kuhn,R,185,GER,21.654,239,248,6-3 7-6(5),3,R32,85,11,2,54,32,27,18,10,0,0,10,3,73,44,33,16,11,5,7
2021-6204,Ortisei,Hard,32,C,,20211114,6,SS25,,,Vitaliy Sachko,R,188,UKR,24.337,245,238,V306,6,,Fernando Verdasco,L,188,ESP,37.999,153,440,7-6(6) 4-6 6-3,3,R32,130,9,4,119,82,61,16,16,8,9,14,1,89,51,40,23,15,5,6
2021-6204,Ortisei,Hard,32,C,,20211114,7,HH06,7,,Marc-Andrea Huesler,L,196,SUI,25.391,181,376,MP83,,,Gian Marco Moroni,R,185,ITA,23.751,200,336,6-4 7-6(1),3,R32,79,12,5,66,34,26,18,11,3,5,5,8,70,44,32,10,11,8,11
2021-6204,Ortisei,Hard,32,C,,20211114,8,F840,,,Nerman Fatic,R,191,BIH,27.058,317,154,G983,8,,Alessandro Giannessi,L,185,ITA,31.461,191,357,6-7(6) 6-3 7-5,3,R32,145,15,5,106,71,56,20,17,3,4,8,4,110,71,49,20,16,5,8
2021-6204,Ortisei,Hard,32,C,,20211114,9,BC65,,,Matthias Bachinger,R,188,GER,34.62,260,222,SK51,,,Tobias Simon,R,198,GER,30.494,461,79,6-3 6-7(9) 7-6(6),3,R32,124,11,2,100,73,64,18,17,0,0,29,6,118,79,62,21,16,4,5
2021-6204,Ortisei,Hard,32,C,,20211114,10,BE67,,,Mirza Basic,R,188,BIH,30.344,244,240,KD87,,,Evgeny Karlovskiy,R,191,RUS,27.272,295,175,6-4 6-3,3,R32,65,5,0,43,28,23,13,9,0,0,9,2,70,37,26,15,10,8,11
2021-6204,Ortisei,Hard,32,C,,20211114,11,CA99,,,Marius Copil,R,191,ROU,31.077,283,186,WB19,,,Alexander Weis,R,188,ITA,24.559,493,71,6-4 7-6(5),3,R32,80,7,3,65,37,34,17,11,3,3,8,3,68,45,37,11,11,1,2
2021-6204,Ortisei,Hard,32,C,,20211114,12,GH92,,,Borna Gojo,R,196,CRO,23.713,281,191,MN20,,,Daniel Masur,R,183,GER,27.023,204,322,6-4 7-6(4),3,R32,86,10,1,64,44,37,12,11,2,2,8,6,77,46,38,12,11,2,3
2021-6204,Ortisei,Hard,32,C,,20211114,13,MO55,,,Lucas Miedler,R,183,AUT,25.399,297,172,A0FC,,,Matteo Arnaldi,R,185,ITA,20.726,363,123,7-6(9) 6-0,3,R32,71,5,0,55,42,35,9,9,1,1,5,3,60,33,22,14,9,1,4
2021-6204,Ortisei,Hard,32,C,,20211114,14,PH78,,,Ryan Peniston,L,180,GBR,26.012,301,169,CJ60,,,Alexandr Cozbinov,R,188,MDA,26.549,652,39,6-3 6-2,3,R32,62,3,5,54,40,31,7,9,3,4,5,7,48,23,17,6,8,5,9
2021-6204,Ortisei,Hard,32,C,,20211114,15,Q941,,,Roberto Quiroz,L,193,ECU,29.725,290,180,T0AP,,,Chun-Hsin Tseng,R,175,TPE,20.268,249,234,4-6 6-3 6-4,3,R32,127,8,1,103,72,52,17,15,6,7,7,5,88,54,40,17,14,2,4
2021-6204,Ortisei,Hard,32,C,,20211114,16,S0LA,,,Dominic Stricker,L,183,SUI,19.247,243,240,V490,,,Matteo Viola,R,185,ITA,34.357,294,178,6-4 3-6 7-5,3,R32,90,13,3,84,55,41,19,15,3,5,6,6,90,63,46,12,16,3,6
2021-6204,Ortisei,Hard,32,C,,20211114,17,O449,1,,Oscar Otte,R,193,GER,28.331,125,581,BC65,,,Matthias Bachinger,R,188,GER,34.62,260,222,6-3 6-1,3,R16,47,10,3,40,23,20,13,8,1,1,1,2,46,25,16,8,8,4,8
2021-6204,Ortisei,Hard,32,C,,20211114,18,C0BC,2,,Maxime Cressy,R,201,USA,24.52,128,550,Q941,,,Roberto Quiroz,L,193,ECU,29.725,290,180,7-6(3) 6-4,3,R16,88,15,5,67,44,36,15,11,2,2,7,0,64,43,31,12,11,0,1
2021-6204,Ortisei,Hard,32,C,,20211114,19,BE67,,,Mirza Basic,R,188,BIH,30.344,244,240,HB64,3,,Quentin Halys,R,191,FRA,25.051,150,448,7-6(12) 6-3,3,R16,77,4,1,71,50,43,15,11,2,2,14,5,65,36,31,18,10,0,1
2021-6204,Ortisei,Hard,32,C,,20211114,20,GB53,5,,Federico Gaio,R,178,ITA,29.695,151,446,S0LA,,,Dominic Stricker,L,183,SUI,19.247,243,240,7-6(5) 7-6(2),3,R16,93,20,7,85,54,47,11,12,2,3,12,4,81,49,35,19,12,4,5
2021-6204,Ortisei,Hard,32,C,,20211114,21,PH78,,,Ryan Peniston,L,180,GBR,26.012,301,169,HH06,7,,Marc-Andrea Huesler,L,196,SUI,25.391,181,376,7-6(1) 6-4,3,R16,90,3,2,70,48,36,13,11,7,9,12,4,89,56,36,14,11,11,14
2021-6204,Ortisei,Hard,32,C,,20211114,22,CA99,,,Marius Copil,R,191,ROU,31.077,283,186,F840,,,Nerman Fatic,R,191,BIH,27.058,317,154,7-6(1) 6-2,3,R16,80,5,5,61,29,22,19,10,4,6,5,7,62,32,21,11,10,0,4
2021-6204,Ortisei,Hard,32,C,,20211114,23,D0CO,,,Jack Draper,L,193,GBR,19.896,278,195,MO55,,,Lucas Miedler,R,183,AUT,25.399,297,172,6-4 7-6(1),3,R16,72,18,3,59,35,34,15,11,0,0,19,2,62,43,36,10,11,1,2
2021-6204,Ortisei,Hard,32,C,,20211114,24,SS25,,,Vitaliy Sachko,R,188,UKR,24.337,245,238,GH92,,,Borna Gojo,R,196,CRO,23.713,281,191,6-2 6-4,3,R16,66,2,0,53,37,28,8,9,0,1,5,7,54,27,18,11,9,2,6
2021-6204,Ortisei,Hard,32,C,,20211114,25,O449,1,,Oscar Otte,R,193,GER,28.331,125,581,PH78,,,Ryan Peniston,L,180,GBR,26.012,301,169,6-2 6-4,3,QF,64,8,1,41,32,29,7,9,0,0,3,2,66,42,28,9,9,6,9
2021-6204,Ortisei,Hard,32,C,,20211114,26,C0BC,2,,Maxime Cressy,R,201,USA,24.52,128,550,CA99,,,Marius Copil,R,191,ROU,31.077,283,186,7-6(8) 6-4,3,QF,90,13,7,63,46,45,8,11,0,0,11,5,74,46,34,19,11,2,3
2021-6204,Ortisei,Hard,32,C,,20211114,27,D0CO,,,Jack Draper,L,193,GBR,19.896,278,195,GB53,5,,Federico Gaio,R,178,ITA,29.695,151,446,6-7(6) 7-6(5) 6-2,3,QF,137,14,5,99,61,48,19,16,0,2,11,2,102,58,42,22,16,6,10
2021-6204,Ortisei,Hard,32,C,,20211114,28,BE67,,,Mirza Basic,R,188,BIH,30.344,244,240,SS25,,,Vitaliy Sachko,R,188,UKR,24.337,245,238,7-6(3) 3-6 6-2,3,QF,107,7,4,84,54,44,19,14,2,3,7,0,88,63,45,15,15,3,5
2021-6204,Ortisei,Hard,32,C,,20211114,29,O449,1,,Oscar Otte,R,193,GER,28.331,125,581,D0CO,,,Jack Draper,L,193,GBR,19.896,278,195,7-6(3) 6-4,3,SF,86,19,1,65,46,39,12,11,2,2,10,2,71,39,33,14,11,1,2
2021-6204,Ortisei,Hard,32,C,,20211114,30,C0BC,2,,Maxime Cressy,R,201,USA,24.52,128,550,BE67,,,Mirza Basic,R,188,BIH,30.344,244,240,7-5 6-2,3,SF,66,9,1,44,31,30,10,10,0,0,10,1,62,40,26,12,10,3,6
2021-6204,Ortisei,Hard,32,C,,20211114,31,O449,1,,Oscar Otte,R,193,GER,28.331,125,581,C0BC,2,,Maxime Cressy,R,201,USA,24.52,128,550,7-6(5) 6-4,3,F,93,13,4,74,49,40,16,11,8,8,15,3,73,54,43,7,11,6,7
2021-9625,Roanne,Hard,32,C,,20211114,1,SO20,,,Jelle Sels,R,188,NED,26.264,397,102,PD31,,,Benoit Paire,R,196,FRA,32.52,46,1245,7-6(4) 3-6 6-4,3,R32,110,6,1,97,63,46,20,16,5,8,10,8,105,59,46,23,15,7,9
2021-9625,Roanne,Hard,32,C,,20211114,2,G628,2,,Richard Gasquet,R,183,FRA,35.409,74,877,GA79,,,Lorenzo Giustino,R,180,ITA,30.179,210,316,6-4 6-3,3,R32,84,4,3,57,23,20,16,9,5,7,3,3,69,40,23,12,10,4,9
2021-9625,Roanne,Hard,32,C,,20211114,3,GH33,,,Manuel Guinard,R,198,FRA,25.999,247,236,V708,3,,Jiri Vesely,L,198,CZE,28.348,84,822,7-5 3-2 RET,3,R32,55,6,1,37,18,18,14,8,0,0,10,3,46,29,23,8,9,1,3
2021-9625,Roanne,Hard,32,C,,20211114,4,Y268,4,,Mikael Ymer,R,185,SWE,23.181,93,782,BU54,,,Geoffrey Blancaneaux,R,180,FRA,23.269,275,199,4-6 6-4 6-3,3,R32,136,1,6,100,64,41,12,14,8,14,1,7,85,50,25,17,15,6,14
2021-9625,Roanne,Hard,32,C,,20211114,5,K0BJ,,,Georgii Kravchenko,R,180,UKR,21.298,433,89,L949,5,,Henri Laaksonen,R,185,SUI,29.624,99,751,6-4 6-4,3,R32,83,3,1,59,39,29,14,10,1,1,8,5,66,36,27,12,10,2,4
2021-9625,Roanne,Hard,32,C,,20211114,6,A829,7,,Radu Albot,R,175,MDA,32.008,134,521,V495,,,Luca Vanni,R,198,ITA,36.446,530,62,6-2 6-3,3,R32,67,2,3,53,35,25,12,9,1,1,1,0,49,22,14,14,8,1,4
2021-9625,Roanne,Hard,32,C,,20211114,7,F586,,,Thomas Fabbiano,R,173,ITA,32.471,224,290,HA71,8,,Antoine Hoang,R,183,FRA,26.029,168,408,6-4 6-7(3) 6-4,3,R32,184,2,4,136,83,51,27,16,7,11,10,5,104,62,44,15,16,5,11
2021-9625,Roanne,Hard,32,C,,20211114,8,GF95,9,,Hugo Grenier,R,196,FRA,25.645,184,370,J620,,,Maxime Janvier,R,196,FRA,25.073,219,299,6-7(6) 6-3 6-4,3,R32,135,11,2,90,51,44,22,16,2,3,3,3,96,50,36,27,15,6,9
2021-9625,Roanne,Hard,32,C,,20211114,9,A622,,,Andrea Arnaboldi,L,180,ITA,33.884,277,197,HB48,,,Calvin Hemery,R,191,FRA,26.795,399,101,7-5 6-4,3,R32,102,1,1,61,31,25,18,11,3,5,4,2,75,40,28,14,11,5,9
2021-9625,Roanne,Hard,32,C,,20211114,10,BK19,,,Mathias Bourgue,R,188,FRA,27.822,226,287,O659,,,Vladyslav Orlov,R,188,UKR,26.497,416,95,6-3 6-2,3,R32,75,10,2,49,25,23,15,9,1,1,1,0,52,43,27,3,8,4,7
2021-9625,Roanne,Hard,32,C,,20211114,11,C0H0,,,Arthur Cazaux,R,183,FRA,19.228,300,170,CG32,,,Julien Cagnina,R,183,BEL,27.447,829,21,6-2 6-2,3,R32,64,10,1,44,25,23,10,8,1,1,1,4,60,34,22,7,8,4,8
2021-9625,Roanne,Hard,32,C,,20211114,12,CG33,,,Kimmer Coppejans,R,178,BEL,27.767,214,312,J0AZ,,,Kyrian Jacquet,R,175,FRA,20.512,309,163,6-4 6-2,3,R32,76,2,1,51,29,22,15,9,2,3,3,3,75,44,31,8,9,7,11
2021-9625,Roanne,Hard,32,C,,20211114,13,D0HD,,,Gabriel Debru,R,193,FRA,15.899,,,PH64,,,Andrea Pellegrino,R,185,ITA,24.646,220,296,4-6 6-2 6-3,3,R32,100,0,2,83,46,32,16,13,5,9,5,2,96,54,37,25,14,9,11
2021-9625,Roanne,Hard,32,C,,20211114,14,KB54,,,Andrey Kuznetsov,R,183,RUS,30.727,261,221,MP20,,,Alexandre Muller,R,183,FRA,24.783,209,316,6-2 7-5,3,R32,84,2,0,50,30,24,13,10,3,5,4,2,78,51,31,8,10,8,13
2021-9625,Roanne,Hard,32,C,,20211114,15,MI01,,,Hiroki Moriya,R,168,JPN,31.08,346,129,RC04,,,Alexander Ritschard,R,193,SUI,27.644,257,223,3-6 6-3 7-6(7),3,R32,155,4,4,112,62,45,21,15,9,13,12,2,102,61,46,16,15,6,10
2021-9625,Roanne,Hard,32,C,,20211114,16,M0GZ,,,Giovanni Mpetshi Perricard,R,203,FRA,18.355,639,40,D916,,,Steven Diez,R,175,CAN,30.664,259,222,7-6(3) 4-6 6-3,3,R32,155,14,4,98,57,42,14,15,7,12,4,14,129,66,40,28,16,9,15
2021-9625,Roanne,Hard,32,C,,20211114,17,C0H0,,,Arthur Cazaux,R,183,FRA,19.228,300,170,G628,2,,Richard Gasquet,R,183,FRA,35.409,74,877,5-7 6-3 6-4,3,R16,150,18,1,113,61,45,25,16,9,12,4,3,79,38,27,24,15,0,4
2021-9625,Roanne,Hard,32,C,,20211114,18,BK19,,,Mathias Bourgue,R,188,FRA,27.822,226,287,Y268,4,,Mikael Ymer,R,185,SWE,23.181,93,782,6-0 4-6 6-4,3,R16,115,7,2,72,46,38,13,13,2,3,1,1,83,52,32,17,13,8,12
2021-9625,Roanne,Hard,32,C,,20211114,19,A829,7,,Radu Albot,R,175,MDA,32.008,134,521,M0GZ,,,Giovanni Mpetshi Perricard,R,203,FRA,18.355,639,40,6-4 6-4,3,R16,79,1,2,60,44,37,8,10,5,5,8,2,73,45,33,13,10,9,11
2021-9625,Roanne,Hard,32,C,,20211114,20,GF95,9,,Hugo Grenier,R,196,FRA,25.645,184,370,D0HD,,,Gabriel Debru,R,193,FRA,15.899,,,6-2 6-3,3,R16,69,4,1,41,28,23,8,8,1,2,1,3,59,30,16,13,9,4,9
2021-9625,Roanne,Hard,32,C,,20211114,21,A622,,,Andrea Arnaboldi,L,180,ITA,33.884,277,197,F586,,,Thomas Fabbiano,R,173,ITA,32.471,224,290,3-6 6-2 6-4,3,R16,101,2,1,71,46,36,9,13,1,4,5,3,74,54,35,8,14,1,6
2021-9625,Roanne,Hard,32,C,,20211114,22,GH33,,,Manuel Guinard,R,198,FRA,25.999,247,236,KB54,,,Andrey Kuznetsov,R,183,RUS,30.727,261,221,7-6(5) 6-7(5) 6-3,3,R16,125,10,5,101,61,51,25,17,0,0,13,4,108,70,55,21,16,6,7
2021-9625,Roanne,Hard,32,C,,20211114,23,MI01,,,Hiroki Moriya,R,168,JPN,31.08,346,129,K0BJ,,,Georgii Kravchenko,R,180,UKR,21.298,433,89,3-6 6-4 7-5,3,R16,132,1,1,82,52,40,20,16,2,4,3,6,93,56,41,19,15,6,8
2021-9625,Roanne,Hard,32,C,,20211114,24,SO20,,,Jelle Sels,R,188,NED,26.264,397,102,CG33,,,Kimmer Coppejans,R,178,BEL,27.767,214,312,6-4 6-4,3,R16,112,8,1,88,53,39,16,10,9,9,6,2,74,53,38,7,10,5,7
2021-9625,Roanne,Hard,32,C,,20211114,25,BK19,,,Mathias Bourgue,R,188,FRA,27.822,226,287,A829,7,,Radu Albot,R,175,MDA,32.008,134,521,6-3 7-6(1),3,QF,114,9,1,81,54,41,12,11,6,7,1,4,68,40,28,12,10,1,3
2021-9625,Roanne,Hard,32,C,,20211114,26,GF95,9,,Hugo Grenier,R,196,FRA,25.645,184,370,C0H0,,,Arthur Cazaux,R,183,FRA,19.228,300,170,7-6(4) 7-5,3,QF,132,6,3,78,43,32,21,12,2,4,8,1,91,55,36,17,12,8,11
2021-9625,Roanne,Hard,32,C,,20211114,27,GH33,,,Manuel Guinard,R,198,FRA,25.999,247,236,A622,,,Andrea Arnaboldi,L,180,ITA,33.884,277,197,6-2 6-3,3,QF,59,12,2,39,24,20,9,8,0,1,2,2,51,29,15,11,9,6,11
2021-9625,Roanne,Hard,32,C,,20211114,28,MI01,,,Hiroki Moriya,R,168,JPN,31.08,346,129,SO20,,,Jelle Sels,R,188,NED,26.264,397,102,6-2 6-4,3,QF,82,1,2,54,27,20,18,9,1,2,4,2,71,41,24,12,9,4,8
2021-9625,Roanne,Hard,32,C,,20211114,29,GF95,9,,Hugo Grenier,R,196,FRA,25.645,184,370,BK19,,,Mathias Bourgue,R,188,FRA,27.822,226,287,6-4 6-4,3,SF,86,19,3,56,39,33,9,10,1,2,5,0,58,31,20,14,10,0,3
2021-9625,Roanne,Hard,32,C,,20211114,30,MI01,,,Hiroki Moriya,R,168,JPN,31.08,346,129,GH33,,,Manuel Guinard,R,198,FRA,25.999,247,236,6-2 6-3,3,SF,74,3,2,59,38,26,12,9,4,5,3,6,43,19,12,7,8,2,6
2021-9625,Roanne,Hard,32,C,,20211114,31,GF95,9,,Hugo Grenier,R,196,FRA,25.645,184,370,MI01,,,Hiroki Moriya,R,168,JPN,31.08,346,129,6-2 6-3,3,F,81,5,3,52,29,22,14,8,5,5,0,1,59,36,22,10,9,5,9
2021-6307,Campinas,Clay,32,C,,20211121,1,J551,,,Nicolas Jarry,R,201,CHI,26.114,166,416,CE77,1,,Federico Coria,R,180,ARG,29.703,69,906,6-2 6-3,3,R32,78,6,1,53,38,28,10,9,2,3,0,4,56,39,24,4,8,1,5
2021-6307,Campinas,Clay,32,C,,20211121,2,RH59,,,Santiago Rodriguez Taverna,R,191,ARG,22.352,336,139,MU94,2,,Jaume Munar,R,183,ESP,24.548,83,815,6-4 6-3,3,R32,113,4,1,66,33,25,19,9,3,3,0,1,61,47,30,7,10,7,10
2021-6307,Campinas,Clay,32,C,,20211121,3,C0C8,3,,Juan Manuel Cerundolo,L,183,ARG,20.016,89,795,P0DF,,,Matheus Pucinelli De Almeida,R,183,BRA,20.641,271,205,4-6 7-5 6-1,3,R32,130,0,2,95,63,36,19,15,6,11,0,2,92,62,31,15,14,4,11
2021-6307,Campinas,Clay,32,C,,20211121,4,MJ08,4,,Thiago Monteiro,L,183,BRA,27.477,94,773,N830,,,Johan Nikles,R,173,SUI,24.665,360,122,6-2 6-1,3,R32,68,2,2,47,35,28,7,8,2,2,2,4,52,34,21,5,7,6,10
2021-6307,Campinas,Clay,32,C,,20211121,5,CC66,,,Andrea Collarini,L,183,ARG,29.807,263,215,C882,5,,Pablo Cuevas,R,180,URU,35.888,95,760,6-3 6-3,3,R32,68,4,2,50,37,26,7,9,1,3,5,5,46,22,14,8,9,0,5
2021-6307,Campinas,Clay,32,C,,20211121,6,KI74,,,Nicola Kuhn,R,185,GER,21.673,240,248,GE33,6,,Daniel Elahi Galan,R,191,COL,25.426,110,711,7-5 6-3,3,R32,105,2,3,55,25,19,15,10,2,5,2,1,93,54,31,14,11,10,16
2021-6307,Campinas,Clay,32,C,,20211121,7,B0BI,7,,Sebastian Baez,R,170,ARG,20.898,111,704,MJ98,,,Facundo Mena,R,183,ARG,29.164,208,315,7-6(0) 6-2,3,R32,104,0,4,70,45,31,19,10,5,5,2,4,76,39,26,19,10,6,8
2021-6307,Campinas,Clay,32,C,,20211121,8,C0AU,8,,Francisco Cerundolo,R,185,ARG,23.274,112,690,K0CZ,,,Gilbert Klier Junior,R,183,BRA,21.517,415,94,6-3 6-0,3,R32,66,4,2,52,29,22,11,7,10,11,1,4,39,21,10,2,8,0,6
2021-6307,Campinas,Clay,32,C,,20211121,9,AC58,,,Nicolas Alvarez,R,185,PER,25.454,366,114,CG04,,,Pedro Cachin,R,185,ARG,26.612,258,226,4-6 6-4 6-2,3,R32,151,1,4,97,61,41,18,14,9,12,2,2,101,56,34,22,14,5,10
2021-6307,Campinas,Clay,32,C,,20211121,10,A09U,,,Nicolas Alvarez Varona,R,188,ESP,20.512,377,109,LF26,,,Orlando Luz,R,180,BRA,23.784,287,184,6-3 6-4,3,R32,94,8,3,59,29,25,18,10,2,2,1,2,63,25,14,24,9,3,5
2021-6307,Campinas,Clay,32,C,,20211121,11,EA24,,,Tomas Martin Etcheverry,R,196,ARG,22.346,129,547,CF88,,,Roberto Cid Subervi,R,193,DOM,28.227,296,177,6-2 6-0,3,R32,91,2,1,53,31,23,12,7,2,2,0,3,39,18,6,9,7,0,5
2021-6307,Campinas,Clay,32,C,,20211121,12,H0DU,,,Gustavo Heide,R,191,BRA,19.729,596,48,LB84,,,Juan Ignacio Londero,R,180,ARG,28.268,144,475,7-5 4-6 6-4,3,R32,144,14,5,103,53,41,28,16,8,10,4,3,90,62,41,19,16,2,5
2021-6307,Campinas,Clay,32,C,,20211121,13,MW75,,,Felipe Meligeni Alves,R,185,BRA,23.754,178,373,A887,,,Guido Andreozzi,R,183,ARG,30.297,265,213,6-3 6-4,3,R32,92,1,1,61,40,26,11,10,1,3,1,3,63,32,21,14,9,4,8
2021-6307,Campinas,Clay,32,C,,20211121,14,S0GR,,,Timofey Skatov,R,173,KAZ,20.832,259,225,O376,,,Renzo Olivo,R,178,ARG,29.687,186,358,6-3 7-6(3),3,R32,107,0,0,64,50,37,9,11,2,4,0,4,72,43,28,13,10,3,6
2021-6307,Campinas,Clay,32,C,,20211121,15,U182,,,Camilo Ugo Carabelli,R,185,ARG,22.431,209,315,SX91,,,Thiago Seyboth Wild,R,185,BRA,21.7,132,525,7-6(4) 3-1 RET,3,R32,100,2,0,53,30,23,12,8,1,2,3,3,57,30,18,14,8,2,4
2021-6307,Campinas,Clay,32,C,,20211121,16,V836,,,Juan Pablo Varillas,R,185,PER,26.127,127,567,B0LO,,,Matheus Bueres,R,175,BRA,18.48,,,6-2 6-1,3,R32,,,,,,,,,,,,,,,,,,,
2021-6307,Campinas,Clay,32,C,,20211121,17,C0C8,3,,Juan Manuel Cerundolo,L,183,ARG,20.016,89,795,H0DU,,,Gustavo Heide,R,191,BRA,19.729,596,48,6-1 3-6 6-3,3,R16,106,1,5,90,59,40,14,13,4,7,0,8,77,36,24,17,12,6,11
2021-6307,Campinas,Clay,32,C,,20211121,18,MJ08,4,,Thiago Monteiro,L,183,BRA,27.477,94,773,V836,,,Juan Pablo Varillas,R,185,PER,26.127,127,567,5-1 RET,3,R16,37,0,0,21,17,11,3,3,1,1,1,2,26,15,8,4,3,2,4
2021-6307,Campinas,Clay,32,C,,20211121,19,B0BI,7,,Sebastian Baez,R,170,ARG,20.898,111,704,AC58,,,Nicolas Alvarez,R,185,PER,25.454,366,114,6-4 6-3,3,R16,85,5,5,68,40,31,14,10,7,8,2,1,60,30,18,14,9,7,10
2021-6307,Campinas,Clay,32,C,,20211121,20,C0AU,8,,Francisco Cerundolo,R,185,ARG,23.274,112,690,MW75,,,Felipe Meligeni Alves,R,185,BRA,23.754,178,373,6-2 6-3,3,R16,81,2,5,48,32,22,7,9,3,6,1,2,72,51,24,8,8,4,10
2021-6307,Campinas,Clay,32,C,,20211121,21,EA24,,,Tomas Martin Etcheverry,R,196,ARG,22.346,129,547,KI74,,,Nicola Kuhn,R,185,GER,21.673,240,248,3-6 6-4 6-1,3,R16,160,1,5,99,61,43,17,13,7,9,1,2,76,42,25,20,13,4,8
2021-6307,Campinas,Clay,32,C,,20211121,22,J551,,,Nicolas Jarry,R,201,CHI,26.114,166,416,U182,,,Camilo Ugo Carabelli,R,185,ARG,22.431,209,315,6-1 6-2,3,R16,61,9,3,42,24,21,8,8,0,1,0,2,35,19,8,5,7,1,6
2021-6307,Campinas,Clay,32,C,,20211121,23,RH59,,,Santiago Rodriguez Taverna,R,191,ARG,22.352,336,139,A09U,,,Nicolas Alvarez Varona,R,188,ESP,20.512,377,109,7-6(7) 6-7(5) 7-5,3,R16,206,4,2,133,70,50,36,18,11,14,6,5,121,58,43,34,18,8,12
2021-6307,Campinas,Clay,32,C,,20211121,24,S0GR,,,Timofey Skatov,R,173,KAZ,20.832,259,225,CC66,,,Andrea Collarini,L,183,ARG,29.807,263,215,7-6(2) 6-2,3,R16,119,3,2,70,47,33,12,10,3,5,2,2,75,50,34,7,10,6,10
2021-6307,Campinas,Clay,32,C,,20211121,25,C0AU,8,,Francisco Cerundolo,R,185,ARG,23.274,112,690,C0C8,3,,Juan Manuel Cerundolo,L,183,ARG,20.016,89,795,6-1 7-5,3,QF,72,1,3,52,37,23,7,9,3,6,2,4,68,48,23,6,10,10,17
2021-6307,Campinas,Clay,32,C,,20211121,26,MJ08,4,,Thiago Monteiro,L,183,BRA,27.477,94,773,S0GR,,,Timofey Skatov,R,173,KAZ,20.832,259,225,6-7(4) 6-3 7-6(4),3,QF,213,9,6,136,96,59,21,17,6,10,1,1,113,80,48,16,16,5,10
2021-6307,Campinas,Clay,32,C,,20211121,27,B0BI,7,,Sebastian Baez,R,170,ARG,20.898,111,704,RH59,,,Santiago Rodriguez Taverna,R,191,ARG,22.352,336,139,2-6 7-6(1) 6-1,3,QF,121,1,2,74,51,34,14,13,1,5,4,4,96,50,34,21,14,4,9
2021-6307,Campinas,Clay,32,C,,20211121,28,EA24,,,Tomas Martin Etcheverry,R,196,ARG,22.346,129,547,J551,,,Nicolas Jarry,R,201,CHI,26.114,166,416,6-4 6-1,3,QF,96,4,0,54,40,26,10,8,2,3,2,3,61,33,19,10,9,5,10
2021-6307,Campinas,Clay,32,C,,20211121,29,MJ08,4,,Thiago Monteiro,L,183,BRA,27.477,94,773,EA24,,,Tomas Martin Etcheverry,R,196,ARG,22.346,129,547,1-6 6-2 6-3,3,SF,159,4,1,80,49,32,19,12,8,10,1,6,91,49,35,18,12,11,14
2021-6307,Campinas,Clay,32,C,,20211121,30,B0BI,7,,Sebastian Baez,R,170,ARG,20.898,111,704,C0AU,8,,Francisco Cerundolo,R,185,ARG,23.274,112,690,4-6 6-1 6-2,3,SF,116,0,3,83,59,38,6,12,5,10,0,6,95,68,33,8,13,8,17
2021-6307,Campinas,Clay,32,C,,20211121,31,B0BI,7,,Sebastian Baez,R,170,ARG,20.898,111,704,MJ08,4,,Thiago Monteiro,L,183,BRA,27.477,94,773,6-1 6-4,3,F,72,2,5,51,41,35,3,9,0,0,0,2,44,25,17,7,8,0,3
2021-637,Champaign,Hard,32,C,,20211121,1,AE14,1,,Daniel Altmaier,R,188,GER,23.192,98,745,J267,,,Malek Jaziri,R,185,TUN,37.837,302,170,6-3 6-4,3,R32,82,8,1,57,36,32,12,10,2,2,0,0,60,29,19,16,9,4,6
2021-637,Champaign,Hard,32,C,,20211121,2,KC12,2,,Mitchell Krueger,R,188,USA,27.858,164,418,M0AW,,,Nicolas Mejia,R,183,COL,21.777,276,199,6-3 6-3,3,R32,104,5,3,65,38,31,15,9,4,4,2,3,65,38,25,12,9,4,7
2021-637,Champaign,Hard,32,C,,20211121,3,W09G,3,,J.J. Wolf,R,183,USA,22.919,184,361,I230,,,Tatsuma Ito,R,180,JPN,33.511,283,188,6-3 3-6 6-3,3,R32,117,11,5,78,48,35,19,14,3,5,5,8,94,45,35,22,13,7,10
2021-637,Champaign,Hard,32,C,,20211121,4,V832,4,,Aleksandar Vukic,R,188,AUS,25.626,170,399,W857,,,Tung-Lin Wu,R,188,TPE,23.529,264,214,6-3 6-3,3,R32,73,4,1,49,27,18,13,9,2,4,1,4,69,41,25,10,9,5,10
2021-637,Champaign,Hard,32,C,,20211121,5,J380,5,,Jason Jung,R,180,TPE,32.435,177,378,TC12,,,Mikael Torpegaard,R,193,DEN,27.54,227,279,6-2 3-6 6-4,3,R32,104,4,1,74,39,26,22,13,4,7,6,5,90,54,36,15,14,7,12
2021-637,Champaign,Hard,32,C,,20211121,6,K0A4,,,Vasil Kirkov,R,185,USA,22.694,491,71,GA94,6,,Prajnesh Gunneswaran,L,188,IND,32.025,197,336,7-5 6-1,3,R32,71,2,2,56,36,25,15,10,1,2,1,3,62,34,17,14,9,2,6
2021-637,Champaign,Hard,32,C,,20211121,7,S0S1,,,Ben Shelton,L,193,USA,19.118,678,35,RA51,7,,Blaz Rola,L,193,SLO,31.129,180,368,3-6 6-4 6-4,3,R32,116,7,4,92,63,43,17,14,8,10,6,4,85,54,40,17,15,1,4
2021-637,Champaign,Hard,32,C,,20211121,8,KE64,8,,Stefan Kozlov,R,183,USA,23.803,187,358,AB71,,,JC Aragone,R,178,USA,26.401,355,125,3-6 6-3 6-4,3,R32,151,2,2,90,59,44,13,14,5,7,5,12,129,83,54,19,14,13,16
2021-637,Champaign,Hard,32,C,,20211121,9,BO10,,,Gijs Brouwer,L,191,NED,25.689,388,105,K0AZ,,,Aleksandar Kovacevic,R,183,USA,23.231,353,125,7-5 3-6 7-6(5),3,R32,127,5,2,113,83,54,18,16,13,15,12,2,113,77,56,19,17,5,7
2021-637,Champaign,Hard,32,C,,20211121,10,CF10,,,Nick Chappell,L,178,USA,29.172,338,138,N0AM,,,Emilio Nava,R,185,USA,19.97,318,155,6-3 7-6(5),3,R32,105,2,2,74,37,27,19,11,3,5,0,1,91,60,38,12,10,9,12
2021-637,Champaign,Hard,32,C,,20211121,11,HB05,,,Christian Harrison,R,180,USA,27.483,252,230,CO07,,,Ezekiel Clark,R,170,USA,23.343,717,31,4-6 6-3 6-3,3,R32,148,13,2,81,47,38,17,14,7,10,0,2,95,78,43,9,14,6,11
2021-637,Champaign,Hard,32,C,,20211121,12,KD70,,,Pedja Krstin,R,183,SRB,27.217,317,158,KD43,,,Arjun Kadhe,R,185,IND,27.871,804,23,7-5 7-5,3,R32,98,7,8,84,52,33,11,12,11,16,1,1,72,57,28,6,12,2,9
2021-637,Champaign,Hard,32,C,,20211121,13,S0DQ,,,Keegan Smith,R,201,USA,23.414,759,26,MP01,,,Michael Mmoh,R,188,USA,23.863,247,234,5-3 RET,3,R32,31,3,0,28,15,12,7,4,2,2,1,0,27,18,12,4,4,3,4
2021-637,Champaign,Hard,32,C,,20211121,14,SC47,,,Go Soeda,R,178,JPN,37.21,245,238,KD35,,,Thai-Son Kwiatkowski,R,188,USA,26.771,219,292,6-1 6-4,3,R32,77,5,1,57,27,21,16,9,1,2,4,5,60,35,23,8,8,7,11
2021-637,Champaign,Hard,32,C,,20211121,15,U120,,,Kaichi Uchida,R,180,JPN,27.247,332,141,U134,,,Yasutaka Uchiyama,R,183,JPN,29.295,201,321,6-4 3-1 RET,3,R32,73,5,0,45,24,20,10,7,5,6,6,1,56,28,17,12,7,4,7
2021-637,Champaign,Hard,32,C,,20211121,16,WB08,,,Yosuke Watanuki,R,180,JPN,23.611,306,165,GK06,,,Alexis Galarneau,R,180,CAN,22.724,375,109,6-4 4-6 6-0,3,R32,123,3,2,76,42,30,20,13,4,6,2,8,99,58,35,16,13,8,13
2021-637,Champaign,Hard,32,C,,20211121,17,WB08,,,Yosuke Watanuki,R,180,JPN,23.611,306,165,AE14,1,,Daniel Altmaier,R,188,GER,23.192,98,745,6-2 6-1,3,R16,68,6,1,42,20,16,17,8,1,1,2,2,54,32,15,10,7,4,8
2021-637,Champaign,Hard,32,C,,20211121,18,KC12,2,,Mitchell Krueger,R,188,USA,27.858,164,418,HB05,,,Christian Harrison,R,180,USA,27.483,252,230,6-3 1-6 6-4,3,R16,131,7,2,94,58,40,17,13,7,9,11,4,92,47,34,25,13,6,8
2021-637,Champaign,Hard,32,C,,20211121,19,W09G,3,,J.J. Wolf,R,183,USA,22.919,184,361,U120,,,Kaichi Uchida,R,180,JPN,27.247,332,141,6-3 6-4,3,R16,71,8,3,56,36,30,13,10,2,2,2,1,57,27,20,15,9,4,6
2021-637,Champaign,Hard,32,C,,20211121,20,V832,4,,Aleksandar Vukic,R,188,AUS,25.626,170,399,BO10,,,Gijs Brouwer,L,191,NED,25.689,388,105,6-4 6-4,3,R16,77,4,1,71,48,36,11,10,5,6,6,1,65,45,30,8,10,5,8
2021-637,Champaign,Hard,32,C,,20211121,21,SC47,,,Go Soeda,R,178,JPN,37.21,245,238,J380,5,,Jason Jung,R,180,TPE,32.435,177,378,6-4 5-7 6-4,3,R16,147,3,4,100,51,36,29,16,0,2,5,3,94,61,44,17,16,6,9
2021-637,Champaign,Hard,32,C,,20211121,22,KE64,8,,Stefan Kozlov,R,183,USA,23.803,187,358,S0DQ,,,Keegan Smith,R,201,USA,23.414,759,26,6-3 6-1,3,R16,56,2,3,45,26,21,11,8,4,5,3,3,40,24,13,5,8,3,8
2021-637,Champaign,Hard,32,C,,20211121,23,K0A4,,,Vasil Kirkov,R,185,USA,22.694,491,71,CF10,,,Nick Chappell,L,178,USA,29.172,338,138,6-2 6-3,3,R16,75,2,1,52,31,24,13,8,2,2,1,1,48,27,15,9,9,2,6
2021-637,Champaign,Hard,32,C,,20211121,24,S0S1,,,Ben Shelton,L,193,USA,19.118,678,35,KD70,,,Pedja Krstin,R,183,SRB,27.217,317,158,4-6 6-0 6-1,3,R16,87,12,0,66,45,35,15,12,2,3,1,7,69,37,20,15,11,4,9
2021-637,Champaign,Hard,32,C,,20211121,25,KE64,8,,Stefan Kozlov,R,183,USA,23.803,187,358,KC12,2,,Mitchell Krueger,R,188,USA,27.858,164,418,6-4 6-4,3,QF,89,5,6,66,44,30,11,10,1,3,2,3,61,34,18,16,10,3,7
2021-637,Champaign,Hard,32,C,,20211121,26,W09G,3,,J.J. Wolf,R,183,USA,22.919,184,361,K0A4,,,Vasil Kirkov,R,185,USA,22.694,491,71,6-3 6-2,3,QF,71,7,3,56,28,21,18,9,2,2,1,0,52,39,22,7,8,3,6
2021-637,Champaign,Hard,32,C,,20211121,27,V832,4,,Aleksandar Vukic,R,188,AUS,25.626,170,399,SC47,,,Go Soeda,R,178,JPN,37.21,245,238,6-2 6-2,3,QF,52,13,0,42,28,23,10,8,1,1,2,3,52,32,21,6,8,2,6
2021-637,Champaign,Hard,32,C,,20211121,28,WB08,,,Yosuke Watanuki,R,180,JPN,23.611,306,165,S0S1,,,Ben Shelton,L,193,USA,19.118,678,35,6-2 6-1,3,QF,64,4,6,50,27,18,12,7,4,5,1,6,48,31,15,4,8,6,12
2021-637,Champaign,Hard,32,C,,20211121,29,KE64,8,,Stefan Kozlov,R,183,USA,23.803,187,358,W09G,3,,J.J. Wolf,R,183,USA,22.919,184,361,6-2 6-3,3,SF,66,6,0,39,23,19,10,8,0,1,2,6,53,29,19,6,9,3,8
2021-637,Champaign,Hard,32,C,,20211121,30,V832,4,,Aleksandar Vukic,R,188,AUS,25.626,170,399,WB08,,,Yosuke Watanuki,R,180,JPN,23.611,306,165,7-6(8) 6-4,3,SF,97,4,1,75,42,30,24,11,1,2,5,1,70,36,28,20,11,0,2
2021-637,Champaign,Hard,32,C,,20211121,31,KE64,8,,Stefan Kozlov,R,183,USA,23.803,187,358,V832,4,,Aleksandar Vukic,R,188,AUS,25.626,170,399,5-7 6-3 6-4,3,F,142,8,3,89,60,41,16,16,2,6,4,0,109,65,41,18,15,10,15
2021-8310,Helsinki,Hard,33,C,,20211121,1,L949,2,,Henri Laaksonen,R,185,SUI,29.643,97,751,I165,,,Denis Istomin,R,185,UZB,35.206,244,241,6-3 6-3,3,R32,69,8,0,51,24,21,18,9,3,3,2,0,66,43,27,10,9,6,9
2021-8310,Helsinki,Hard,33,C,,20211121,2,MV14,3,,Alex Molcan,L,178,SVK,23.973,103,734,V942,,,Tim van Rijthoven,R,188,NED,24.578,251,231,6-4 0-6 7-6(1),3,R32,108,3,2,90,63,41,11,14,4,9,20,4,77,51,39,12,14,1,4
2021-8310,Helsinki,Hard,33,C,,20211121,3,F0BT,,,Jonas Forejtek,R,183,CZE,20.701,315,160,GC89,4,,Egor Gerasimov,R,196,BLR,29.027,113,665,4-6 6-3 6-4,3,R32,121,8,3,98,66,51,16,15,3,4,11,10,91,55,45,13,14,2,4
2021-8310,Helsinki,Hard,33,C,,20211121,4,O449,5,,Oscar Otte,R,193,GER,28.35,116,657,D923,,,Damir Dzumhur,R,175,BIH,29.506,156,436,6-2 6-3,3,R32,50,10,2,42,28,27,9,9,0,0,0,1,46,34,20,8,8,2,5
2021-8310,Helsinki,Hard,33,C,,20211121,5,BI23,6,,Liam Broady,L,183,GBR,27.88,128,563,P09O,,,Zsombor Piros,R,180,HUN,22.108,282,191,6-3 6-2,3,R32,67,4,4,54,35,26,10,9,2,3,2,7,53,20,13,13,8,1,5
2021-8310,Helsinki,Hard,33,C,,20211121,6,MJ71,,,Mats Moraing,L,198,GER,29.421,158,433,KC04,7,,Jozef Kovalik,R,183,SVK,29.046,131,531,6-3 6-4,3,R32,61,20,1,49,34,30,10,10,0,0,5,0,58,38,21,13,9,1,3
2021-8310,Helsinki,Hard,33,C,,20211121,7,MM66,8,,Nikola Milojevic,R,188,SRB,26.426,136,502,C0E9,,,Flavio Cobolli,R,183,ITA,19.546,218,295,6-3 6-2,3,R32,65,2,1,48,33,28,8,9,2,3,3,5,61,30,19,11,8,3,7
2021-8310,Helsinki,Hard,33,C,,20211121,8,BC65,,,Matthias Bachinger,R,188,GER,34.639,257,226,CG33,,,Kimmer Coppejans,R,178,BEL,27.786,211,313,6-4 6-4,3,R32,86,3,5,58,34,21,15,10,3,5,6,3,74,43,29,10,10,7,11
2021-8310,Helsinki,Hard,33,C,,20211121,9,DA86,,,Joris De Loore,R,191,BEL,28.586,695,33,K839,,,Tobias Kamke,R,178,GER,35.504,248,234,6-3 6-4,3,R32,68,11,1,47,25,23,17,10,0,0,4,3,54,31,22,11,9,2,4
2021-8310,Helsinki,Hard,33,C,,20211121,10,LB51,,,Julian Lenz,R,188,GER,28.758,304,167,D0CO,,,Jack Draper,L,193,GBR,19.915,261,221,7-5 6-1,3,R32,77,4,4,57,30,24,14,9,2,3,11,3,61,39,25,8,10,2,7
2021-8310,Helsinki,Hard,33,C,,20211121,11,MN13,,,Maximilian Marterer,L,188,GER,26.437,225,279,GA36,,,Emilio Gomez,R,185,ECU,29.982,148,455,4-6 6-2 6-3,3,R32,119,5,3,90,56,43,15,14,6,8,5,6,85,41,28,20,13,4,8
2021-8310,Helsinki,Hard,33,C,,20211121,12,M0HU,,,Shintaro Mochizuki,R,175,JPN,18.472,387,105,SN54,,,Frederico Ferreira Silva,L,178,POR,26.68,213,303,6-3 2-6 4-3 RET,3,R32,122,2,3,84,46,32,18,12,7,10,3,5,69,34,26,20,12,2,5
2021-8310,Helsinki,Hard,33,C,,20211121,13,RB56,,,Ramkumar Ramanathan,R,188,IND,27.036,222,288,V0AM,,,Otto Virtanen,R,193,FIN,20.419,383,107,4-6 6-4 6-3,3,R32,127,8,7,104,56,44,26,15,9,10,14,4,111,59,41,26,14,4,6
2021-8310,Helsinki,Hard,33,C,,20211121,14,R09X,,,Jurij Rodionov,L,191,AUT,22.519,143,479,SK47,,,Mohamed Safwat,R,180,EGY,31.173,212,308,7-5 6-4,3,R32,87,2,3,66,34,23,19,11,4,6,7,1,66,38,20,17,11,7,11
2021-8310,Helsinki,Hard,33,C,,20211121,15,S0H2,,,Alexander Shevchenko,R,188,KAZ,20.977,356,123,J0AZ,,,Kyrian Jacquet,R,175,FRA,20.531,309,163,6-2 6-1,3,R32,55,2,2,40,14,12,14,7,0,1,0,2,65,51,20,8,8,2,8
2021-8310,Helsinki,Hard,33,C,,20211121,16,S0H2,,,Alexander Shevchenko,R,188,KAZ,20.977,356,123,J0AZ,,,Kyrian Jacquet,R,175,FRA,20.531,309,163,6-2 6-1,3,R32,56,4,1,50,14,11,21,7,4,5,0,3,48,34,15,5,8,0,6
2021-8310,Helsinki,Hard,33,C,,20211121,17,SH90,,,Joao Sousa,R,185,POR,32.646,147,458,N754,,,Patrik Niklas-Salminen,L,188,FIN,24.715,590,49,6-3 7-6(9),3,R32,106,10,2,67,41,30,15,10,1,3,7,11,89,51,36,11,11,2,6
2021-8310,Helsinki,Hard,33,C,,20211121,18,L949,2,,Henri Laaksonen,R,185,SUI,29.643,97,751,LB51,,,Julian Lenz,R,188,GER,28.758,304,167,6-2 7-5,3,R16,82,16,2,55,35,30,10,10,2,3,3,2,80,43,26,16,10,6,10
2021-8310,Helsinki,Hard,33,C,,20211121,19,MV14,3,,Alex Molcan,L,178,SVK,23.973,103,734,M0HU,,,Shintaro Mochizuki,R,175,JPN,18.472,387,105,6-3 6-2,3,R16,79,1,1,53,32,22,14,9,0,1,0,4,72,42,25,11,8,5,9
2021-8310,Helsinki,Hard,33,C,,20211121,20,O449,5,,Oscar Otte,R,193,GER,28.35,116,657,R09X,,,Jurij Rodionov,L,191,AUT,22.519,143,479,6-1 6-2,3,R16,59,11,2,50,35,28,7,8,3,3,0,5,44,21,13,7,7,3,7
2021-8310,Helsinki,Hard,33,C,,20211121,21,BI23,6,,Liam Broady,L,183,GBR,27.88,128,563,DA86,,,Joris De Loore,R,191,BEL,28.586,695,33,6-3 7-5,3,R16,89,7,2,68,38,27,17,11,1,2,7,3,62,37,28,10,10,4,7
2021-8310,Helsinki,Hard,33,C,,20211121,22,MM66,8,,Nikola Milojevic,R,188,SRB,26.426,136,502,RB56,,,Ramkumar Ramanathan,R,188,IND,27.036,222,288,3-6 6-1 6-2,3,R16,97,11,6,78,45,39,15,12,7,8,7,6,79,52,37,8,12,4,8
2021-8310,Helsinki,Hard,33,C,,20211121,23,MJ71,,,Mats Moraing,L,198,GER,29.421,158,433,MN13,,,Maximilian Marterer,L,188,GER,26.437,225,279,7-6(5) 2-6 6-4,3,R16,119,24,5,92,56,48,16,15,7,9,13,3,103,52,38,31,15,3,4
2021-8310,Helsinki,Hard,33,C,,20211121,24,S0H2,,,Alexander Shevchenko,R,188,KAZ,20.977,356,123,BC65,,,Matthias Bachinger,R,188,GER,34.639,257,226,7-6(6) 5-1 RET,3,R16,72,13,3,65,36,31,15,9,2,2,2,3,58,36,28,10,9,1,3
2021-8310,Helsinki,Hard,33,C,,20211121,25,SH90,,,Joao Sousa,R,185,POR,32.646,147,458,F0BT,,,Jonas Forejtek,R,183,CZE,20.701,315,160,5-7 6-4 6-4,3,R16,129,6,4,108,73,49,19,16,5,7,11,1,93,69,49,13,16,4,7
2021-8310,Helsinki,Hard,33,C,,20211121,26,L949,2,,Henri Laaksonen,R,185,SUI,29.643,97,751,MM66,8,,Nikola Milojevic,R,188,SRB,26.426,136,502,6-2 6-3,3,QF,64,4,0,49,29,24,12,8,1,1,0,9,54,28,18,10,9,3,7
2021-8310,Helsinki,Hard,33,C,,20211121,27,MV14,3,,Alex Molcan,L,178,SVK,23.973,103,734,O449,5,,Oscar Otte,R,193,GER,28.35,116,657,6-3 4-6 6-1,3,QF,102,4,0,82,58,40,15,13,4,6,7,4,81,39,26,22,13,7,12
2021-8310,Helsinki,Hard,33,C,,20211121,28,SH90,,,Joao Sousa,R,185,POR,32.646,147,458,BI23,6,,Liam Broady,L,183,GBR,27.88,128,563,6-7(3) 6-2 7-6(1),3,QF,151,9,0,101,65,47,25,16,6,8,4,2,105,61,46,21,16,5,9
2021-8310,Helsinki,Hard,33,C,,20211121,29,S0H2,,,Alexander Shevchenko,R,188,KAZ,20.977,356,123,MJ71,,,Mats Moraing,L,198,GER,29.421,158,433,6-4 RET,3,QF,36,8,1,31,16,15,7,5,1,1,9,6,28,17,16,2,5,0,1
2021-8310,Helsinki,Hard,33,C,,20211121,30,SH90,,,Joao Sousa,R,185,POR,32.646,147,458,L949,2,,Henri Laaksonen,R,185,SUI,29.643,97,751,6-4 6-3,3,SF,66,4,3,56,37,31,9,10,4,5,4,3,51,28,18,12,9,1,4
2021-8310,Helsinki,Hard,33,C,,20211121,31,MV14,3,,Alex Molcan,L,178,SVK,23.973,103,734,S0H2,,,Alexander Shevchenko,R,188,KAZ,20.977,356,123,6-2 7-6(4),3,SF,79,3,2,67,43,35,14,10,2,2,8,2,72,38,31,14,10,6,8
2021-8310,Helsinki,Hard,33,C,,20211121,32,MV14,3,,Alex Molcan,L,178,SVK,23.973,103,734,SH90,,,Joao Sousa,R,185,POR,32.646,147,458,6-3 6-2,3,F,67,0,5,64,37,26,15,9,5,6,4,2,42,23,15,6,8,1,5
2021-9162,Pau,Hard,32,C,,20211121,1,L397,1,,Feliciano Lopez,L,188,ESP,40.17,104,723,F586,,,Thomas Fabbiano,R,173,ITA,32.49,217,295,6-2 6-1,3,R32,55,15,2,49,30,23,11,7,5,5,0,1,46,29,12,7,8,2,7
2021-9162,Pau,Hard,32,C,,20211121,2,R0DG,2,,Holger Rune,R,188,DEN,18.565,108,715,CG32,,,Julien Cagnina,R,183,BEL,27.466,822,21,6-0 7-5,3,R32,70,1,0,46,28,24,11,9,2,3,5,3,59,24,15,14,9,10,15
2021-9162,Pau,Hard,32,C,,20211121,3,L0BV,,,Jiri Lehecka,R,185,CZE,20.036,159,430,SD32,3,,Gilles Simon,R,183,FRA,36.901,123,597,6-1 6-7(2) 6-2,3,R32,124,4,3,82,61,45,11,14,2,3,1,4,97,59,38,14,13,6,11
2021-9162,Pau,Hard,32,C,,20211121,4,SC77,,,Sergiy Stakhovsky,R,193,UKR,35.874,233,265,DB59,4,,Dennis Novak,R,183,AUT,28.233,118,621,6-3 6-1,3,R32,68,1,0,63,38,28,14,8,4,4,2,3,53,33,20,7,8,5,9
2021-9162,Pau,Hard,32,C,,20211121,5,GB93,5,,Norbert Gombos,R,193,SVK,31.274,119,616,D0HD,,,Gabriel Debru,R,193,FRA,15.918,954,13,6-4 6-1,3,R32,70,4,3,67,43,33,12,9,8,8,1,3,52,35,20,7,8,6,9
2021-9162,Pau,Hard,32,C,,20211121,6,C0BC,6,,Maxime Cressy,R,201,USA,24.539,124,591,BU54,,,Geoffrey Blancaneaux,R,180,FRA,23.288,281,193,6-3 4-6 7-6(5),3,R32,157,1,5,100,62,43,25,16,7,9,6,2,97,60,48,17,15,5,7
2021-9162,Pau,Hard,32,C,,20211121,7,A829,7,,Radu Albot,R,175,MDA,32.027,137,494,LB66,,,Constant Lestienne,R,180,FRA,29.498,202,321,6-2 4-6 6-2,3,R32,99,6,2,77,48,35,18,13,1,3,5,6,86,43,27,19,13,3,8
2021-9162,Pau,Hard,32,C,,20211121,8,M0G4,,,Harold Mayot,R,180,FRA,19.795,436,86,KH56,8,,Zdenek Kolar,R,183,CZE,25.117,140,481,6-4 6-4,3,R32,86,6,0,53,40,29,10,10,2,3,4,3,65,33,21,16,10,3,6
2021-9162,Pau,Hard,32,C,,20211121,9,A09T,,,Dan Added,R,183,FRA,22.609,413,95,D916,,,Steven Diez,R,175,CAN,30.683,267,211,1-6 7-6(2) 6-2,3,R32,128,12,4,101,61,41,22,14,11,15,2,5,85,50,32,18,13,3,6
2021-9162,Pau,Hard,32,C,,20211121,10,A0CJ,,,Duje Ajdukovic,R,188,CRO,20.791,253,230,T0AP,,,Chun-Hsin Tseng,R,175,TPE,20.287,249,234,0-6 7-6(5) 6-2,3,R32,131,5,1,80,42,28,16,13,5,10,1,6,99,54,35,22,13,5,9
2021-9162,Pau,Hard,32,C,,20211121,11,F664,,,Sebastian Fanselow,R,,GER,29.895,402,99,MI01,,,Hiroki Moriya,R,168,JPN,31.099,285,187,7-6(5) 6-4,3,R32,116,7,3,72,37,29,17,11,3,5,2,2,82,51,31,13,11,6,9
2021-9162,Pau,Hard,32,C,,20211121,12,GG65,,,Michael Geerts,R,178,BEL,26.845,340,136,MJ01,,,Roberto Marcora,R,193,ITA,32.227,199,330,6-4 6-2,3,R32,76,6,3,52,29,21,13,9,1,2,1,1,55,29,19,10,9,3,7
2021-9162,Pau,Hard,32,C,,20211121,13,HB48,,,Calvin Hemery,R,191,FRA,26.815,394,103,J620,,,Maxime Janvier,R,196,FRA,25.092,216,299,6-3 6-7(5) 6-3,3,R32,122,7,1,95,66,48,20,16,3,4,7,2,86,50,40,19,14,3,6
2021-9162,Pau,Hard,32,C,,20211121,14,K09F,,,Pavel Kotov,R,191,RUS,23.009,266,212,A622,,,Andrea Arnaboldi,L,180,ITA,33.903,268,211,6-2 6-4,3,R32,110,8,0,64,37,28,13,9,5,6,0,3,70,45,25,12,9,6,10
2021-9162,Pau,Hard,32,C,,20211121,15,K0BJ,,,Georgii Kravchenko,R,180,UKR,21.317,397,101,G983,,,Alessandro Giannessi,L,185,ITA,31.48,188,357,7-5 4-6 6-2,3,R32,131,4,3,80,53,40,16,15,2,4,7,4,102,66,45,14,15,8,12
2021-9162,Pau,Hard,32,C,,20211121,16,SS25,,,Vitaliy Sachko,R,188,UKR,24.356,238,251,RC04,,,Alexander Ritschard,R,193,SUI,27.663,260,223,6-7(1) 6-1 6-2,3,R32,129,1,2,97,73,46,13,14,5,9,2,2,89,57,30,14,13,3,11
2021-9162,Pau,Hard,32,C,,20211121,17,L397,1,,Feliciano Lopez,L,188,ESP,40.17,104,723,A0CJ,,,Duje Ajdukovic,R,188,CRO,20.791,253,230,6-3 4-6 6-4,3,R16,111,14,6,95,57,46,21,15,12,14,5,1,85,54,39,15,14,4,7
2021-9162,Pau,Hard,32,C,,20211121,18,R0DG,2,,Holger Rune,R,188,DEN,18.565,108,715,F664,,,Sebastian Fanselow,R,,GER,29.895,402,99,6-2 6-2,3,R16,58,2,1,43,28,23,9,8,0,0,1,2,42,25,15,5,8,0,4
2021-9162,Pau,Hard,32,C,,20211121,19,GB93,5,,Norbert Gombos,R,193,SVK,31.274,119,616,K09F,,,Pavel Kotov,R,191,RUS,23.009,266,212,6-3 6-4,3,R16,74,7,0,57,35,28,14,10,3,3,7,2,57,33,24,11,9,5,7
2021-9162,Pau,Hard,32,C,,20211121,20,C0BC,6,,Maxime Cressy,R,201,USA,24.539,124,591,SS25,,,Vitaliy Sachko,R,188,UKR,24.356,238,251,0-6 6-1 6-1,3,R16,108,7,4,86,60,39,7,10,8,12,0,4,62,31,24,8,10,2,8
2021-9162,Pau,Hard,32,C,,20211121,21,A829,7,,Radu Albot,R,175,MDA,32.027,137,494,K0BJ,,,Georgii Kravchenko,R,180,UKR,21.317,397,101,7-6(2) 6-4,3,R16,101,1,1,71,44,33,18,11,1,2,3,3,71,49,35,10,11,3,5
2021-9162,Pau,Hard,32,C,,20211121,22,L0BV,,,Jiri Lehecka,R,185,CZE,20.036,159,430,HB48,,,Calvin Hemery,R,191,FRA,26.815,394,103,7-6(4) 4-6 7-5,3,R16,162,3,0,104,78,53,21,17,5,7,11,5,126,78,59,23,17,10,12
2021-9162,Pau,Hard,32,C,,20211121,23,M0G4,,,Harold Mayot,R,180,FRA,19.795,436,86,GG65,,,Michael Geerts,R,178,BEL,26.845,340,136,6-0 4-6 7-6(5),3,R16,140,6,3,103,64,45,16,14,4,8,8,2,87,52,33,16,14,8,14
2021-9162,Pau,Hard,32,C,,20211121,24,SC77,,,Sergiy Stakhovsky,R,193,UKR,35.874,233,265,A09T,,,Dan Added,R,183,FRA,22.609,413,95,6-4 4-6 6-4,3,R16,113,8,5,97,59,42,15,15,6,11,1,2,75,46,28,15,15,3,9
2021-9162,Pau,Hard,32,C,,20211121,25,A829,7,,Radu Albot,R,175,MDA,32.027,137,494,L397,1,,Feliciano Lopez,L,188,ESP,40.17,104,723,6-3 7-6(5),3,QF,87,4,1,61,51,42,6,10,3,3,20,3,75,51,39,10,11,4,6
2021-9162,Pau,Hard,32,C,,20211121,26,R0DG,2,,Holger Rune,R,188,DEN,18.565,108,715,C0BC,6,,Maxime Cressy,R,201,USA,24.539,124,591,6-2 6-2,3,QF,70,2,3,49,32,24,9,8,2,3,7,7,57,40,23,3,8,3,8
2021-9162,Pau,Hard,32,C,,20211121,27,SC77,,,Sergiy Stakhovsky,R,193,UKR,35.874,233,265,GB93,5,,Norbert Gombos,R,193,SVK,31.274,119,616,6-4 1-6 7-6(5),3,QF,131,7,4,85,51,33,23,14,1,4,5,1,100,63,42,22,15,8,10
2021-9162,Pau,Hard,32,C,,20211121,28,L0BV,,,Jiri Lehecka,R,185,CZE,20.036,159,430,M0G4,,,Harold Mayot,R,180,FRA,19.795,436,86,6-4 6-2,3,QF,71,3,2,60,43,32,9,9,5,5,3,1,46,26,17,12,9,1,4
2021-9162,Pau,Hard,32,C,,20211121,29,L0BV,,,Jiri Lehecka,R,185,CZE,20.036,159,430,R0DG,2,,Holger Rune,R,188,DEN,18.565,108,715,3-6 6-3 6-4,3,SF,126,4,1,94,64,47,16,14,3,4,2,1,78,42,31,23,14,6,8
2021-9162,Pau,Hard,32,C,,20211121,30,A829,7,,Radu Albot,R,175,MDA,32.027,137,494,SC77,,,Sergiy Stakhovsky,R,193,UKR,35.874,233,265,6-2 6-7(3) 6-1,3,SF,143,6,1,96,68,51,15,14,8,9,8,6,113,71,47,15,13,13,18
2021-9162,Pau,Hard,32,C,,20211121,31,A829,7,,Radu Albot,R,175,MDA,32.027,137,494,L0BV,,,Jiri Lehecka,R,185,CZE,20.036,159,430,6-2 7-6(5),3,F,88,1,0,60,44,36,11,10,3,3,4,1,63,40,28,11,10,1,3
2021-7911,Puerto Vallarta,Hard,32,C,,20211128,1,C882,1,,Pablo Cuevas,R,180,URU,35.907,98,760,K0AZ,,,Aleksandar Kovacevic,R,183,USA,23.25,353,125,7-5 6-4,3,R32,98,2,1,63,46,29,10,11,3,6,4,5,78,40,25,16,11,5,10
2021-7911,Puerto Vallarta,Hard,32,C,,20211128,2,AE14,2,,Daniel Altmaier,R,188,GER,23.211,100,745,RC62,,,Michael Redlicki,L,203,USA,28.033,467,77,7-6(5) 6-1,3,R32,98,5,3,64,41,35,11,10,2,3,1,1,68,47,32,9,9,5,8
2021-7911,Puerto Vallarta,Hard,32,C,,20211128,3,TE30,3,,Alejandro Tabilo,L,188,CHI,24.49,141,480,MB53,,,Adrian Menendez-Maceiras,R,183,ESP,36.085,322,154,6-3 6-2,3,R32,69,7,2,58,39,31,9,9,2,2,2,1,36,22,13,8,8,1,4
2021-7911,Puerto Vallarta,Hard,32,C,,20211128,4,GK06,,,Alexis Galarneau,R,180,CAN,22.743,379,109,E873,4,,Ernesto Escobedo,R,185,MEX,25.402,165,422,7-5 6-7(4) 7-5,3,R32,187,4,9,111,65,50,19,18,3,7,12,7,125,79,53,18,18,10,16
2021-7911,Puerto Vallarta,Hard,32,C,,20211128,5,MP01,5,,Michael Mmoh,R,188,USA,23.882,249,234,CF10,,,Nick Chappell,L,178,USA,29.191,341,137,6-2 6-3,3,R32,88,6,4,53,36,28,9,9,3,4,0,0,53,27,14,12,8,7,11
2021-7911,Puerto Vallarta,Hard,32,C,,20211128,6,HB05,6,,Christian Harrison,R,180,USA,27.502,252,233,O340,,,Roberto Ortega-Olmedo,R,168,ESP,30.582,360,120,6-4 6-0,3,R32,70,6,3,46,27,22,10,8,2,3,0,1,47,25,16,7,8,2,7
2021-7911,Puerto Vallarta,Hard,32,C,,20211128,7,W857,7,,Tung-Lin Wu,R,188,TPE,23.548,266,209,D0DP,,,Liam Draxl,R,185,CAN,19.981,716,31,6-3 6-1,3,R32,82,6,0,45,36,29,5,8,1,1,5,2,58,41,24,5,8,6,10
2021-7911,Puerto Vallarta,Hard,32,C,,20211128,8,I230,8,,Tatsuma Ito,R,180,JPN,33.53,283,188,BO10,,,Gijs Brouwer,L,191,NED,25.708,368,114,6-2 7-6(3),3,R32,92,5,2,65,40,29,19,10,3,3,7,1,65,50,32,8,10,2,4
2021-7911,Puerto Vallarta,Hard,32,C,,20211128,9,DB93,,,Matias Franco Descotte,R,191,ARG,27.25,474,75,LG87,,,Gerardo Lopez Villasenor,R,191,MEX,26.549,586,51,6-7(2) 7-5 6-0,3,R32,162,3,0,90,66,53,11,15,4,5,3,1,102,64,42,18,15,8,13
2021-7911,Puerto Vallarta,Hard,32,C,,20211128,10,H0CD,,,Alex Hernandez,R,175,MEX,22.434,671,37,RG42,,,Alex Rybakov,L,185,USA,24.835,351,127,5-7 4-4 RET,3,R32,98,2,2,81,68,38,7,10,10,13,6,5,61,45,35,5,10,4,6
2021-7911,Puerto Vallarta,Hard,32,C,,20211128,11,N0AL,,,Govind Nanda,R,178,USA,20.778,480,73,AB71,,,JC Aragone,R,178,USA,26.42,356,125,6-2 6-0,3,R32,71,2,1,42,27,22,9,7,3,3,2,3,49,20,12,9,7,7,12
2021-7911,Puerto Vallarta,Hard,32,C,,20211128,12,S0RE,,,Juncheng Shang,L,180,CHN,16.819,715,31,CC98,,,Martin Cuevas,R,191,URU,29.873,508,67,6-4 6-4,3,R32,93,3,2,70,52,33,6,10,3,7,8,3,74,44,32,3,10,5,11
2021-7911,Puerto Vallarta,Hard,32,C,,20211128,13,S0K7,,,Zachary Svajda,R,175,USA,18.998,483,72,LI10,,,Christian Langmo,R,191,USA,25.492,504,68,5-7 6-4 7-5,3,R32,147,10,3,87,60,49,19,17,6,8,7,3,109,69,52,15,17,4,7
2021-7911,Puerto Vallarta,Hard,32,C,,20211128,14,U120,,,Kaichi Uchida,R,180,JPN,27.266,329,146,SL07,,,Alexander Sarkissian,R,191,USA,31.655,533,61,6-3 6-4,3,R32,74,2,1,56,33,29,11,10,4,5,3,3,51,22,14,14,9,2,5
2021-7911,Puerto Vallarta,Hard,32,C,,20211128,15,WB08,,,Yosuke Watanuki,R,180,JPN,23.63,278,194,SF89,,,Rubin Statham,R,180,NZL,34.595,1835,1,6-3 6-2,3,R32,66,7,3,49,30,25,12,9,0,0,2,2,45,29,18,8,8,1,4
2021-7911,Puerto Vallarta,Hard,32,C,,20211128,16,Y124,,,Donald Young,L,183,USA,32.35,420,92,C0GN,,,Milledge Cossu,R,178,USA,20.005,,,6-1 6-3,3,R32,57,2,1,41,24,19,11,8,0,1,3,1,48,38,16,5,8,5,10
2021-7911,Puerto Vallarta,Hard,32,C,,20211128,17,C882,1,,Pablo Cuevas,R,180,URU,35.907,98,760,DB93,,,Matias Franco Descotte,R,191,ARG,27.25,474,75,7-6(3) RET,3,R16,71,7,0,38,31,26,6,6,2,2,1,1,53,35,22,11,6,4,4
2021-7911,Puerto Vallarta,Hard,32,C,,20211128,18,AE14,2,,Daniel Altmaier,R,188,GER,23.211,100,745,N0AL,,,Govind Nanda,R,178,USA,20.778,480,73,6-3 6-3,3,R16,95,3,0,60,33,26,8,9,5,8,0,1,64,35,19,10,9,6,12
2021-7911,Puerto Vallarta,Hard,32,C,,20211128,19,TE30,3,,Alejandro Tabilo,L,188,CHI,24.49,141,480,Y124,,,Donald Young,L,183,USA,32.35,420,92,6-2 6-1,3,R16,52,3,1,37,22,19,10,7,2,2,1,4,43,19,12,7,8,0,5
2021-7911,Puerto Vallarta,Hard,32,C,,20211128,20,MP01,5,,Michael Mmoh,R,188,USA,23.882,249,234,S0RE,,,Juncheng Shang,L,180,CHN,16.819,715,31,7-5 4-6 6-4,3,R16,189,12,8,125,82,52,17,16,8,13,2,4,95,57,36,18,16,5,11
2021-7911,Puerto Vallarta,Hard,32,C,,20211128,21,S0K7,,,Zachary Svajda,R,175,USA,18.998,483,72,HB05,6,,Christian Harrison,R,180,USA,27.502,252,233,6-1 7-6(9),3,R16,118,10,2,76,44,34,16,10,4,5,4,0,77,54,33,9,9,8,11
2021-7911,Puerto Vallarta,Hard,32,C,,20211128,22,WB08,,,Yosuke Watanuki,R,180,JPN,23.63,278,194,W857,7,,Tung-Lin Wu,R,188,TPE,23.548,266,209,6-7(5) 7-5 6-3,3,R16,192,7,6,133,72,47,34,17,11,14,3,4,108,73,48,13,16,5,10
2021-7911,Puerto Vallarta,Hard,32,C,,20211128,23,I230,8,,Tatsuma Ito,R,180,JPN,33.53,283,188,H0CD,,,Alex Hernandez,R,175,MEX,22.434,671,37,6-2 6-3,3,R16,80,1,7,49,23,17,12,8,3,6,1,3,68,48,22,6,9,7,14
2021-7911,Puerto Vallarta,Hard,32,C,,20211128,24,U120,,,Kaichi Uchida,R,180,JPN,27.266,329,146,GK06,,,Alexis Galarneau,R,180,CAN,22.743,379,109,6-4 6-2,3,R16,93,2,0,53,30,25,14,9,4,4,3,4,54,29,17,15,9,4,7
2021-7911,Puerto Vallarta,Hard,32,C,,20211128,25,WB08,,,Yosuke Watanuki,R,180,JPN,23.63,278,194,C882,1,,Pablo Cuevas,R,180,URU,35.907,98,760,4-6 6-4 2-0 RET,3,QF,125,11,3,69,36,27,19,11,7,9,1,0,73,61,35,7,11,3,6
2021-7911,Puerto Vallarta,Hard,32,C,,20211128,26,AE14,2,,Daniel Altmaier,R,188,GER,23.211,100,745,S0K7,,,Zachary Svajda,R,175,USA,18.998,483,72,4-6 7-6(8) 6-3,3,QF,158,9,4,101,51,40,22,15,10,14,3,5,115,82,49,15,16,10,15
2021-7911,Puerto Vallarta,Hard,32,C,,20211128,27,TE30,3,,Alejandro Tabilo,L,188,CHI,24.49,141,480,I230,8,,Tatsuma Ito,R,180,JPN,33.53,283,188,6-2 6-2,3,QF,72,9,0,46,31,24,9,8,2,3,1,5,56,35,17,9,8,5,10
2021-7911,Puerto Vallarta,Hard,32,C,,20211128,28,MP01,5,,Michael Mmoh,R,188,USA,23.882,249,234,U120,,,Kaichi Uchida,R,180,JPN,27.266,329,146,7-6(7) 6-3,3,QF,113,9,4,64,42,34,12,10,2,3,7,4,87,53,38,15,11,8,11
2021-7911,Puerto Vallarta,Hard,32,C,,20211128,29,AE14,2,,Daniel Altmaier,R,188,GER,23.211,100,745,MP01,5,,Michael Mmoh,R,188,USA,23.882,249,234,6-4 6-2,3,SF,103,5,0,59,32,27,14,9,4,4,1,5,62,42,30,8,9,5,8
2021-7911,Puerto Vallarta,Hard,32,C,,20211128,30,TE30,3,,Alejandro Tabilo,L,188,CHI,24.49,141,480,WB08,,,Yosuke Watanuki,R,180,JPN,23.63,278,194,6-3 6-2,3,SF,75,5,1,65,44,33,11,9,5,5,3,3,43,27,19,8,8,1,4
2021-7911,Puerto Vallarta,Hard,32,C,,20211128,31,AE14,2,,Daniel Altmaier,R,188,GER,23.211,100,745,TE30,3,,Alejandro Tabilo,L,188,CHI,24.49,141,480,6-3 3-6 6-3,3,F,124,7,2,79,50,35,13,14,0,4,2,3,79,43,32,10,13,7,12
2021-9631,Bari,Hard,32,C,,20211128,1,TE16,1,,Carlos Taberner,R,183,ESP,24.307,101,745,BP41,,,Antoine Bellier,L,196,SUI,25.112,461,79,6-2 6-2,3,R32,67,2,3,39,22,19,13,8,0,0,2,6,60,31,18,10,8,7,11
2021-9631,Bari,Hard,32,C,,20211128,2,A622,,,Andrea Arnaboldi,L,180,ITA,33.922,265,211,R0DG,2,,Holger Rune,R,188,DEN,18.585,103,740,6-4 1-0 RET,3,R32,45,0,1,37,22,13,8,5,0,2,2,5,32,15,8,5,6,1,5
2021-9631,Bari,Hard,32,C,,20211128,3,O449,3,,Oscar Otte,R,193,GER,28.37,112,668,O0BE,,,Oleksandr Ovcharenko,R,185,UKR,20.115,731,30,6-3 6-4,3,R32,99,6,1,66,41,31,8,10,3,6,3,6,76,44,24,14,9,9,14
2021-9631,Bari,Hard,32,C,,20211128,4,N0BG,,,Luca Nardi,R,185,ITA,18.313,460,79,C0BC,4,,Maxime Cressy,R,201,USA,24.559,122,602,6-4 6-1,3,R32,75,2,3,52,32,23,13,8,3,3,8,3,55,35,25,6,9,8,12
2021-9631,Bari,Hard,32,C,,20211128,5,VA08,,,Andrea Vavassori,R,193,ITA,26.568,281,192,MM66,5,,Nikola Milojevic,R,188,SRB,26.445,136,506,6-1 7-5,3,R32,84,3,2,56,33,26,13,10,2,3,0,2,59,40,23,7,9,4,8
2021-9631,Bari,Hard,32,C,,20211128,6,K839,,,Tobias Kamke,R,178,GER,35.524,250,234,GB53,6,,Federico Gaio,R,178,ITA,29.733,153,441,6-3 6-4,3,R32,72,0,1,58,39,29,9,10,0,1,4,2,53,27,18,11,9,2,5
2021-9631,Bari,Hard,32,C,,20211128,7,F586,,,Thomas Fabbiano,R,173,ITA,32.509,213,295,MJ01,7,,Roberto Marcora,R,193,ITA,32.246,199,322,7-6(8) 6-3,3,R32,105,0,1,67,45,31,16,10,3,4,3,2,85,50,27,24,11,11,14
2021-9631,Bari,Hard,32,C,,20211128,8,MN20,8,,Daniel Masur,R,183,GER,27.061,204,315,A0F3,,,Fabrizio Andaloro,R,185,ITA,20.824,,,6-4 6-4,3,R32,82,2,1,55,38,30,10,10,4,5,2,1,68,41,26,14,10,6,9
2021-9631,Bari,Hard,32,C,,20211128,9,BM03,,,Filippo Baldi,R,180,ITA,25.884,409,96,K09F,,,Pavel Kotov,R,191,RUS,23.028,267,209,6-0 6-4,3,R32,74,1,3,48,27,21,10,8,2,3,1,1,54,36,19,5,8,0,5
2021-9631,Bari,Hard,32,C,,20211128,10,BV24,,,Raul Brancaccio,R,183,ITA,24.569,307,165,P0B2,,,Luca Potenza,R,175,ITA,21.336,589,50,6-2 6-3,3,R32,82,6,5,66,40,30,9,9,3,5,1,2,61,36,17,10,8,7,12
2021-9631,Bari,Hard,32,C,,20211128,11,C0E9,,,Flavio Cobolli,R,183,ITA,19.565,214,295,S0GZ,,,Nikolas Sanchez Izquierdo,R,185,ESP,22.708,315,161,3-6 6-2 6-0,3,R32,101,3,2,77,44,29,20,12,5,8,1,10,68,39,25,9,11,4,10
2021-9631,Bari,Hard,32,C,,20211128,12,D0CO,,,Jack Draper,L,193,GBR,19.934,259,221,MH16,,,Yannick Maden,R,185,GER,32.085,299,172,7-6(5) 6-1,3,R32,104,7,4,65,35,26,14,10,3,6,1,3,72,41,23,12,9,10,15
2021-9631,Bari,Hard,32,C,,20211128,13,F664,,,Sebastian Fanselow,R,,GER,29.914,377,110,S0LA,,,Dominic Stricker,L,183,SUI,19.285,241,247,4-6 6-4 7-5,3,R32,133,3,4,108,63,36,24,16,7,13,6,2,97,62,35,17,16,3,10
2021-9631,Bari,Hard,32,C,,20211128,14,F0A4,,,Francesco Forti,R,188,ITA,22.344,327,148,M0IF,,,Francesco Maestrelli,R,196,ITA,18.938,813,22,6-4 4-6 6-3,3,R32,143,6,4,84,42,32,26,15,2,4,1,8,104,63,43,19,14,7,10
2021-9631,Bari,Hard,32,C,,20211128,15,LB51,,,Julian Lenz,R,188,GER,28.778,317,159,V942,,,Tim van Rijthoven,R,188,NED,24.597,254,231,7-5 5-7 6-4,3,R32,133,1,1,99,65,43,23,17,1,4,7,1,107,77,51,17,17,4,8
2021-9631,Bari,Hard,32,C,,20211128,16,PH64,,,Andrea Pellegrino,R,185,ITA,24.684,218,291,BC65,,,Matthias Bachinger,R,188,GER,34.658,256,229,4-6 6-4 6-4,3,R32,122,6,2,90,52,39,22,15,2,4,3,4,107,64,43,21,15,8,11
2021-9631,Bari,Hard,32,C,,20211128,17,BV24,,,Raul Brancaccio,R,183,ITA,24.569,307,165,TE16,1,,Carlos Taberner,R,183,ESP,24.307,101,745,7-6(6) 6-3,3,R16,113,3,3,63,35,29,17,10,0,0,4,5,82,50,34,16,11,4,6
2021-9631,Bari,Hard,32,C,,20211128,18,O449,3,,Oscar Otte,R,193,GER,28.37,112,668,F664,,,Sebastian Fanselow,R,,GER,29.914,377,110,6-3 6-7(3) 7-5,3,R16,145,11,6,103,62,49,20,17,1,3,3,3,104,63,40,25,16,7,11
2021-9631,Bari,Hard,32,C,,20211128,19,MN20,8,,Daniel Masur,R,183,GER,27.061,204,315,F0A4,,,Francesco Forti,R,188,ITA,22.344,327,148,6-7(7) 7-6(1) 6-3,3,R16,150,4,7,113,71,49,31,16,6,6,12,3,110,72,53,20,17,2,4
2021-9631,Bari,Hard,32,C,,20211128,20,BM03,,,Filippo Baldi,R,180,ITA,25.884,409,96,A622,,,Andrea Arnaboldi,L,180,ITA,33.922,265,211,6-4 3-6 6-3,3,R16,131,2,1,83,49,34,18,14,2,5,0,3,80,52,36,11,14,1,5
2021-9631,Bari,Hard,32,C,,20211128,21,C0E9,,,Flavio Cobolli,R,183,ITA,19.565,214,295,K839,,,Tobias Kamke,R,178,GER,35.524,250,234,7-6(10) 2-6 6-1,3,R16,145,7,4,113,52,34,29,14,16,22,1,6,104,61,35,18,13,4,10
2021-9631,Bari,Hard,32,C,,20211128,22,F586,,,Thomas Fabbiano,R,173,ITA,32.509,213,295,D0CO,,,Jack Draper,L,193,GBR,19.934,259,221,6-4 6-3,3,R16,92,2,3,71,43,29,13,10,6,8,3,7,58,26,16,15,9,4,8
2021-9631,Bari,Hard,32,C,,20211128,23,N0BG,,,Luca Nardi,R,185,ITA,18.313,460,79,LB51,,,Julian Lenz,R,188,GER,28.778,317,159,6-3 6-2,3,R16,64,2,2,52,37,26,9,9,1,2,2,4,54,34,21,8,8,4,8
2021-9631,Bari,Hard,32,C,,20211128,24,VA08,,,Andrea Vavassori,R,193,ITA,26.568,281,192,PH64,,,Andrea Pellegrino,R,185,ITA,24.684,218,291,4-6 7-6(10) 6-2,3,R16,129,4,1,92,52,40,25,15,3,4,4,4,105,72,46,20,15,4,6
2021-9631,Bari,Hard,32,C,,20211128,25,O449,3,,Oscar Otte,R,193,GER,28.37,112,668,C0E9,,,Flavio Cobolli,R,183,ITA,19.565,214,295,6-3 6-3,3,QF,88,6,0,65,37,27,13,9,9,11,3,6,73,35,20,16,9,8,13
2021-9631,Bari,Hard,32,C,,20211128,26,MN20,8,,Daniel Masur,R,183,GER,27.061,204,315,N0BG,,,Luca Nardi,R,185,ITA,18.313,460,79,7-6(5) 6-7(6) 6-4,3,QF,164,5,2,116,75,55,20,17,4,8,8,2,120,79,54,21,17,8,13
2021-9631,Bari,Hard,32,C,,20211128,27,F586,,,Thomas Fabbiano,R,173,ITA,32.509,213,295,BV24,,,Raul Brancaccio,R,183,ITA,24.569,307,165,6-2 5-7 6-2,3,QF,103,1,2,81,49,32,21,14,2,4,2,3,70,43,26,14,14,1,6
2021-9631,Bari,Hard,32,C,,20211128,28,VA08,,,Andrea Vavassori,R,193,ITA,26.568,281,192,BM03,,,Filippo Baldi,R,180,ITA,25.884,409,96,3-6 3-1 RET,3,QF,64,7,0,34,22,15,6,6,1,3,0,0,46,24,15,12,7,5,7
2021-9631,Bari,Hard,32,C,,20211128,29,O449,3,,Oscar Otte,R,193,GER,28.37,112,668,F586,,,Thomas Fabbiano,R,173,ITA,32.509,213,295,6-4 6-4,3,SF,94,8,1,60,36,31,12,10,3,3,1,2,73,49,29,14,10,6,8
2021-9631,Bari,Hard,32,C,,20211128,30,MN20,8,,Daniel Masur,R,183,GER,27.061,204,315,VA08,,,Andrea Vavassori,R,193,ITA,26.568,281,192,7-5 3-6 7-6(5),3,SF,164,2,5,120,79,54,18,17,9,14,6,2,104,54,37,29,16,8,12
2021-9631,Bari,Hard,32,C,,20211128,31,O449,3,,Oscar Otte,R,193,GER,28.37,112,668,MN20,8,,Daniel Masur,R,183,GER,27.061,204,315,7-5 7-5,3,F,78,10,2,59,31,26,16,12,0,2,3,0,67,43,30,9,12,2,6
2021-9633,Brasilia,Clay,32,C,,20211128,1,CE77,1,,Federico Coria,R,180,ARG,29.722,69,906,D0FJ,,,Luciano Darderi,R,183,ITA,19.786,444,82,6-3 7-6(7),3,R32,89,9,2,66,42,31,18,10,1,1,5,1,67,36,23,22,11,1,3
2021-9633,Brasilia,Clay,32,C,,20211128,2,MU94,2,,Jaume Munar,R,183,ESP,24.567,84,812,G892,,,Alejandro Gonzalez,R,191,COL,32.805,422,92,6-2 3-6 6-3,3,R32,120,5,4,73,42,34,14,13,4,7,3,2,79,58,35,7,13,2,7
2021-9633,Brasilia,Clay,32,C,,20211128,3,C0AU,4,,Francisco Cerundolo,R,185,ARG,23.294,115,639,PC09,,,Jose Pereira,R,180,BRA,30.839,680,35,6-2 6-1,3,R32,56,2,4,44,24,20,11,8,2,3,1,2,45,31,15,4,7,3,8
2021-9633,Brasilia,Clay,32,C,,20211128,4,DA31,5,,Hugo Dellien,R,180,BOL,28.452,119,611,J551,,,Nicolas Jarry,R,201,CHI,26.133,160,431,6-3 3-6 7-5,3,R32,132,0,1,81,60,42,10,15,2,5,15,11,99,57,42,17,15,6,10
2021-9633,Brasilia,Clay,32,C,,20211128,5,KC29,,,Nicolas Kicker,R,178,ARG,29.284,236,260,EA24,6,,Tomas Martin Etcheverry,R,196,ARG,22.366,129,568,4-6 7-6(4) 6-4,3,R32,185,3,1,107,63,39,27,16,4,8,5,5,95,64,48,13,16,4,8
2021-9633,Brasilia,Clay,32,C,,20211128,6,SX91,7,,Thiago Seyboth Wild,R,185,BRA,21.719,132,525,D0CG,,,Facundo Diaz Acosta,L,183,ARG,20.953,347,130,7-6(1) 6-3,3,R32,130,3,6,91,42,27,25,11,5,8,3,7,78,34,21,20,10,8,12
2021-9633,Brasilia,Clay,32,C,,20211128,7,LB84,8,,Juan Ignacio Londero,R,180,ARG,28.287,144,475,N830,,,Johan Nikles,R,173,SUI,24.684,354,125,6-4 6-4,3,R32,83,1,2,60,41,33,9,10,1,2,1,6,65,43,25,11,10,2,5
2021-9633,Brasilia,Clay,32,C,,20211128,8,A09U,,,Nicolas Alvarez Varona,R,188,ESP,20.531,361,119,BM05,,,Bogdan Bobrov,R,185,RUS,24.2,454,81,6-3 7-6(3),3,R32,83,9,4,64,41,39,11,11,2,2,8,1,66,30,22,21,10,7,8
2021-9633,Brasilia,Clay,32,C,,20211128,9,CG04,,,Pedro Cachin,R,185,ARG,26.631,258,226,D0AR,,,Mateus Alves,R,193,BRA,20.846,497,69,7-5 7-5,3,R32,119,6,2,71,42,35,17,12,3,3,9,4,84,49,35,17,12,5,7
2021-9633,Brasilia,Clay,32,C,,20211128,10,CG07,,,Hernan Casanova,R,178,ARG,27.808,342,136,H0DU,,,Gustavo Heide,R,191,BRA,19.748,532,61,5-7 6-1 7-5,3,R32,130,0,2,89,56,41,16,16,3,6,5,6,97,48,34,19,15,9,14
2021-9633,Brasilia,Clay,32,C,,20211128,11,FA43,,,Juan Pablo Ficovich,R,188,ARG,24.843,279,193,LF26,,,Orlando Luz,R,180,BRA,23.803,286,184,6-4 3-0 RET,3,R32,71,4,0,35,18,15,9,6,1,2,3,9,59,23,16,13,7,7,11
2021-9633,Brasilia,Clay,32,C,,20211128,12,K0CZ,,,Gilbert Klier Junior,R,183,BRA,21.536,416,94,GB42,,,Alejandro Gomez,R,183,COL,30.292,489,71,6-3 7-6(4),3,R32,,,,,,,,,,,,,,,,,,,
2021-9633,Brasilia,Clay,32,C,,20211128,13,LA54,,,Wilson Leite,R,178,BRA,30.062,637,42,CC66,,,Andrea Collarini,L,183,ARG,29.826,261,218,6-4 6-4,3,R32,103,1,1,61,35,24,16,10,2,4,5,2,71,52,31,7,10,4,8
2021-9633,Brasilia,Clay,32,C,,20211128,14,MW75,,,Felipe Meligeni Alves,R,185,BRA,23.773,180,377,SL94,,,Pedro Sakamoto,R,178,BRA,28.416,334,141,4-6 6-3 2-0 RET,3,R32,100,3,0,87,54,39,12,11,9,12,2,2,59,36,25,9,10,1,5
2021-9633,Brasilia,Clay,32,C,,20211128,15,O660,,,Genaro Alberto Olivieri,R,175,ARG,23.318,349,128,P0DF,,,Matheus Pucinelli De Almeida,R,183,BRA,20.66,270,205,2-6 6-2 6-4,3,R32,131,3,2,89,51,33,23,13,2,4,2,4,83,56,40,11,13,5,8
2021-9633,Brasilia,Clay,32,C,,20211128,16,RH59,,,Santiago Rodriguez Taverna,R,191,ARG,22.371,319,156,LC58,,,Tomas Lipovsek Puches,R,183,ARG,28.616,694,34,6-1 6-0,3,R32,46,3,2,39,21,17,9,7,1,2,0,4,35,27,7,2,6,1,7
2021-9633,Brasilia,Clay,32,C,,20211128,17,CE77,1,,Federico Coria,R,180,ARG,29.722,69,906,LA54,,,Wilson Leite,R,178,BRA,30.062,637,42,6-4 7-6(5),3,R16,116,9,8,87,42,28,27,11,4,5,1,1,76,38,27,20,11,3,5
2021-9633,Brasilia,Clay,32,C,,20211128,18,MU94,2,,Jaume Munar,R,183,ESP,24.567,84,812,RH59,,,Santiago Rodriguez Taverna,R,191,ARG,22.371,319,156,4-6 6-2 6-1,3,R16,119,5,3,94,64,46,15,13,3,4,0,3,66,35,23,17,12,6,10
2021-9633,Brasilia,Clay,32,C,,20211128,19,C0AU,4,,Francisco Cerundolo,R,185,ARG,23.294,115,639,O660,,,Genaro Alberto Olivieri,R,175,ARG,23.318,349,128,5-7 6-3 6-4,3,R16,145,4,6,104,67,48,12,16,9,14,2,4,103,67,42,17,15,4,10
2021-9633,Brasilia,Clay,32,C,,20211128,20,CG07,,,Hernan Casanova,R,178,ARG,27.808,342,136,DA31,5,,Hugo Dellien,R,180,BOL,28.452,119,611,6-4 6-4,3,R16,84,0,0,62,47,32,7,10,2,4,0,1,61,51,32,3,10,5,9
2021-9633,Brasilia,Clay,32,C,,20211128,21,SX91,7,,Thiago Seyboth Wild,R,185,BRA,21.719,132,525,A09U,,,Nicolas Alvarez Varona,R,188,ESP,20.531,361,119,7-6(4) 5-7 4-2 RET,3,R16,159,5,4,100,64,41,23,15,6,8,13,6,90,55,42,18,15,4,6
2021-9633,Brasilia,Clay,32,C,,20211128,22,LB84,8,,Juan Ignacio Londero,R,180,ARG,28.287,144,475,MW75,,,Felipe Meligeni Alves,R,185,BRA,23.773,180,377,6-4 7-6(6),3,R16,105,7,4,79,46,39,16,11,3,3,7,2,73,45,35,12,11,1,2
2021-9633,Brasilia,Clay,32,C,,20211128,23,CG04,,,Pedro Cachin,R,185,ARG,26.631,258,226,K0CZ,,,Gilbert Klier Junior,R,183,BRA,21.536,416,94,3-6 6-3 7-6(5),3,R16,149,8,7,93,56,46,18,15,5,7,4,4,121,82,55,18,15,11,13
2021-9633,Brasilia,Clay,32,C,,20211128,24,KC29,,,Nicolas Kicker,R,178,ARG,29.284,236,260,FA43,,,Juan Pablo Ficovich,R,188,ARG,24.843,279,193,7-6(5) 7-6(6),3,R16,138,1,7,84,48,40,18,12,3,5,9,3,90,49,36,21,12,2,4
2021-9633,Brasilia,Clay,32,C,,20211128,25,CE77,1,,Federico Coria,R,180,ARG,29.722,69,906,LB84,8,,Juan Ignacio Londero,R,180,ARG,28.287,144,475,7-6(10) 6-4,3,QF,126,4,3,89,47,36,24,11,3,3,5,1,81,42,32,20,11,4,5
2021-9633,Brasilia,Clay,32,C,,20211128,26,MU94,2,,Jaume Munar,R,183,ESP,24.567,84,812,SX91,7,,Thiago Seyboth Wild,R,185,BRA,21.719,132,525,6-1 3-6 6-4,3,QF,140,4,7,75,47,33,15,13,2,4,1,10,88,47,31,19,13,8,12
2021-9633,Brasilia,Clay,32,C,,20211128,27,C0AU,4,,Francisco Cerundolo,R,185,ARG,23.294,115,639,CG07,,,Hernan Casanova,R,178,ARG,27.808,342,136,7-6(3) 6-4,3,QF,107,1,6,84,52,33,15,11,6,9,0,2,62,38,20,13,11,0,4
2021-9633,Brasilia,Clay,32,C,,20211128,28,CG04,,,Pedro Cachin,R,185,ARG,26.631,258,226,KC29,,,Nicolas Kicker,R,178,ARG,29.284,236,260,7-6(3) 6-4,3,QF,116,4,5,77,44,28,17,11,5,9,1,6,73,45,26,13,11,8,13
2021-9633,Brasilia,Clay,32,C,,20211128,29,CE77,1,,Federico Coria,R,180,ARG,29.722,69,906,C0AU,4,,Francisco Cerundolo,R,185,ARG,23.294,115,639,6-1 2-1 RET,3,SF,39,3,2,30,19,12,7,5,1,2,0,2,29,22,8,2,5,0,4
2021-9633,Brasilia,Clay,32,C,,20211128,30,MU94,2,,Jaume Munar,R,183,ESP,24.567,84,812,CG04,,,Pedro Cachin,R,185,ARG,26.631,258,226,6-3 6-7(2) 6-3,3,SF,175,3,2,127,86,55,18,16,12,15,4,3,103,61,41,18,14,5,10
2021-9633,Brasilia,Clay,32,C,,20211128,31,CE77,1,,Federico Coria,R,180,ARG,29.722,69,906,MU94,2,,Jaume Munar,R,183,ESP,24.567,84,812,7-5 6-3,3,F,126,2,4,74,45,27,13,10,5,8,1,5,81,44,25,15,11,8,14
2021-9635,Manama,Hard,32,C,,20211128,1,I306,2,,Cem Ilkel,R,185,TUR,26.272,145,468,KI48,,,Ergi Kirkin,R,180,TUR,22.836,308,164,6-4 6-2,3,R32,105,1,3,67,41,30,15,9,2,2,4,1,71,37,25,14,9,6,9
2021-9635,Manama,Hard,32,C,,20211128,2,LI39,,,Alexandar Lazarov,R,191,BUL,24.06,462,79,CH05,3,,Altug Celikbilek,R,183,TUR,25.224,164,424,6-2 6-3,3,R32,63,5,2,47,34,30,5,9,1,2,4,9,62,27,17,14,8,5,9
2021-9635,Manama,Hard,32,C,,20211128,3,PH78,,,Ryan Peniston,L,180,GBR,26.051,292,180,O483,4,,Christopher O'Connell,R,183,AUS,27.488,175,388,6-7(5) 6-3 7-6(4),3,R32,187,6,4,119,96,55,14,16,8,13,7,5,132,86,49,22,17,9,16
2021-9635,Manama,Hard,32,C,,20211128,4,E0AA,,,Yanki Erel,L,178,TUR,21.175,537,61,GA94,5,,Prajnesh Gunneswaran,L,188,IND,32.044,215,293,6-3 6-3,3,R32,64,1,0,60,46,33,9,9,3,3,5,2,48,31,22,6,9,0,3
2021-9635,Manama,Hard,32,C,,20211128,5,RB56,6,,Ramkumar Ramanathan,R,188,IND,27.055,222,288,O659,,,Vladyslav Orlov,R,188,UKR,26.535,429,89,6-2 6-4,3,R32,75,9,4,54,36,30,10,9,4,4,3,1,55,36,20,11,9,3,6
2021-9635,Manama,Hard,32,C,,20211128,6,CI14,7,,Jay Clarke,R,183,GBR,23.34,231,268,AD24,,,Hasan Abdulnabi,,,BRN,32.791,1730,1,6-0 6-0,3,R32,43,2,2,31,14,13,12,6,2,2,0,4,35,17,5,5,6,3,9
2021-9635,Manama,Hard,32,C,,20211128,7,KD87,,,Evgeny Karlovskiy,R,191,RUS,27.31,302,171,BE67,8,,Mirza Basic,R,188,BIH,30.382,233,265,6-2 6-3,3,R32,87,4,3,77,54,39,11,9,8,8,4,0,51,34,22,8,8,5,8
2021-9635,Manama,Hard,32,C,,20211128,8,A0CJ,,,Duje Ajdukovic,R,188,CRO,20.81,247,237,MP13,,,Mukund Sasikumar,R,185,IND,24.871,415,95,6-4 6-4,3,R32,97,4,2,70,40,30,14,10,4,6,3,1,58,27,19,15,10,2,6
2021-9635,Manama,Hard,32,C,,20211128,9,BU54,,,Geoffrey Blancaneaux,R,180,FRA,23.307,280,193,M09M,,,Ivan Marrero Curbelo,R,180,ESP,23.17,2128,1,6-3 6-2,3,R32,92,2,3,55,40,29,11,9,3,3,0,0,53,34,20,10,8,2,5
2021-9635,Manama,Hard,32,C,,20211128,10,BT72,,,Nuno Borges,R,185,POR,24.772,262,217,J09X,,,Filip Cristian Jianu,R,180,ROU,20.194,333,143,6-3 7-6(6),3,R32,105,8,0,78,42,35,18,11,6,7,3,3,72,38,29,15,10,6,8
2021-9635,Manama,Hard,32,C,,20211128,11,E768,,,Antoine Escoffier,R,185,FRA,29.747,314,161,N663,,,Maximilian Neuchrist,R,,AUT,30.355,514,66,6-3 6-4,3,R32,88,5,2,54,35,28,14,10,1,1,1,1,62,41,24,13,9,4,6
2021-9635,Manama,Hard,32,C,,20211128,12,F840,,,Nerman Fatic,R,191,BIH,27.097,310,162,MO55,,,Lucas Miedler,R,183,AUT,25.437,294,179,6-3 6-3,3,R32,80,3,3,55,36,28,11,9,2,2,1,3,50,37,23,7,9,0,3
2021-9635,Manama,Hard,32,C,,20211128,13,HB31,,,Johannes Haerteis,L,196,GER,25.766,463,78,E928,,,Alexander Erler,R,193,AUT,24.088,339,138,6-3 6-4,3,R32,74,2,1,53,34,26,12,10,0,1,3,2,62,49,26,9,9,6,9
2021-9635,Manama,Hard,32,C,,20211128,14,MI01,,,Hiroki Moriya,R,168,JPN,31.118,289,182,V0AM,,,Otto Virtanen,R,193,FIN,20.438,388,107,6-3 6-2,3,R32,92,1,2,73,40,23,22,9,5,6,5,2,55,30,19,9,8,2,6
2021-9635,Manama,Hard,32,C,,20211128,15,O482,,,Gonzalo Oliveira,L,185,VEN,26.779,288,183,G09C,,,Marek Gengel,R,185,CZE,26.198,434,88,6-4 6-4,3,R32,84,1,0,58,35,26,16,10,1,1,4,1,51,30,22,12,10,1,3
2021-9635,Manama,Hard,32,C,,20211128,16,V490,,,Matteo Viola,R,185,ITA,34.396,306,167,H09F,,,Yu Hsiou Hsu,R,178,TPE,22.658,358,122,6-4 7-5,3,R32,101,1,2,56,37,28,12,11,4,6,4,3,91,68,44,7,11,9,13
2021-9635,Manama,Hard,32,C,,20211128,17,BT72,,,Nuno Borges,R,185,POR,24.772,262,217,I306,2,,Cem Ilkel,R,185,TUR,26.272,145,468,6-3 6-1,3,R16,61,4,1,42,26,22,10,8,2,3,2,5,47,24,14,9,8,4,9
2021-9635,Manama,Hard,32,C,,20211128,18,RB56,6,,Ramkumar Ramanathan,R,188,IND,27.055,222,288,A0CJ,,,Duje Ajdukovic,R,188,CRO,20.81,247,237,6-2 6-4,3,R16,76,8,5,67,45,32,10,9,7,8,4,3,49,25,18,10,9,1,5
2021-9635,Manama,Hard,32,C,,20211128,19,CI14,7,,Jay Clarke,R,183,GBR,23.34,231,268,V490,,,Matteo Viola,R,185,ITA,34.396,306,167,6-2 6-1,3,R16,73,3,0,46,25,18,14,7,3,3,0,4,69,45,23,10,8,8,13
2021-9635,Manama,Hard,32,C,,20211128,20,E0AA,,,Yanki Erel,L,178,TUR,21.175,537,61,MI01,,,Hiroki Moriya,R,168,JPN,31.118,289,182,6-3 5-7 6-2,3,R16,151,13,4,112,77,50,16,15,8,12,0,3,86,58,37,12,14,3,9
2021-9635,Manama,Hard,32,C,,20211128,21,KD87,,,Evgeny Karlovskiy,R,191,RUS,27.31,302,171,HB31,,,Johannes Haerteis,L,196,GER,25.766,463,78,6-3 6-1,3,R16,63,5,0,39,27,22,10,8,0,0,1,2,48,25,15,8,8,5,9
2021-9635,Manama,Hard,32,C,,20211128,22,LI39,,,Alexandar Lazarov,R,191,BUL,24.06,462,79,F840,,,Nerman Fatic,R,191,BIH,27.097,310,162,6-3 7-6(3),3,R16,99,3,1,69,44,30,11,11,5,8,2,2,64,39,22,12,10,2,6
2021-9635,Manama,Hard,32,C,,20211128,23,O482,,,Gonzalo Oliveira,L,185,VEN,26.779,288,183,E768,,,Antoine Escoffier,R,185,FRA,29.747,314,161,7-6(5) 3-6 6-4,3,R16,161,9,4,88,53,43,20,15,0,1,14,3,116,64,45,29,16,8,9
2021-9635,Manama,Hard,32,C,,20211128,24,PH78,,,Ryan Peniston,L,180,GBR,26.051,292,180,BU54,,,Geoffrey Blancaneaux,R,180,FRA,23.307,280,193,6-3 6-4,3,R16,106,1,1,50,31,21,8,9,1,4,2,6,71,48,26,7,10,6,12
2021-9635,Manama,Hard,32,C,,20211128,25,RB56,6,,Ramkumar Ramanathan,R,188,IND,27.055,222,288,O482,,,Gonzalo Oliveira,L,185,VEN,26.779,288,183,6-3 4-6 7-5,3,QF,116,13,3,86,51,37,24,16,2,4,4,2,84,52,34,18,15,1,4
2021-9635,Manama,Hard,32,C,,20211128,26,CI14,7,,Jay Clarke,R,183,GBR,23.34,231,268,LI39,,,Alexandar Lazarov,R,191,BUL,24.06,462,79,6-2 1-0 RET,3,QF,57,1,1,40,23,19,6,4,5,5,0,3,32,16,9,7,5,2,5
2021-9635,Manama,Hard,32,C,,20211128,27,E0AA,,,Yanki Erel,L,178,TUR,21.175,537,61,PH78,,,Ryan Peniston,L,180,GBR,26.051,292,180,2-6 6-3 7-5,3,QF,126,1,1,103,88,48,12,15,11,15,6,3,89,61,40,15,14,10,14
2021-9635,Manama,Hard,32,C,,20211128,28,KD87,,,Evgeny Karlovskiy,R,191,RUS,27.31,302,171,BT72,,,Nuno Borges,R,185,POR,24.772,262,217,7-6(5) 6-3,3,QF,102,8,4,69,50,36,13,11,6,7,5,2,80,52,33,14,10,5,7
2021-9635,Manama,Hard,32,C,,20211128,29,RB56,6,,Ramkumar Ramanathan,R,188,IND,27.055,222,288,CI14,7,,Jay Clarke,R,183,GBR,23.34,231,268,5-7 6-3 6-2,3,SF,109,18,3,78,55,43,11,15,1,3,4,0,79,55,35,15,14,2,6
2021-9635,Manama,Hard,32,C,,20211128,30,KD87,,,Evgeny Karlovskiy,R,191,RUS,27.31,302,171,E0AA,,,Yanki Erel,L,178,TUR,21.175,537,61,3-6 7-6(6) 6-3,3,SF,163,4,3,116,78,52,14,14,7,12,3,3,111,75,44,19,16,6,12
2021-9635,Manama,Hard,32,C,,20211128,31,RB56,6,,Ramkumar Ramanathan,R,188,IND,27.055,222,288,KD87,,,Evgeny Karlovskiy,R,191,RUS,27.31,302,171,6-1 6-4,3,F,61,14,1,54,39,30,9,9,1,1,4,1,56,38,21,9,8,3,6
2021-8382,Sao Paulo,Clay,32,C,,20211129,1,DA31,2,,Hugo Dellien,R,180,BOL,28.454,119,611,P0DF,,,Matheus Pucinelli De Almeida,R,183,BRA,20.663,286,187,6-3 7-5,3,R32,87,1,1,64,50,37,10,11,2,2,2,1,53,31,23,12,10,1,3
2021-8382,Sao Paulo,Clay,32,C,,20211129,2,SX91,3,,Thiago Seyboth Wild,R,185,BRA,21.722,131,536,G892,,,Alejandro Gonzalez,R,191,COL,32.808,430,90,6-3 6-4,3,R32,96,3,8,58,31,21,11,9,4,7,5,4,68,46,23,9,10,6,12
2021-8382,Sao Paulo,Clay,32,C,,20211129,3,H0DU,,,Gustavo Heide,R,191,BRA,19.751,532,61,LB84,4,,Juan Ignacio Londero,R,180,ARG,28.29,139,490,6-3 7-5,3,R32,98,13,4,73,36,28,21,10,8,8,0,3,73,51,31,12,11,3,6
2021-8382,Sao Paulo,Clay,32,C,,20211129,4,J551,5,,Nicolas Jarry,R,201,CHI,26.136,160,431,GB42,,,Alejandro Gomez,R,183,COL,30.294,483,74,7-6(1) 6-4,3,R32,97,8,5,62,33,30,19,11,1,1,6,3,80,50,34,15,11,5,6
2021-8382,Sao Paulo,Clay,32,C,,20211129,5,MW75,6,,Felipe Meligeni Alves,R,185,BRA,23.775,209,304,KD70,,,Pedja Krstin,R,183,SRB,27.239,313,162,6-4 RET,3,R32,52,3,1,31,22,17,2,5,0,2,3,4,39,22,14,5,5,3,6
2021-8382,Sao Paulo,Clay,32,C,,20211129,6,A09U,,,Nicolas Alvarez Varona,R,188,ESP,20.534,357,122,KC29,7,,Nicolas Kicker,R,178,ARG,29.287,229,273,7-5 6-3,3,R32,102,10,0,59,35,30,14,11,3,4,3,1,62,40,26,12,10,4,7
2021-8382,Sao Paulo,Clay,32,C,,20211129,7,CG04,8,,Pedro Cachin,R,185,ARG,26.634,239,251,J737,,,Facundo Juarez,R,175,ITA,24.183,385,108,6-3 6-2,3,R32,65,3,0,51,30,19,16,9,2,3,0,4,44,33,18,4,8,1,5
2021-8382,Sao Paulo,Clay,32,C,,20211129,8,CG07,,,Hernan Casanova,R,178,ARG,27.811,329,148,GC17,,,Oscar Jose Gutierrez,R,170,ESP,28.597,470,78,5-7 7-6(5) 6-0,3,R32,169,2,3,103,82,50,14,15,4,7,2,6,108,57,36,23,15,8,13
2021-8382,Sao Paulo,Clay,32,C,,20211129,9,CC66,,,Andrea Collarini,L,183,ARG,29.829,264,218,O660,,,Genaro Alberto Olivieri,R,175,ARG,23.321,343,134,6-2 7-6(5),3,R32,101,1,3,65,45,32,12,10,1,2,4,1,65,35,27,12,10,1,4
2021-8382,Sao Paulo,Clay,32,C,,20211129,10,D0FJ,,,Luciano Darderi,R,183,ITA,19.789,443,86,D0AR,,,Mateus Alves,R,193,BRA,20.849,585,51,6-1 6-1,3,R32,64,7,2,47,17,12,21,7,0,0,3,3,45,24,13,6,7,2,7
2021-8382,Sao Paulo,Clay,32,C,,20211129,11,D0CG,,,Facundo Diaz Acosta,L,183,ARG,20.956,349,128,V821,,,Gonzalo Villanueva,R,175,ARG,26.877,460,81,7-5 6-1,3,R32,85,6,2,58,30,25,15,10,1,2,2,1,61,34,22,11,9,6,10
2021-8382,Sao Paulo,Clay,32,C,,20211129,12,SG56,,,Daniel Dutra da Silva,L,,BRA,33.402,401,100,LF26,,,Orlando Luz,R,180,BRA,23.806,292,180,6-3 7-6(4),3,R32,89,14,4,72,38,31,17,11,4,6,6,8,62,34,25,11,10,2,5
2021-8382,Sao Paulo,Clay,32,C,,20211129,13,FA43,,,Juan Pablo Ficovich,R,188,ARG,24.846,285,189,CF88,,,Roberto Cid Subervi,R,193,DOM,28.249,296,176,5-7 6-4 6-0,3,R32,150,4,3,90,44,32,22,14,3,7,1,5,88,42,21,22,14,6,13
2021-8382,Sao Paulo,Clay,32,C,,20211129,14,RD48,,,Igor Marcondes,L,185,BRA,24.454,573,53,Z366,,,Matias Zukas,R,183,ARG,25.572,442,87,6-1 6-1,3,R32,64,3,1,43,24,18,12,7,1,1,0,0,47,25,14,6,7,4,9
2021-8382,Sao Paulo,Clay,32,C,,20211129,15,N830,,,Johan Nikles,R,173,SUI,24.687,353,125,U120,,,Kaichi Uchida,R,180,JPN,27.269,320,158,6-7(4) 7-6(3) 6-0,3,R32,136,2,3,127,86,54,18,15,12,16,2,4,95,56,32,18,15,1,8
2021-8382,Sao Paulo,Clay,32,C,,20211129,16,SL94,,,Pedro Sakamoto,R,178,BRA,28.419,369,114,K0CZ,,,Gilbert Klier Junior,R,183,BRA,21.539,410,97,2-6 7-5 7-5,3,R32,136,3,6,94,68,47,12,16,6,10,5,3,98,63,40,19,16,2,6
2021-8382,Sao Paulo,Clay,32,C,,20211129,17,DA31,2,,Hugo Dellien,R,180,BOL,28.454,119,611,SG56,,,Daniel Dutra da Silva,L,,BRA,33.402,401,100,4-6 6-1 6-3,3,R16,126,1,1,79,62,43,12,13,3,4,3,4,82,42,30,16,13,8,12
2021-8382,Sao Paulo,Clay,32,C,,20211129,18,D0CG,,,Facundo Diaz Acosta,L,183,ARG,20.956,349,128,SX91,3,,Thiago Seyboth Wild,R,185,BRA,21.722,131,536,6-3 7-5,3,R16,86,1,3,54,32,25,14,11,0,2,1,7,66,41,25,11,10,4,8
2021-8382,Sao Paulo,Clay,32,C,,20211129,19,J551,5,,Nicolas Jarry,R,201,CHI,26.136,160,431,SL94,,,Pedro Sakamoto,R,178,BRA,28.419,369,114,6-3 6-4,3,R16,76,8,2,55,36,31,11,10,1,1,3,0,55,36,27,7,9,2,4
2021-8382,Sao Paulo,Clay,32,C,,20211129,20,MW75,6,,Felipe Meligeni Alves,R,185,BRA,23.775,209,304,N830,,,Johan Nikles,R,173,SUI,24.687,353,125,6-7(5) 6-2 6-1,3,R16,137,2,2,114,79,44,19,13,12,16,1,4,83,52,25,12,14,3,12
2021-8382,Sao Paulo,Clay,32,C,,20211129,21,FA43,,,Juan Pablo Ficovich,R,188,ARG,24.846,285,189,CG04,8,,Pedro Cachin,R,185,ARG,26.634,239,251,7-5 6-2,3,R16,82,5,3,59,28,23,20,10,0,0,2,4,56,30,22,12,10,4,7
2021-8382,Sao Paulo,Clay,32,C,,20211129,22,CC66,,,Andrea Collarini,L,183,ARG,29.829,264,218,CG07,,,Hernan Casanova,R,178,ARG,27.811,329,148,4-1 RET,3,R16,23,2,1,14,11,10,2,3,0,0,0,0,14,10,4,1,2,0,1
2021-8382,Sao Paulo,Clay,32,C,,20211129,23,D0FJ,,,Luciano Darderi,R,183,ITA,19.789,443,86,A09U,,,Nicolas Alvarez Varona,R,188,ESP,20.534,357,122,6-4 6-1,3,R16,78,2,2,65,28,23,21,9,9,9,3,0,40,22,16,9,8,2,5
2021-8382,Sao Paulo,Clay,32,C,,20211129,24,H0DU,,,Gustavo Heide,R,191,BRA,19.751,532,61,RD48,,,Igor Marcondes,L,185,BRA,24.454,573,53,4-6 6-4 6-3,3,R16,130,6,5,84,46,37,20,14,7,9,2,3,93,68,45,11,15,5,9
2021-8382,Sao Paulo,Clay,32,C,,20211129,25,J551,5,,Nicolas Jarry,R,201,CHI,26.136,160,431,DA31,2,,Hugo Dellien,R,180,BOL,28.454,119,611,7-6(3) 7-6(5),3,QF,126,14,7,101,57,43,28,12,4,4,2,1,75,55,42,14,12,0,0
2021-8382,Sao Paulo,Clay,32,C,,20211129,26,MW75,6,,Felipe Meligeni Alves,R,185,BRA,23.775,209,304,CC66,,,Andrea Collarini,L,183,ARG,29.829,264,218,6-4 4-6 6-3,3,QF,126,1,3,85,61,43,13,15,3,6,1,3,85,60,37,15,14,11,15
2021-8382,Sao Paulo,Clay,32,C,,20211129,27,D0FJ,,,Luciano Darderi,R,183,ITA,19.789,443,86,D0CG,,,Facundo Diaz Acosta,L,183,ARG,20.956,349,128,6-3 6-4,3,QF,75,2,2,54,27,21,19,10,0,0,2,4,49,25,23,9,9,3,5
2021-8382,Sao Paulo,Clay,32,C,,20211129,28,FA43,,,Juan Pablo Ficovich,R,188,ARG,24.846,285,189,H0DU,,,Gustavo Heide,R,191,BRA,19.751,532,61,6-3 6-0,3,QF,68,4,1,55,35,26,10,8,5,6,2,3,46,23,10,10,7,3,8
2021-8382,Sao Paulo,Clay,32,C,,20211129,29,FA43,,,Juan Pablo Ficovich,R,188,ARG,24.846,285,189,J551,5,,Nicolas Jarry,R,201,CHI,26.136,160,431,6-2 7-6(5),3,SF,95,4,4,67,35,26,19,10,3,4,6,3,69,51,31,9,10,2,5
2021-8382,Sao Paulo,Clay,32,C,,20211129,30,D0FJ,,,Luciano Darderi,R,183,ITA,19.789,443,86,MW75,6,,Felipe Meligeni Alves,R,185,BRA,23.775,209,304,W/O,3,SF,0,,,,,,,,,,,,,,,,,,
2021-8382,Sao Paulo,Clay,32,C,,20211129,31,FA43,,,Juan Pablo Ficovich,R,188,ARG,24.846,285,189,D0FJ,,,Luciano Darderi,R,183,ITA,19.789,443,86,6-3 7-5,3,F,113,8,2,68,46,34,11,10,6,7,4,4,95,33,24,27,11,10,14
2021-8312,Maia,Clay,32,C,,20211212,1,MF35,1,,Andrej Martin,R,183,SVK,32.227,120,604,S0CG,,,Carlos Sanchez Jover,L,173,ESP,21.394,473,76,6-3 6-0,3,R32,57,2,0,37,21,13,13,7,0,1,1,1,49,33,15,5,8,5,11
2021-8312,Maia,Clay,32,C,,20211212,2,CG33,2,,Kimmer Coppejans,R,178,BEL,27.844,207,305,J0A4,,,Paul Jubb,R,180,GBR,22.116,339,138,6-1 6-1,3,R32,80,0,2,62,45,30,8,7,5,5,0,3,47,27,10,10,7,3,8
2021-8312,Maia,Clay,32,C,,20211212,3,E698,3,,Gastao Elias,R,180,POR,31.05,227,278,E830,,,Eduard Esteve Lobato,R,188,ESP,27.233,324,153,6-4 6-2,3,R32,75,2,1,49,30,23,14,9,1,2,0,3,58,42,26,6,9,7,11
2021-8312,Maia,Clay,32,C,,20211212,4,D985,4,,Joao Domingues,R,,POR,28.186,248,244,PL53,,,Matthieu Perchicot,R,185,FRA,29.29,436,88,2-6 7-6(2) 6-1,3,R32,125,1,2,92,74,43,7,13,8,14,1,5,83,51,32,9,14,8,15
2021-8312,Maia,Clay,32,C,,20211212,5,BT72,5,,Nuno Borges,R,185,POR,24.81,228,277,E811,,,Elmar Ejupovic,R,193,GER,28.86,434,88,1-6 6-3 6-4,3,R32,119,3,0,65,38,32,16,13,1,3,3,2,82,53,39,16,13,2,4
2021-8312,Maia,Clay,32,C,,20211212,6,T0AP,6,,Chun-Hsin Tseng,R,175,TPE,20.345,256,230,M0ES,,,Oscar Moraing,R,183,GER,21.766,768,26,6-4 6-1,3,R32,77,1,1,59,31,22,14,8,6,8,2,4,59,42,21,6,9,3,9
2021-8312,Maia,Clay,32,C,,20211212,7,RB60,,,Oriol Roca Batalla,R,175,ESP,28.619,394,104,D916,7,,Steven Diez,R,175,CAN,30.741,270,211,6-4 6-1,3,R32,104,1,0,61,33,23,12,9,4,6,0,2,57,33,14,12,8,4,9
2021-8312,Maia,Clay,32,C,,20211212,8,BU54,8,,Geoffrey Blancaneaux,R,180,FRA,23.346,283,196,S0GZ,,,Nikolas Sanchez Izquierdo,R,185,ESP,22.746,314,160,6-3 3-6 6-2,3,R32,132,0,3,82,52,33,17,13,4,7,1,3,86,51,30,18,13,7,12
2021-8312,Maia,Clay,32,C,,20211212,9,BT68,,,Elliot Benchetrit,R,193,MAR,23.195,400,101,B0AM,,,Lorenzo Bocchi,R,180,ITA,24.036,710,33,6-4 0-6 7-6(3),3,R32,127,8,4,87,51,40,16,14,4,7,6,2,93,58,37,24,14,5,6
2021-8312,Maia,Clay,32,C,,20211212,10,CN88,,,Tiago Cacao,R,185,PRT,23.786,487,73,PI95,,,David Pichler,R,178,AUT,25.812,508,68,2-6 6-1 6-4,3,R32,114,1,1,78,53,39,12,13,2,5,4,2,82,50,30,17,12,2,6
2021-8312,Maia,Clay,32,C,,20211212,11,D0CN,,,Miguel Damas,R,208,ESP,21.977,763,27,CG32,,,Julien Cagnina,R,183,BEL,27.524,824,21,0-6 7-6(5) 6-4,3,R32,140,1,2,88,61,40,14,14,1,4,8,7,93,45,36,26,14,1,2
2021-8312,Maia,Clay,32,C,,20211212,12,DF88,,,Aziz Dougaz,L,188,TUN,24.715,342,137,GE28,,,Ivan Gakhov,L,191,RUS,25.103,468,78,6-1 6-4,3,R32,67,1,2,56,33,24,16,9,2,2,4,3,47,30,17,9,8,2,5
2021-8312,Maia,Clay,32,C,,20211212,13,HB48,,,Calvin Hemery,R,191,FRA,26.872,370,115,A0ES,,,Pedro Araujo,R,183,PRT,19.715,725,31,6-3 6-1,3,R32,71,5,0,57,36,26,11,8,4,5,0,1,42,30,15,2,8,1,6
2021-8312,Maia,Clay,32,C,,20211212,14,I0A7,,,Nicholas David Ionel,R,,ROU,19.168,435,88,VA15,,,Duarte Vale,R,183,PRT,22.919,748,29,6-7(1) 6-3 6-2,3,R32,153,5,2,100,63,45,19,15,5,7,2,0,89,56,35,19,14,6,11
2021-8312,Maia,Clay,32,C,,20211212,15,O482,,,Gonzalo Oliveira,L,185,VEN,26.817,284,194,HB35,,,Maxime Hamou,R,185,FRA,26.513,538,61,6-2 6-2,3,R32,62,5,5,44,22,20,13,8,0,0,3,1,44,25,14,7,8,3,7
2021-8312,Maia,Clay,32,C,,20211212,16,WB25,,,Louis Wessels,R,198,GER,23.294,380,110,RE27,,,Simone Roncalli,R,175,ITA,25.596,586,51,7-5 3-6 6-3,3,R32,164,6,1,98,71,45,13,15,7,11,2,4,104,64,42,19,15,9,14
2021-8312,Maia,Clay,32,C,,20211212,17,MF35,1,,Andrej Martin,R,183,SVK,32.227,120,604,BT68,,,Elliot Benchetrit,R,193,MAR,23.195,400,101,6-2 7-6(0),3,R16,99,4,2,59,34,26,14,10,3,5,4,3,83,51,27,15,10,13,17
2021-8312,Maia,Clay,32,C,,20211212,18,CG33,2,,Kimmer Coppejans,R,178,BEL,27.844,207,305,D0CN,,,Miguel Damas,R,208,ESP,21.977,763,27,6-2 6-1,3,R16,69,1,0,44,34,25,8,7,5,5,0,2,53,33,19,6,8,4,9
2021-8312,Maia,Clay,32,C,,20211212,19,E698,3,,Gastao Elias,R,180,POR,31.05,227,278,CN88,,,Tiago Cacao,R,185,PRT,23.786,487,73,6-2 2-6 6-3,3,R16,125,0,1,77,52,34,16,12,5,7,0,4,89,74,47,6,13,8,12
2021-8312,Maia,Clay,32,C,,20211212,20,HB48,,,Calvin Hemery,R,191,FRA,26.872,370,115,D985,4,,Joao Domingues,R,,POR,28.186,248,244,6-3 6-7(5) 6-3,3,R16,152,7,2,101,63,48,19,16,3,6,0,0,95,65,43,12,14,5,10
2021-8312,Maia,Clay,32,C,,20211212,21,BT72,5,,Nuno Borges,R,185,POR,24.81,228,277,DF88,,,Aziz Dougaz,L,188,TUN,24.715,342,137,7-5 6-1,3,R16,71,1,0,49,34,28,7,9,0,1,4,2,62,32,19,13,10,6,11
2021-8312,Maia,Clay,32,C,,20211212,22,T0AP,6,,Chun-Hsin Tseng,R,175,TPE,20.345,256,230,I0A7,,,Nicholas David Ionel,R,,ROU,19.168,435,88,6-3 6-4,3,R16,81,2,1,60,33,24,13,10,3,5,0,1,58,41,24,7,9,6,10
2021-8312,Maia,Clay,32,C,,20211212,23,BU54,8,,Geoffrey Blancaneaux,R,180,FRA,23.346,283,196,O482,,,Gonzalo Oliveira,L,185,VEN,26.817,284,194,2-6 6-3 6-4,3,R16,136,4,5,94,66,44,14,14,9,12,1,1,75,47,33,16,13,4,7
2021-8312,Maia,Clay,32,C,,20211212,24,WB25,,,Louis Wessels,R,198,GER,23.294,380,110,RB60,,,Oriol Roca Batalla,R,175,ESP,28.619,394,104,3-6 6-2 6-2,3,R16,143,3,1,75,58,39,9,12,8,10,0,3,96,59,35,19,13,10,15
2021-8312,Maia,Clay,32,C,,20211212,25,MF35,1,,Andrej Martin,R,183,SVK,32.227,120,604,WB25,,,Louis Wessels,R,198,GER,23.294,380,110,6-2 5-7 6-4,3,QF,140,2,0,92,55,42,19,15,3,5,2,2,100,68,45,14,15,5,9
2021-8312,Maia,Clay,32,C,,20211212,26,BT72,5,,Nuno Borges,R,185,POR,24.81,228,277,CG33,2,,Kimmer Coppejans,R,178,BEL,27.844,207,305,6-4 7-6(4),3,QF,96,5,0,65,45,33,13,11,0,1,2,1,70,51,37,9,11,3,5
2021-8312,Maia,Clay,32,C,,20211212,27,BU54,8,,Geoffrey Blancaneaux,R,180,FRA,23.346,283,196,E698,3,,Gastao Elias,R,180,POR,31.05,227,278,W/O,3,QF,,,,,,,,,,,,,,,,,,,
2021-8312,Maia,Clay,32,C,,20211212,28,T0AP,6,,Chun-Hsin Tseng,R,175,TPE,20.345,256,230,HB48,,,Calvin Hemery,R,191,FRA,26.872,370,115,6-4 6-1,3,QF,83,0,1,47,26,17,10,8,2,4,0,3,52,36,20,3,9,5,11
2021-8312,Maia,Clay,32,C,,20211212,29,T0AP,6,,Chun-Hsin Tseng,R,175,TPE,20.345,256,230,MF35,1,,Andrej Martin,R,183,SVK,32.227,120,604,6-4 7-5,3,SF,83,0,3,53,34,21,7,11,1,6,1,4,59,37,21,7,11,4,11
2021-8312,Maia,Clay,32,C,,20211212,30,BU54,8,,Geoffrey Blancaneaux,R,180,FRA,23.346,283,196,BT72,5,,Nuno Borges,R,185,POR,24.81,228,277,7-6(3) 6-0,3,SF,91,1,0,61,48,28,10,9,4,6,2,0,61,39,23,9,9,0,5
2021-8312,Maia,Clay,32,C,,20211212,31,BU54,8,,Geoffrey Blancaneaux,R,180,FRA,23.346,283,196,T0AP,6,,Chun-Hsin Tseng,R,175,TPE,20.345,256,230,3-6 6-3 6-2,3,F,144,1,1,75,56,37,6,13,1,5,1,3,89,44,22,24,13,7,13
2021-9651,Florianopolis,Clay,32,C,,20211212,1,C882,1,,Pablo Cuevas,R,180,URU,35.945,98,765,A09U,,,Nicolas Alvarez Varona,R,188,ESP,20.569,365,118,7-6(3) 6-2,3,R32,109,3,5,80,44,34,20,10,7,8,6,0,76,55,35,9,10,3,6
2021-9651,Florianopolis,Clay,32,C,,20211212,2,DA31,2,,Hugo Dellien,R,180,BOL,28.49,119,616,Z239,,,Federico Zeballos,R,185,BOL,33.536,626,44,7-6(0) 6-2,3,R32,92,2,2,63,52,38,6,10,5,6,8,4,69,37,28,10,10,6,9
2021-9651,Florianopolis,Clay,32,C,,20211212,3,P0DF,,,Matheus Pucinelli De Almeida,R,183,BRA,20.698,286,187,SX91,3,,Thiago Seyboth Wild,R,185,BRA,21.758,131,539,6-4 6-2,3,R32,82,3,1,51,41,30,5,9,1,2,3,1,58,35,22,10,9,3,7
2021-9651,Florianopolis,Clay,32,C,,20211212,4,LB84,4,,Juan Ignacio Londero,R,180,ARG,28.326,140,490,H0DU,,,Gustavo Heide,R,191,BRA,19.786,472,76,7-5 7-5,3,R32,100,5,0,64,40,31,13,12,2,4,5,4,73,33,24,17,12,5,9
2021-9651,Florianopolis,Clay,32,C,,20211212,5,KC29,5,,Nicolas Kicker,R,178,ARG,29.322,230,273,D0FJ,,,Luciano Darderi,R,183,ITA,19.825,341,137,7-5 6-4,3,R32,105,4,3,66,40,27,13,11,5,8,1,2,63,34,16,14,11,3,8
2021-9651,Florianopolis,Clay,32,C,,20211212,6,J737,,,Facundo Juarez,R,175,ITA,24.219,396,104,CG04,6,,Pedro Cachin,R,185,ARG,26.669,241,254,7-5 6-4,3,R32,90,0,3,69,57,37,6,11,5,7,3,1,63,38,25,11,11,3,7
2021-9651,Florianopolis,Clay,32,C,,20211212,7,RD48,,,Igor Marcondes,L,185,BRA,24.49,524,64,CC66,7,,Andrea Collarini,L,183,ARG,29.864,259,229,6-3 6-3,3,R32,80,1,2,48,31,21,11,9,1,3,1,3,57,39,21,8,9,7,12
2021-9651,Florianopolis,Clay,32,C,,20211212,8,BC76,,,Nicolas Barrientos,R,175,COL,34.637,550,58,FA43,8,,Juan Pablo Ficovich,R,188,ARG,24.882,232,267,6-3 6-0,3,R32,65,1,2,46,28,22,10,7,7,7,2,1,51,29,11,9,8,5,10
2021-9651,Florianopolis,Clay,32,C,,20211212,9,CG07,,,Hernan Casanova,R,178,ARG,27.847,327,152,KD70,,,Pedja Krstin,R,183,SRB,27.274,311,162,5-7 6-1 6-2,3,R32,109,4,2,78,54,38,15,14,4,7,3,5,91,42,27,20,13,2,8
2021-9651,Florianopolis,Clay,32,C,,20211212,10,D0CG,,,Facundo Diaz Acosta,L,183,ARG,20.991,336,141,U120,,,Kaichi Uchida,R,180,JPN,27.305,316,158,6-4 6-3,3,R32,94,6,5,62,37,29,15,10,1,1,0,1,68,44,28,12,9,6,8
2021-9651,Florianopolis,Clay,32,C,,20211212,11,SG56,,,Daniel Dutra da Silva,L,,BRA,33.437,391,106,LA54,,,Wilson Leite,R,178,BRA,30.1,620,45,6-3 6-4,3,R32,103,2,8,68,29,22,14,10,3,7,0,0,55,27,15,12,9,2,8
2021-9651,Florianopolis,Clay,32,C,,20211212,12,LF26,,,Orlando Luz,R,180,BRA,23.841,300,175,CF88,,,Roberto Cid Subervi,R,193,DOM,28.285,296,176,6-4 6-7(7) 6-3,3,R32,169,3,5,110,67,41,22,16,6,11,1,9,108,67,38,19,15,4,11
2021-9651,Florianopolis,Clay,32,C,,20211212,13,N830,,,Johan Nikles,R,173,SUI,24.723,349,130,CC32,,,Guilherme Clezar,R,180,BRA,28.947,427,91,6-3 6-7(1) 6-2,3,R32,131,2,5,106,77,50,13,14,7,9,2,2,101,60,37,20,15,8,14
2021-9651,Florianopolis,Clay,32,C,,20211212,14,O660,,,Genaro Alberto Olivieri,R,175,ARG,23.357,346,134,D0AR,,,Mateus Alves,R,193,BRA,20.884,602,48,7-6(5) 6-4,3,R32,135,5,0,71,48,30,12,11,4,7,6,1,88,51,28,19,11,5,9
2021-9651,Florianopolis,Clay,32,C,,20211212,15,V821,,,Gonzalo Villanueva,R,175,ARG,26.913,450,83,B0FI,,,Pedro Boscardin Dias,R,180,BRA,18.872,714,32,4-6 7-5 6-2,3,R32,138,1,1,96,63,36,18,15,9,14,7,0,92,52,33,14,15,8,15
2021-9651,Florianopolis,Clay,32,C,,20211212,16,Z366,,,Matias Zukas,R,183,ARG,25.607,432,89,G892,,,Alejandro Gonzalez,R,191,COL,32.843,429,90,6-1 6-3,3,R32,88,3,0,49,29,19,12,8,2,3,0,6,53,32,17,6,8,2,7
2021-9651,Florianopolis,Clay,32,C,,20211212,17,C882,1,,Pablo Cuevas,R,180,URU,35.945,98,765,Z366,,,Matias Zukas,R,183,ARG,25.607,432,89,6-4 6-7(5) 6-4,3,R16,176,6,4,106,66,46,21,16,2,5,3,2,100,63,41,18,16,7,12
2021-9651,Florianopolis,Clay,32,C,,20211212,18,DA31,2,,Hugo Dellien,R,180,BOL,28.49,119,616,CG07,,,Hernan Casanova,R,178,ARG,27.847,327,152,6-0 6-3,3,R16,79,0,0,64,50,33,7,8,3,4,0,0,45,29,13,6,7,3,8
2021-9651,Florianopolis,Clay,32,C,,20211212,19,LB84,4,,Juan Ignacio Londero,R,180,ARG,28.326,140,490,N830,,,Johan Nikles,R,173,SUI,24.723,349,130,6-1 6-4,3,R16,83,1,2,52,28,21,13,9,3,4,1,3,70,43,25,11,8,6,10
2021-9651,Florianopolis,Clay,32,C,,20211212,20,SG56,,,Daniel Dutra da Silva,L,,BRA,33.437,391,106,KC29,5,,Nicolas Kicker,R,178,ARG,29.322,230,273,2-6 7-5 6-4,3,R16,164,6,5,105,63,40,19,15,6,11,1,5,99,66,39,17,15,4,9
2021-9651,Florianopolis,Clay,32,C,,20211212,21,BC76,,,Nicolas Barrientos,R,175,COL,34.637,550,58,V821,,,Gonzalo Villanueva,R,175,ARG,26.913,450,83,7-6(3) 6-1,3,R16,98,2,0,71,49,33,13,10,4,6,2,3,66,42,27,8,9,4,8
2021-9651,Florianopolis,Clay,32,C,,20211212,22,J737,,,Facundo Juarez,R,175,ITA,24.219,396,104,D0CG,,,Facundo Diaz Acosta,L,183,ARG,20.991,336,141,3-6 7-5 6-2,3,R16,135,0,3,87,67,44,10,14,6,9,4,5,87,41,32,19,15,4,9
2021-9651,Florianopolis,Clay,32,C,,20211212,23,RD48,,,Igor Marcondes,L,185,BRA,24.49,524,64,LF26,,,Orlando Luz,R,180,BRA,23.841,300,175,6-1 6-4,3,R16,80,2,2,61,44,27,13,9,5,6,1,6,56,34,17,10,8,4,8
2021-9651,Florianopolis,Clay,32,C,,20211212,24,O660,,,Genaro Alberto Olivieri,R,175,ARG,23.357,346,134,P0DF,,,Matheus Pucinelli De Almeida,R,183,BRA,20.698,286,187,6-1 7-5,3,R16,103,2,0,74,40,26,21,10,2,4,0,0,63,48,24,7,9,1,6
2021-9651,Florianopolis,Clay,32,C,,20211212,25,RD48,,,Igor Marcondes,L,185,BRA,24.49,524,64,C882,1,,Pablo Cuevas,R,180,URU,35.945,98,765,2-6 4-1 RET,3,QF,86,2,1,40,26,16,6,7,2,5,1,4,67,45,26,9,6,5,7
2021-9651,Florianopolis,Clay,32,C,,20211212,26,DA31,2,,Hugo Dellien,R,180,BOL,28.49,119,616,J737,,,Facundo Juarez,R,175,ITA,24.219,396,104,4-6 6-4 6-1,3,QF,122,0,1,84,69,39,7,14,5,10,1,3,81,66,31,10,13,2,9
2021-9651,Florianopolis,Clay,32,C,,20211212,27,LB84,4,,Juan Ignacio Londero,R,180,ARG,28.326,140,490,SG56,,,Daniel Dutra da Silva,L,,BRA,33.437,391,106,6-4 6-3,3,QF,108,4,4,75,41,28,15,9,3,5,2,1,78,44,23,15,10,8,13
2021-9651,Florianopolis,Clay,32,C,,20211212,28,O660,,,Genaro Alberto Olivieri,R,175,ARG,23.357,346,134,BC76,,,Nicolas Barrientos,R,175,COL,34.637,550,58,6-2 6-4,3,QF,75,2,2,53,24,14,15,9,0,3,1,7,56,40,21,3,9,2,8
2021-9651,Florianopolis,Clay,32,C,,20211212,29,DA31,2,,Hugo Dellien,R,180,BOL,28.49,119,616,O660,,,Genaro Alberto Olivieri,R,175,ARG,23.357,346,134,6-4 2-6 6-3,3,SF,133,0,0,103,92,49,6,14,5,10,2,3,69,44,31,10,13,3,8
2021-9651,Florianopolis,Clay,32,C,,20211212,30,RD48,,,Igor Marcondes,L,185,BRA,24.49,524,64,LB84,4,,Juan Ignacio Londero,R,180,ARG,28.326,140,490,7-6(5) 3-6 6-4,3,SF,144,5,2,91,61,40,15,15,4,7,3,2,99,60,40,23,16,2,5
2021-9651,Florianopolis,Clay,32,C,,20211212,31,RD48,,,Igor Marcondes,L,185,BRA,24.49,524,64,DA31,2,,Hugo Dellien,R,180,BOL,28.49,119,616,6-2 6-4,3,F,80,5,0,59,41,29,8,9,4,6,1,2,57,48,25,1,9,4,9
2021-9655,Rio de  Janeiro,Hard,32,C,,20211219,1,SX91,1,,Thiago Seyboth Wild,R,185,BRA,21.777,131,539,E0CE,,,Lorenzo Esquici,R,183,BRA,18.45,,,6-2 6-0,3,R32,48,0,2,36,23,21,8,7,0,0,2,2,41,26,15,2,7,2,7
2021-9655,Rio de  Janeiro,Hard,32,C,,20211219,2,KC29,2,,Nicolas Kicker,R,178,ARG,29.342,233,274,G892,,,Alejandro Gonzalez,R,191,COL,32.862,433,90,7-5 6-3,3,R32,122,6,2,79,54,33,11,11,3,7,1,3,62,33,19,9,10,2,8
2021-9655,Rio de  Janeiro,Hard,32,C,,20211219,3,GB42,,,Alejandro Gomez,R,183,COL,30.349,511,67,FA43,3,,Juan Pablo Ficovich,R,188,ARG,24.901,236,267,4-6 6-1 6-2,3,R32,109,3,4,78,46,35,20,13,3,4,3,2,82,52,30,17,12,11,15
2021-9655,Rio de  Janeiro,Hard,32,C,,20211219,4,BM05,,,Bogdan Bobrov,R,185,RUS,24.257,489,73,CF88,5,,Roberto Cid Subervi,R,193,DOM,28.304,299,176,6-3 1-0 RET,3,R32,63,6,1,37,25,18,6,5,2,2,0,2,38,23,14,6,5,5,7
2021-9655,Rio de  Janeiro,Hard,32,C,,20211219,5,SG56,,,Daniel Dutra da Silva,L,,BRA,33.457,364,120,LF26,6,,Orlando Luz,R,180,BRA,23.86,296,180,7-6(6) 6-4,3,R32,97,5,3,65,39,32,17,11,0,0,7,6,74,43,32,16,11,1,2
2021-9655,Rio de  Janeiro,Hard,32,C,,20211219,6,D0FJ,,,Luciano Darderi,R,183,ITA,19.844,343,137,KD70,7,,Pedja Krstin,R,183,SRB,27.294,312,162,6-2 7-6(6),3,R32,93,14,3,67,41,34,13,10,0,1,11,6,72,45,33,8,10,4,7
2021-9655,Rio de  Janeiro,Hard,32,C,,20211219,7,U120,8,,Kaichi Uchida,R,180,JPN,27.324,319,158,V821,,,Gonzalo Villanueva,R,175,ARG,26.932,437,88,6-3 6-4,3,R32,61,10,0,45,31,28,12,10,0,0,2,1,49,33,24,8,9,1,3
2021-9655,Rio de  Janeiro,Hard,32,C,,20211219,8,A09U,,,Nicolas Alvarez Varona,R,188,ESP,20.589,371,117,D0CG,,,Facundo Diaz Acosta,L,183,ARG,21.01,337,144,6-3 4-6 6-3,3,R32,122,1,0,88,55,38,21,14,6,8,8,7,84,38,26,23,14,1,5
2021-9655,Rio de  Janeiro,Hard,32,C,,20211219,9,D0AR,,,Mateus Alves,R,193,BRA,20.903,606,48,DB93,,,Matias Franco Descotte,R,191,ARG,27.307,454,82,7-6(3) 6-4,3,R32,125,6,1,68,41,33,18,11,0,0,4,1,83,55,39,12,11,7,8
2021-9655,Rio de  Janeiro,Hard,32,C,,20211219,10,DG53,,,Gabriel Decamps,R,193,BRA,22.368,654,40,BC76,,,Nicolas Barrientos,R,175,COL,34.656,494,71,6-1 6-4,3,R32,78,4,4,50,29,23,12,8,1,1,4,1,57,36,20,11,9,4,8
2021-9655,Rio de  Janeiro,Hard,32,C,,20211219,11,RD48,,,Igor Marcondes,L,185,BRA,24.509,331,148,PC09,,,Jose Pereira,R,180,BRA,30.897,680,37,6-2 5-7 6-4,3,R32,135,11,2,100,61,43,22,15,7,9,3,1,90,63,38,15,15,4,8
2021-9655,Rio de  Janeiro,Hard,32,C,,20211219,12,MO41,,,Rafael Matos,L,183,BRA,25.952,688,36,LA54,,,Wilson Leite,R,178,BRA,30.119,605,48,6-4 0-6 6-2,3,R32,126,1,3,81,60,38,9,12,6,9,3,2,89,56,39,15,12,10,13
2021-9655,Rio de  Janeiro,Hard,32,C,,20211219,13,N830,,,Johan Nikles,R,173,SUI,24.742,349,127,CH80,,,Luca Castelnuovo,L,188,SUI,24.887,722,32,6-2 6-4,3,R32,69,0,1,59,40,28,9,9,6,8,0,4,55,35,19,7,9,2,7
2021-9655,Rio de  Janeiro,Hard,32,C,,20211219,14,O660,,,Genaro Alberto Olivieri,R,175,ARG,23.376,313,162,CC32,,,Guilherme Clezar,R,180,BRA,28.966,431,91,5-7 6-4 6-3,3,R32,119,9,4,81,52,37,16,15,2,5,12,7,92,62,45,11,16,1,6
2021-9655,Rio de  Janeiro,Hard,32,C,,20211219,15,SL94,,,Pedro Sakamoto,R,178,BRA,28.474,367,119,J737,,,Facundo Juarez,R,175,ITA,24.238,373,115,6-4 4-6 6-4,3,R32,138,4,4,101,60,38,19,15,6,11,3,3,90,58,36,13,15,6,12
2021-9655,Rio de  Janeiro,Hard,32,C,,20211219,16,S0DH,,,Roy Smith,L,191,USA,23.266,651,41,Z239,,,Federico Zeballos,R,185,BOL,33.555,631,44,6-4 7-6(4),3,R32,119,9,2,69,43,28,16,11,3,6,0,7,87,55,36,12,11,3,7
2021-9655,Rio de  Janeiro,Hard,32,C,,20211219,17,SX91,1,,Thiago Seyboth Wild,R,185,BRA,21.777,131,539,N830,,,Johan Nikles,R,173,SUI,24.742,349,127,6-1 3-6 7-5,3,R16,138,4,7,91,56,42,15,14,7,10,2,2,93,60,32,19,14,5,10
2021-9655,Rio de  Janeiro,Hard,32,C,,20211219,18,KC29,2,,Nicolas Kicker,R,178,ARG,29.342,233,274,RD48,,,Igor Marcondes,L,185,BRA,24.509,331,148,6-4 6-1,3,R16,84,5,1,47,25,19,14,8,0,0,3,4,57,31,21,8,9,3,7
2021-9655,Rio de  Janeiro,Hard,32,C,,20211219,19,U120,8,,Kaichi Uchida,R,180,JPN,27.324,319,158,O660,,,Genaro Alberto Olivieri,R,175,ARG,23.376,313,162,3-6 6-3 6-1,3,R16,119,6,4,62,35,26,18,12,1,3,4,5,82,44,29,18,13,3,8
2021-9655,Rio de  Janeiro,Hard,32,C,,20211219,20,A09U,,,Nicolas Alvarez Varona,R,188,ESP,20.589,371,117,D0FJ,,,Luciano Darderi,R,183,ITA,19.844,343,137,6-3 6-1,3,R16,73,7,1,51,38,30,7,8,2,2,6,5,52,24,16,12,8,5,9
2021-9655,Rio de  Janeiro,Hard,32,C,,20211219,21,D0AR,,,Mateus Alves,R,193,BRA,20.903,606,48,BM05,,,Bogdan Bobrov,R,185,RUS,24.257,489,73,7-6(4) 3-6 6-3,3,R16,179,4,6,110,63,48,24,15,4,5,8,5,102,66,53,16,15,5,6
2021-9655,Rio de  Janeiro,Hard,32,C,,20211219,22,DG53,,,Gabriel Decamps,R,193,BRA,22.368,654,40,GB42,,,Alejandro Gomez,R,183,COL,30.349,511,67,3-6 6-4 6-1,3,R16,95,5,8,75,45,34,16,13,3,5,11,5,74,43,30,14,13,3,7
2021-9655,Rio de  Janeiro,Hard,32,C,,20211219,23,SG56,,,Daniel Dutra da Silva,L,,BRA,33.457,364,120,MO41,,,Rafael Matos,L,183,BRA,25.952,688,36,6-3 RET,3,R16,27,2,1,22,16,16,4,5,0,0,0,1,28,19,13,4,4,2,3
2021-9655,Rio de  Janeiro,Hard,32,C,,20211219,24,S0DH,,,Roy Smith,L,191,USA,23.266,651,41,SL94,,,Pedro Sakamoto,R,178,BRA,28.474,367,119,6-7(8) 6-4 6-3,3,R16,147,15,2,91,63,52,18,15,5,5,2,4,114,71,48,24,16,0,3
2021-9655,Rio de  Janeiro,Hard,32,C,,20211219,25,U120,8,,Kaichi Uchida,R,180,JPN,27.324,319,158,SX91,1,,Thiago Seyboth Wild,R,185,BRA,21.777,131,539,6-4 6-1,3,QF,73,5,1,47,25,20,14,8,2,2,4,4,62,42,25,8,9,3,7
2021-9655,Rio de  Janeiro,Hard,32,C,,20211219,26,KC29,2,,Nicolas Kicker,R,178,ARG,29.342,233,274,D0AR,,,Mateus Alves,R,193,BRA,20.903,606,48,3-6 7-6(4) 6-4,3,QF,200,2,2,97,62,39,18,15,2,6,5,2,110,64,45,20,16,6,10
2021-9655,Rio de  Janeiro,Hard,32,C,,20211219,27,A09U,,,Nicolas Alvarez Varona,R,188,ESP,20.589,371,117,S0DH,,,Roy Smith,L,191,USA,23.266,651,41,6-4 6-4,3,QF,90,7,1,61,37,30,11,10,2,3,3,3,55,32,23,12,10,0,3
2021-9655,Rio de  Janeiro,Hard,32,C,,20211219,28,DG53,,,Gabriel Decamps,R,193,BRA,22.368,654,40,SG56,,,Daniel Dutra da Silva,L,,BRA,33.457,364,120,6-4 4-6 6-2,3,QF,145,2,4,88,48,33,20,14,6,11,3,11,102,46,30,22,14,7,14
2021-9655,Rio de  Janeiro,Hard,32,C,,20211219,29,A09U,,,Nicolas Alvarez Varona,R,188,ESP,20.589,371,117,KC29,2,,Nicolas Kicker,R,178,ARG,29.342,233,274,6-2 7-5,3,SF,104,4,1,58,38,31,11,10,5,6,1,3,64,45,26,9,10,5,9
2021-9655,Rio de  Janeiro,Hard,32,C,,20211219,30,U120,8,,Kaichi Uchida,R,180,JPN,27.324,319,158,DG53,,,Gabriel Decamps,R,193,BRA,22.368,654,40,6-2 6-3,3,SF,74,0,2,41,15,11,21,8,0,0,4,4,65,32,21,14,9,3,7
2021-9655,Rio de  Janeiro,Hard,32,C,,20211219,31,U120,8,,Kaichi Uchida,R,180,JPN,27.324,319,158,A09U,,,Nicolas Alvarez Varona,R,188,ESP,20.589,371,117,3-6 6-3 7-6(3),3,F,139,10,8,111,67,50,19,15,5,8,12,5,94,52,41,19,15,3,6
